10 13
7 -9 9 11 3 8 4 8 0 -7 3 0 -1 
1 -7 11 5 2 2 3 2 3 -9 12 0 -4 
-6 9 -8 1 2 11 8 12 3 1 -9 6 10 
6 5 6 -12 -8 0 0 -5 12 3 1 12 2 
3 10 10 3 6 5 5 -12 -4 3 8 -4 -4 
-4 -4 8 3 -4 -12 5 5 6 3 10 10 3 
2 12 1 3 12 -5 0 0 -8 -12 6 5 6 
10 6 -9 1 3 12 8 11 2 1 -8 9 -6 
-4 0 12 -9 3 2 3 2 2 5 11 -7 1 
-1 0 3 -7 0 8 4 8 3 11 9 -9 7 
37
8
5 9
6 8
8 12
4 5
2 0
1 7
4 1
8 3
4 3
3 4
1 0
5 7
7 12
8 5
5 11
1 9
6
4 0 11
7 0 16
4 12 14
5 12 11
2 12 16
5 0 14
12
3 2
2 8
7 5
8 11
4 8
3 1
6 10
7 4
2 7
1 1
5 4
6 11
