20 20
-3 5 3 5 0 -8 -5 0 -5 8 4 -5 2 10 6 3 6 2 -7 9 
8 1 10 -5 5 -4 5 5 6 -7 7 7 9 -10 7 4 6 8 10 9 
-3 10 7 1 -9 -5 7 0 6 3 2 4 2 2 -5 7 10 8 3 0 
5 8 10 6 -9 -2 -8 -5 0 5 6 5 0 -1 9 7 6 -3 7 2 
5 4 3 4 -10 -9 10 0 -1 0 8 3 2 4 2 3 -9 1 8 -4 
-10 -4 8 6 2 7 5 8 5 6 8 -3 -7 -5 1 2 6 4 10 2 
10 4 0 7 6 4 10 7 1 6 4 -8 2 8 4 -9 7 4 4 9 
5 10 7 0 1 2 3 1 7 10 8 7 -2 8 1 4 0 4 -3 4 
9 2 -6 -7 8 9 7 -5 8 0 10 3 10 1 -1 -4 0 9 2 4 
5 4 1 1 5 -8 3 -7 0 8 10 8 8 -7 2 1 8 5 0 5 
5 0 5 8 1 2 -7 8 8 10 8 0 -7 3 -8 5 1 1 4 5 
4 2 9 0 -4 -1 1 10 3 10 0 8 -5 7 9 8 -7 -6 2 9 
4 -3 4 0 4 1 8 -2 7 8 10 7 1 3 2 1 0 7 10 5 
9 4 4 7 -9 4 8 2 -8 4 6 1 7 10 4 6 7 0 4 10 
2 10 4 6 2 1 -5 -7 -3 8 6 5 8 5 7 2 6 8 -4 -10 
-4 8 1 -9 3 2 4 2 3 8 0 -1 0 10 -9 -10 4 3 4 5 
2 7 -3 6 7 9 -1 0 5 6 5 0 -5 -8 -2 -9 6 10 8 5 
0 3 8 10 7 -5 2 2 4 2 3 6 0 7 -5 -9 1 7 10 -3 
9 10 8 6 4 7 -10 9 7 7 -7 6 5 5 -4 5 -5 10 1 8 
9 -7 2 6 3 6 10 2 -5 4 8 -5 0 -5 -8 0 5 3 5 -3 
46
8
19 15
5 8
5 18
17 4
9 11
8 4
13 1
4 19
0 4
14 11
14 1
2 15
10 8
11 15
6 18
15 0
20
18 19 16
5 11 16
2 9 14
4 5 12
3 10 11
9 8 9
13 15 14
10 5 12
16 3 9
9 1 8
1 0 16
14 8 16
17 10 14
15 14 12
16 9 11
10 11 9
6 4 14
9 14 12
3 16 9
10 18 8
0
