14 20
3 2 -13 13 11 8 -10 0 1 12 -7 -8 10 2 7 11 7 -5 9 7 
-12 1 7 -9 8 7 10 13 11 5 5 7 -4 -4 13 8 10 -5 13 9 
-5 -3 4 13 2 8 -10 3 3 6 3 5 5 13 7 0 -1 1 -4 -5 
11 -2 -5 2 4 11 10 4 9 5 9 9 10 8 5 2 -6 13 2 -12 
-8 7 0 10 7 -7 13 8 -9 12 11 0 12 4 1 0 -4 -11 -12 9 
4 6 5 12 13 2 11 3 6 9 7 -10 3 5 2 9 8 12 10 11 
8 -7 2 -9 6 12 1 0 -10 0 -12 0 2 11 -9 7 -6 11 12 -11 
-11 12 11 -6 7 -9 11 2 0 -12 0 -10 0 1 12 6 -9 2 -7 8 
11 10 12 8 9 2 5 3 -10 7 9 6 3 11 2 13 12 5 6 4 
9 -12 -11 -4 0 1 4 12 0 11 12 -9 8 13 -7 7 10 0 7 -8 
-12 2 13 -6 2 5 8 10 9 9 5 9 4 10 11 4 2 -5 -2 11 
-5 -4 1 -1 0 7 13 5 5 3 6 3 3 -10 8 2 13 4 -3 -5 
9 13 -5 10 8 13 -4 -4 7 5 5 11 13 10 7 8 -9 7 1 -12 
7 9 -5 7 11 7 2 10 -8 -7 12 1 0 -10 8 11 13 -13 2 3 
38
7
8 12
5 16
10 17
11 17
4 3
6 7
10 13
5 7
8 3
3 2
2 2
9 16
7 12
3 6
16
3 5 11
12 2 14
13 14 16
10 0 13
10 18 12
7 11 8
0 13 14
0 17 14
10 14 11
1 17 14
0 5 16
3 19 13
3 1 12
6 8 8
13 6 14
13 2 14
20
3 18
3 15
2 10
7 19
11 7
7 18
8 10
8 19
1 13
7 1
10 1
10 4
11 9
6 0
2 12
6 1
5 9
5 0
12 6
6 18
