17 18
3 7 7 5 -1 -2 9 5 6 9 -4 10 2 1 1 1 3 -6 
7 9 -6 -10 4 3 5 -4 -8 1 2 5 10 10 2 8 9 5 
4 -8 -3 -2 0 8 9 6 4 -7 -8 -8 2 8 4 10 7 4 
2 2 -7 0 -5 -9 9 -6 3 -10 4 5 -7 7 5 10 10 0 
10 2 4 8 -3 -2 10 2 4 -4 -5 10 -1 5 10 -10 0 2 
-2 7 4 10 4 2 5 -7 10 -3 8 -8 -2 4 3 7 3 7 
5 -1 -5 3 1 6 -4 -5 -6 6 2 -5 -4 9 -8 6 6 -4 
5 4 3 8 -8 7 -6 9 1 7 -10 8 7 3 -5 0 2 9 
-7 9 10 -8 5 4 4 4 2 2 4 4 4 5 -8 10 9 -7 
9 2 0 -5 3 7 8 -10 7 1 9 -6 7 -8 8 3 4 5 
-4 6 6 -8 9 -4 -5 2 6 -6 -5 -4 6 1 3 -5 -1 5 
7 3 7 3 4 -2 -8 8 -3 10 -7 5 2 4 10 4 7 -2 
2 0 -10 10 5 -1 10 -5 -4 4 2 10 -2 -3 8 4 2 10 
0 10 10 5 7 -7 5 4 -10 3 -6 9 -9 -5 0 -7 2 2 
4 7 10 4 8 2 -8 -8 -7 4 6 9 8 0 -2 -3 -8 4 
5 9 8 2 10 10 5 2 1 -8 -4 5 3 4 -10 -6 9 7 
-6 3 1 1 1 2 10 -4 9 6 5 9 -2 -1 5 7 7 3 
45
6
11 3
11 2
1 0
7 12
15 4
7 17
5 14
5 15
15 17
9 5
1 13
9 0
14
7 14 13
0 13 12
8 0 15
2 16 10
0 6 13
7 9 10
7 1 9
9 3 13
16 4 12
8 17 15
14 1 10
16 11 13
9 8 10
9 16 9
26
1 5
10 11
7 0
6 15
5 11
11 12
1 7
13 2
2 17
3 11
9 2
14 6
10 14
15 12
6 6
9 17
10 2
11 6
5 5
15 10
3 15
14 0
13 6
7 15
2 11
6 3
