17 17
-2 14 15 4 -16 14 16 6 1 9 2 6 2 12 2 8 -6 
5 10 15 -7 8 6 15 0 16 -7 2 7 13 10 15 9 -10 
8 5 1 15 1 2 8 -3 -6 -2 7 13 15 16 -14 -6 -11 
8 -13 7 3 -4 11 -2 10 4 15 15 16 10 8 14 0 6 
14 8 12 12 9 -13 7 13 -14 13 3 4 12 6 3 9 -14 
8 12 -2 2 10 11 3 8 7 7 5 -8 7 7 -16 10 4 
1 16 -9 16 16 9 1 -7 -10 5 -11 5 3 2 11 14 14 
1 2 6 6 14 -4 12 5 15 12 13 -10 2 16 -11 10 7 
8 11 14 14 2 8 11 2 14 2 11 8 2 14 14 11 8 
7 10 -11 16 2 -10 13 12 15 5 12 -4 14 6 6 2 1 
14 14 11 2 3 5 -11 5 -10 -7 1 9 16 16 -9 16 1 
4 10 -16 7 7 -8 5 7 7 8 3 11 10 2 -2 12 8 
-14 9 3 6 12 4 3 13 -14 13 7 -13 9 12 12 8 14 
6 0 14 8 10 16 15 15 4 10 -2 11 -4 3 7 -13 8 
-11 -6 -14 16 15 13 7 -2 -6 -3 8 2 1 15 1 5 8 
-10 9 15 10 13 7 2 -7 16 0 15 6 8 -7 15 10 5 
-6 8 2 12 2 6 2 9 1 6 16 14 -16 4 15 14 -2 
31
4
14 9
14 13
4 10
6 1
2 7
2 3
12 6
10 15
6
6 16 16
8 13 8
11 2 15
10 0 16
8 3 8
5 14 15
22
12 2
15 1
16 13
12 3
9 15
11 6
4 12
9 1
8 15
0 4
8 14
4 14
1 15
0 3
4 13
7 1
5 10
12 4
7 15
8 1
16 12
8 2
