12 13
-2 2 5 14 4 10 1 4 2 -1 4 14 8 
14 6 1 12 12 13 1 13 7 13 10 -9 14 
12 7 -7 14 14 9 2 10 14 3 4 14 -5 
-3 5 1 7 -12 9 13 4 2 -1 2 12 14 
12 -14 -11 6 14 1 -9 5 2 -13 10 12 9 
2 10 8 11 6 -12 4 6 1 11 12 11 6 
6 11 12 11 1 6 4 -12 6 11 8 10 2 
9 12 10 -13 2 5 -9 1 14 6 -11 -14 12 
14 12 2 -1 2 4 13 9 -12 7 1 5 -3 
-5 14 4 3 14 10 2 9 14 14 -7 7 12 
14 -9 10 13 7 13 1 13 12 12 1 6 14 
8 14 4 -1 2 4 1 10 4 14 5 2 -2 
55
6
1 3
1 12
6 0
4 8
7 9
8 4
10 9
10 0
5 12
7 4
4 3
3 8
6
6 1 9
2 4 8
8 5 8
5 11 9
9 8 8
3 7 8
10
4 10
11 3
3 6
2 12
8 10
7 2
0 9
8 6
9 0
3 2
