19 19
-6 7 8 12 12 13 5 0 9 7 13 0 -5 -4 8 3 13 12 8 
6 13 -6 11 4 -2 11 1 -5 -7 -1 12 0 10 2 6 7 1 5 
-13 -7 4 -6 -6 5 -9 -9 7 0 2 6 1 -4 13 5 8 11 -13 
12 7 -12 7 2 -4 8 10 0 1 7 6 11 13 6 0 -13 -9 10 
-6 -13 12 -12 8 3 -4 12 12 5 3 -12 -9 0 5 12 0 8 -3 
12 5 -5 12 11 -7 8 12 3 2 1 4 13 4 13 2 -1 -8 7 
3 6 3 10 9 4 8 -2 -10 4 10 5 10 1 1 4 6 1 7 
8 -4 6 12 2 1 8 1 1 0 1 8 -2 12 -13 10 9 3 -1 
9 1 12 8 3 13 -7 -2 6 9 11 5 8 -8 12 11 4 -13 6 
5 2 5 9 -11 -13 -10 3 2 1 2 3 -10 -13 -11 9 5 2 5 
6 -13 4 11 12 -8 8 5 11 9 6 -2 -7 13 3 8 12 1 9 
-1 3 9 10 -13 12 -2 8 1 0 1 1 8 1 2 12 6 -4 8 
7 1 6 4 1 1 10 5 10 4 -10 -2 8 4 9 10 3 6 3 
7 -8 -1 2 13 4 13 4 1 2 3 12 8 -7 11 12 -5 5 12 
-3 8 0 12 5 0 -9 -12 3 5 12 12 -4 3 8 -12 12 -13 -6 
10 -9 -13 0 6 13 11 6 7 1 0 10 8 -4 2 7 -12 7 12 
-13 11 8 5 13 -4 1 6 2 0 7 -9 -9 5 -6 -6 4 -7 -13 
5 1 7 6 2 10 0 12 -1 -7 -5 1 11 -2 4 11 -6 13 6 
8 12 13 3 8 -4 -5 0 13 7 9 0 5 13 12 12 8 7 -6 
40
2
13 5
8 18
5 13
10 0
10
7 4 8
14 13 13
13 1 16
3 6 12
17 3 16
11 14 8
4 5 13
5 17 16
15 12 12
1 15 16
34
12 5
18 11
5 3
0 5
4 7
18 10
5 11
5 10
1 18
2 1
15 18
3 8
16 3
11 10
16 6
0 11
4 13
6 13
0 7
13 15
18 13
14 11
0 8
13 7
13 8
17 0
16 17
3 0
15 10
2 15
7 8
2 12
18 7
14 5
