16 18
11 12 3 -10 -9 6 -9 7 8 7 2 6 3 3 2 1 8 3 
9 9 5 -10 -10 1 -12 -7 6 2 2 11 8 -12 8 -8 11 7 
-9 1 5 2 7 3 7 -8 4 10 4 5 -6 -9 7 5 -9 4 
-9 -10 3 7 -4 7 12 1 6 10 -3 2 -10 -10 10 3 5 7 
9 7 1 9 11 -6 -12 6 1 -2 11 7 -8 11 11 0 5 8 
1 5 2 12 3 5 -4 -12 -7 9 4 -5 6 10 2 -6 -4 9 
6 -3 12 10 10 4 8 2 4 11 -12 6 1 9 12 10 9 2 
-4 6 -3 5 1 8 -4 12 10 -7 12 8 10 8 5 12 1 9 
9 1 12 5 8 10 8 12 -7 10 12 -4 8 1 5 -3 6 -4 
2 9 10 12 9 1 6 -12 11 4 2 8 4 10 10 12 -3 6 
9 -4 -6 2 10 6 -5 4 9 -7 -12 -4 5 3 12 2 5 1 
8 5 0 11 11 -8 7 11 -2 1 6 -12 -6 11 9 1 7 9 
7 5 3 10 -10 -10 2 -3 10 6 1 12 7 -4 7 3 -10 -9 
4 -9 5 7 -9 -6 5 4 10 4 -8 7 3 7 2 5 1 -9 
7 11 -8 8 -12 8 11 2 2 6 -7 -12 1 -10 -10 5 9 9 
3 8 1 2 3 3 6 2 7 8 7 -9 6 -9 -10 3 12 11 
49
5
2 3
14 12
3 11
8 12
13 16
13 14
1 5
12 6
7 5
2 1
20
7 11 10
11 14 14
8 4 15
5 7 15
14 0 14
6 2 13
4 9 8
14 4 9
15 14 15
12 16 8
8 6 10
4 3 14
7 13 15
10 10 15
1 17 14
9 15 13
11 8 8
1 13 9
0 3 15
3 1 8
28
12 10
6 8
8 14
9 6
14 1
2 7
9 0
6 9
6 5
2 16
15 12
3 12
9 11
13 15
3 7
9 9
7 3
6 11
1 16
13 10
6 17
9 8
9 12
13 1
0 5
12 5
6 6
2 2
