20 20
11 7 -15 16 14 4 10 -9 16 3 -16 2 7 11 0 13 2 -4 2 12 
14 1 -14 12 15 0 4 4 0 8 11 14 3 14 15 5 -15 -7 1 -8 
9 9 1 4 10 14 4 12 7 12 16 11 7 -15 14 7 16 5 4 -14 
16 4 7 0 7 3 1 11 -8 16 11 7 14 1 15 7 14 8 6 2 
5 -13 11 7 14 11 -1 13 13 -9 3 14 -11 14 1 13 -12 -9 11 1 
12 -1 -4 6 -11 9 0 -1 -12 8 -14 12 -3 -8 11 6 -5 6 3 1 
13 11 -2 11 -7 13 6 15 13 5 14 8 -3 -16 -9 16 -9 15 11 15 
13 4 -6 12 15 -12 16 3 16 4 -15 12 -9 11 10 3 14 6 13 12 
16 11 4 7 1 -3 4 11 5 7 1 12 8 -3 -5 15 -5 16 -15 14 
-5 -9 -7 7 5 10 16 -1 -16 -2 2 9 13 8 10 4 0 9 15 4 
4 15 9 0 4 10 8 13 9 2 -2 -16 -1 16 10 5 7 -7 -9 -5 
14 -15 16 -5 15 -5 -3 8 12 1 7 5 11 4 -3 1 7 4 11 16 
12 13 6 14 3 10 11 -9 12 -15 4 16 3 16 -12 15 12 -6 4 13 
15 11 15 -9 16 -9 -16 -3 8 14 5 13 15 6 13 -7 11 -2 11 13 
1 3 6 -5 6 11 -8 -3 12 -14 8 -12 -1 0 9 -11 6 -4 -1 12 
1 11 -9 -12 13 1 14 -11 14 3 -9 13 13 -1 11 14 7 11 -13 5 
2 6 8 14 7 15 1 14 7 11 16 -8 11 1 3 7 0 7 4 16 
-14 4 5 16 7 14 -15 7 11 16 12 7 12 4 14 10 4 1 9 9 
-8 1 -7 -15 5 15 14 3 14 11 8 0 4 4 0 15 12 -14 1 14 
12 2 -4 2 13 0 11 7 2 -16 3 16 -9 10 4 14 16 -15 7 11 
50
6
14 1
18 12
8 11
14 6
8 12
13 8
5 18
1 7
11 8
5 13
11 7
6 11
14
10 12 8
13 15 10
13 18 9
14 16 16
19 12 8
1 3 10
8 2 10
9 7 8
6 4 10
6 1 9
5 3 16
0 7 8
18 16 10
11 17 10
0
