20 20
8 8 6 10 7 8 -1 1 9 6 -10 -8 5 4 2 10 -7 6 -3 7 
-9 1 9 6 -9 10 -6 6 3 2 7 -5 1 3 -8 9 -1 -4 2 6 
2 5 -7 7 8 -5 2 5 9 -4 5 4 3 9 9 10 10 5 4 10 
7 1 6 -2 3 1 -1 -10 5 9 2 1 -10 5 -10 1 6 0 1 2 
5 -9 3 1 5 1 5 7 3 10 5 4 -2 10 -8 7 -6 1 10 -8 
3 -4 7 5 5 8 6 -3 10 1 -7 3 -2 -1 4 5 2 -9 10 9 
6 3 8 3 1 4 1 0 8 9 6 9 3 6 5 3 -10 -3 10 -8 
7 0 6 8 0 -5 10 -7 1 3 -10 0 6 2 1 9 8 0 9 -1 
7 4 10 1 1 3 7 0 -10 -5 9 4 -10 2 -3 3 7 10 1 4 
5 4 1 10 6 7 7 7 -8 4 -7 5 3 -6 10 5 8 4 -8 -7 
-7 -8 4 8 5 10 -6 3 5 -7 4 -8 7 7 7 6 10 1 4 5 
4 1 10 7 3 -3 2 -10 4 9 -5 -10 0 7 3 1 1 10 4 7 
-1 9 0 8 9 1 2 6 0 -10 3 1 -7 10 -5 0 8 6 0 7 
-8 10 -3 -10 3 5 6 3 9 6 9 8 0 1 4 1 3 8 3 6 
9 10 -9 2 5 4 -1 -2 3 -7 1 10 -3 6 8 5 5 7 -4 3 
-8 10 1 -6 7 -8 10 -2 4 5 10 3 7 5 1 5 1 3 -9 5 
2 1 0 6 1 -10 5 -10 1 2 9 5 -10 -1 1 3 -2 6 1 7 
10 4 5 10 10 9 9 3 4 5 -4 9 5 2 -5 8 7 -7 5 2 
6 2 -4 -1 9 -8 3 1 -5 7 2 3 6 -6 10 -9 6 9 1 -9 
7 -3 6 -7 10 2 4 5 -8 -10 6 9 1 -1 8 7 10 6 8 8 
57
6
8 3
16 1
6 5
5 2
19 5
16 10
11 16
3 18
13 14
14 17
0 14
3 9
16
9 5 11
10 3 16
10 1 14
2 0 8
5 18 8
17 12 8
1 10 13
9 17 11
10 14 11
9 16 16
9 18 14
17 19 8
14 1 8
2 7 8
18 9 13
10 2 11
0
