17 17
13 -9 15 8 16 -6 -11 14 0 -1 -8 2 13 -12 1 14 3 
1 9 -2 -6 16 5 15 11 1 -4 -16 1 15 14 -8 4 6 
16 2 9 16 -6 15 -10 2 1 14 -4 9 10 15 -16 13 6 
2 -10 12 16 7 -14 1 16 10 0 -7 -2 3 -14 5 10 15 
14 -1 12 -6 -4 13 12 15 -8 1 7 2 8 1 -10 1 -10 
10 9 13 3 15 5 -14 8 14 -15 14 6 -15 -15 1 16 1 
10 -3 -14 -1 12 -7 -8 15 16 11 15 4 16 9 15 7 -14 
2 10 -5 13 4 1 -15 3 0 8 -12 1 7 16 5 8 1 
-14 5 -1 5 4 14 -4 11 -14 11 -4 14 4 5 -1 5 -14 
1 8 5 16 7 1 -12 8 0 3 -15 1 4 13 -5 10 2 
-14 7 15 9 16 4 15 11 16 15 -8 -7 12 -1 -14 -3 10 
1 16 1 -15 -15 6 14 -15 14 8 -14 5 15 3 13 9 10 
-10 1 -10 1 8 2 7 1 -8 15 12 13 -4 -6 12 -1 14 
15 10 5 -14 3 -2 -7 0 10 16 1 -14 7 16 12 -10 2 
6 13 -16 15 10 9 -4 14 1 2 -10 15 -6 16 9 2 16 
6 4 -8 14 15 1 -16 -4 1 11 15 5 16 -6 -2 9 1 
3 14 1 -12 13 2 -8 -1 0 14 -11 -6 16 8 15 -9 13 
55
7
12 13
8 6
8 3
16 0
11 7
3 0
8 5
4 3
8 10
8 13
0 16
5 9
13 16
8 11
6
2 13 13
2 6 8
3 2 14
14 3 13
14 10 8
13 14 14
22
15 2
9 4
16 4
14 12
9 1
4 7
8 0
8 7
14 15
6 16
10 11
1 14
7 12
0 12
2 4
7 15
12 9
8 16
8 9
2 1
10 0
6 5
