12 16
3 7 -8 7 -6 -6 0 7 -7 -8 5 3 1 7 -5 7 
-3 6 4 7 6 -4 2 8 6 -3 6 -2 0 -1 -7 5 
8 -5 0 -5 4 8 0 4 1 2 0 2 6 2 6 1 
8 2 2 2 3 2 7 8 6 -2 6 5 -5 -7 -3 2 
7 8 1 -4 4 8 -4 -6 6 1 -3 3 3 8 8 3 
8 -4 4 0 7 6 6 8 7 2 2 -8 8 5 1 6 
6 1 5 8 -8 2 2 7 8 6 6 7 0 4 -4 8 
3 8 8 3 3 -3 1 6 -6 -4 8 4 -4 1 8 7 
2 -3 -7 -5 5 6 -2 6 8 7 2 3 2 2 2 8 
1 6 2 6 2 0 2 1 4 0 8 4 -5 0 -5 8 
5 -7 -1 0 -2 6 -3 6 8 2 -4 6 7 4 6 -3 
7 -5 7 1 3 5 -8 -7 7 0 -6 -6 7 -8 7 3 
41
8
2 3
7 2
4 11
8 12
9 7
10 2
0 8
0 10
9 12
4 13
7 4
3 3
2 8
1 13
11 7
11 5
8
1 5 13
11 1 8
10 5 8
1 15 14
10 10 13
0 14 8
1 10 8
10 0 14
16
2 0
3 7
4 9
3 13
6 0
0 1
8 4
2 11
9 15
8 8
7 6
8 2
5 15
11 14
3 11
9 4
