15 15
5 11 -3 18 -3 14 20 7 27 13 7 9 23 6 -3 
14 14 15 19 -8 12 10 9 16 6 -4 4 18 22 17 
-6 20 17 27 -26 -17 -26 -21 -13 4 13 -6 -13 0 -5 
7 23 17 -4 23 12 14 7 22 26 8 5 -10 -9 19 
4 17 21 7 13 5 -10 4 1 -21 12 15 -6 6 8 
21 22 -19 19 13 0 21 26 4 1 -4 -14 22 12 23 
5 16 15 -17 -4 -13 -9 4 27 8 25 1 16 9 0 
6 12 20 8 -14 -1 -27 15 -27 -1 -14 8 20 12 6 
0 9 16 1 25 8 27 4 -9 -13 -4 -17 15 16 5 
23 12 22 -14 -4 1 4 26 21 0 13 19 -19 22 21 
8 6 -6 15 12 -21 1 4 -10 5 13 7 21 17 4 
19 -9 -10 5 8 26 22 7 14 12 23 -4 17 23 7 
-5 0 -13 -6 13 4 -13 -21 -26 -17 -26 27 17 20 -6 
17 22 18 4 -4 6 16 9 10 12 -8 19 15 14 14 
-3 6 23 9 7 13 27 7 20 14 -3 18 -3 11 5 
54
5
11 8
0 5
7 13
11 9
10 1
3 6
14 9
7 1
3 5
4 13
10
5 14 14
3 8 15
7 12 15
10 3 13
6 2 15
9 0 14
11 6 15
7 2 15
4 11 13
8 12 15
16
10 8
12 9
1 11
14 0
2 6
10 4
13 11
1 6
4 6
2 5
13 3
0 14
12 8
4 10
1 3
13 8
