20 20
2 3 -4 6 1 2 7 5 7 8 2 5 7 6 6 -3 -1 2 8 3 
-2 -5 3 -6 6 3 -1 4 1 8 4 -5 4 -5 1 3 1 1 6 4 
2 1 -1 -4 -6 1 4 -8 5 0 0 -5 5 -1 1 2 8 2 7 -2 
4 -5 4 1 1 0 0 2 3 2 6 5 -4 3 5 5 7 2 -1 5 
3 4 -6 8 -7 -3 5 4 1 2 3 8 8 7 6 5 5 2 4 3 
-5 7 2 5 -8 1 -8 5 1 5 2 -7 2 2 -3 2 4 8 7 4 
3 7 0 5 7 3 1 3 5 8 7 4 -4 7 2 6 6 3 -2 -5 
1 1 4 1 4 8 -3 8 6 3 -5 7 4 -1 5 8 7 8 8 7 
4 2 -7 6 0 -8 2 1 -8 5 5 -5 1 3 4 8 4 1 4 3 
7 5 6 5 6 5 5 5 -4 6 6 -5 6 5 -4 0 -7 3 4 4 
4 4 3 -7 0 -4 5 6 -5 6 6 -4 5 5 5 6 5 6 5 7 
3 4 1 4 8 4 3 1 -5 5 5 -8 1 2 -8 0 6 -7 2 4 
7 8 8 7 8 5 -1 4 7 -5 3 6 8 -3 8 4 1 4 1 1 
-5 -2 3 6 6 2 7 -4 4 7 8 5 3 1 3 7 5 0 7 3 
4 7 8 4 2 -3 2 2 -7 2 5 1 5 -8 1 -8 5 2 7 -5 
3 4 2 5 5 6 7 8 8 3 2 1 4 5 -3 -7 8 -6 4 3 
5 -1 2 7 5 5 3 -4 5 6 2 3 2 0 0 1 1 4 -5 4 
-2 7 2 8 2 1 -1 5 -5 0 0 5 -8 4 1 -6 -4 -1 1 2 
4 6 1 1 3 1 -5 4 -5 4 8 1 4 -1 3 6 -6 3 -5 -2 
3 8 2 -1 -3 6 6 7 5 2 8 7 5 7 2 1 6 -4 3 2 
42
6
5 18
13 11
9 3
4 11
4 0
19 7
14 1
6 8
10 16
15 8
15 19
0 12
8
3 0 8
16 10 11
12 17 16
0 6 11
16 19 8
3 9 11
7 2 16
19 13 11
0
