12 13
-2 11 26 15 4 24 -9 -9 14 -7 26 12 -2 
1 0 22 -18 10 -26 -24 26 4 21 15 23 8 
14 15 16 16 23 20 17 -10 11 14 8 11 -3 
17 11 0 -13 10 8 3 19 14 20 12 19 3 
3 11 -22 8 2 -9 10 -22 23 2 9 8 20 
10 12 11 -13 23 -25 -26 5 11 9 6 3 -1 
-1 3 6 9 11 5 -26 -25 23 -13 11 12 10 
20 8 9 2 23 -22 10 -9 2 8 -22 11 3 
3 19 12 20 14 19 3 8 10 -13 0 11 17 
-3 11 8 14 11 -10 17 20 23 16 16 15 14 
8 23 15 21 4 26 -24 -26 10 -18 22 0 1 
-2 12 26 -7 14 -9 -9 24 4 15 26 11 -2 
41
4
5 1
8 0
9 1
0 3
6 11
3 12
2 11
11 9
16
11 5 12
10 11 14
6 7 10
6 8 14
10 4 10
0 9 8
11 12 15
7 6 8
0 7 12
1 1 14
5 5 10
5 4 14
1 8 10
11 3 8
0 0 15
4 6 8
10
4 11
1 5
1 2
1 7
9 7
7 1
10 7
10 10
10 5
2 5
