19 13
1 9 5 9 1 -2 1 5 4 9 0 5 5 
1 3 4 2 5 7 4 7 8 -5 -4 5 5 
8 7 2 9 -6 -2 -3 4 1 2 7 -1 -8 
9 3 -1 -4 8 2 7 3 2 6 7 3 5 
-4 4 3 9 2 4 3 2 6 8 6 6 -7 
7 0 6 1 7 3 9 -2 4 -5 -4 7 -8 
-3 7 -6 -4 3 9 9 9 9 6 8 7 2 
6 8 3 4 -2 6 0 3 -1 5 -7 -6 -2 
6 1 3 -9 7 3 4 -2 -6 1 3 -2 4 
-7 -2 1 3 2 1 2 1 2 3 1 -2 -7 
4 -2 3 1 -6 -2 4 3 7 -9 3 1 6 
-2 -6 -7 5 -1 3 0 6 -2 4 3 8 6 
2 7 8 6 9 9 9 9 3 -4 -6 7 -3 
-8 7 -4 -5 4 -2 9 3 7 1 6 0 7 
-7 6 6 8 6 2 3 4 2 9 3 4 -4 
5 3 7 6 2 3 7 2 8 -4 -1 3 9 
-8 -1 7 2 1 4 -3 -2 -6 9 2 7 8 
5 5 -4 -5 8 7 4 7 5 2 4 3 1 
5 5 0 9 4 5 1 -2 1 9 5 9 1 
51
3
11 9
8 11
12 8
7 3
10 1
6 4
16
17 4 8
3 6 13
18 5 12
9 11 16
4 1 11
12 3 14
5 10 13
7 8 15
1 8 8
15 6 13
0 7 12
9 1 16
14 11 11
6 9 14
13 2 13
11 4 15
22
16 3
13 5
2 12
7 12
2 8
14 4
8 10
7 9
5 6
2 1
0 12
2 9
5 7
16 0
11 0
16 4
4 8
10 2
11 3
13 6
16 11
18 0
