17 13
0 7 4 1 1 1 3 0 6 4 4 1 7 
2 -2 -2 1 7 0 2 3 1 7 -1 -3 3 
1 7 -7 3 1 2 1 5 0 -4 -3 3 1 
0 -4 3 4 1 3 7 6 -4 5 2 -6 -5 
-6 0 7 -4 7 7 0 3 -6 7 2 1 -3 
7 6 5 7 4 4 7 4 7 -1 4 0 7 
-6 3 7 7 5 6 7 -2 -5 -6 -6 2 7 
6 6 2 7 -4 5 -2 -4 1 -5 1 0 -5 
0 -1 -3 6 3 -4 -6 -4 3 6 -3 -1 0 
-5 0 1 -5 1 -4 -2 5 -4 7 2 6 6 
7 2 -6 -6 -5 -2 7 6 5 7 7 3 -6 
7 0 4 -1 7 4 7 4 4 7 5 6 7 
-3 1 2 7 -6 3 0 7 7 -4 7 0 -6 
-5 -6 2 5 -4 6 7 3 1 4 3 -4 0 
1 3 -3 -4 0 5 1 2 1 3 -7 7 1 
3 -3 -1 7 1 3 2 0 7 1 -2 -2 2 
7 1 4 4 6 0 3 1 1 1 4 7 0 
44
7
15 11
9 0
16 4
9 4
15 5
16 1
5 0
1 1
7 12
0 8
7 8
1 7
0 11
11 12
16
13 3 13
3 11 13
6 11 10
0 6 10
13 8 8
8 4 9
3 7 11
4 3 13
3 9 13
13 1 13
10 1 10
16 6 10
3 4 8
8 8 9
13 5 11
12 9 13
22
14 0
13 12
11 4
0 10
14 1
10 7
15 8
10 5
4 6
14 5
15 1
2 12
3 0
5 8
16 2
2 11
6 5
1 4
6 7
12 6
2 7
1 11
