11 16
7 1 11 4 5 4 10 2 3 -10 15 -13 9 1 10 10 
15 9 3 9 11 9 14 1 4 10 15 5 15 11 9 3 
-13 4 15 4 9 14 1 8 2 13 -1 2 14 -10 15 12 
3 1 7 9 12 5 12 8 -9 5 1 -2 8 14 10 10 
-11 7 14 4 15 14 9 14 5 13 13 -5 9 7 10 5 
-15 10 15 -11 7 14 9 -1 -1 9 14 7 -11 15 10 -15 
5 10 7 9 -5 13 13 5 14 9 14 15 4 14 7 -11 
10 10 14 8 -2 1 5 -9 8 12 5 12 9 7 1 3 
12 15 -10 14 2 -1 13 2 8 1 14 9 4 15 4 -13 
3 9 11 15 5 15 10 4 1 14 9 11 9 3 9 15 
10 10 1 9 -13 15 -10 3 2 10 4 5 4 11 1 7 
46
6
1 12
7 14
8 9
3 8
8 3
8 12
9 3
3 1
2 6
7 7
2 12
2 3
10
7 15 10
5 12 11
9 8 9
1 14 13
10 3 8
3 0 10
5 3 11
1 7 9
9 1 13
0 12 8
16
7 12
0 2
8 15
0 4
0 5
3 2
7 2
2 11
3 3
10 13
2 0
10 11
10 10
7 13
3 13
8 4
