20 20
5 5 2 5 0 3 -1 5 2 -3 2 4 3 -2 1 2 5 -4 3 2 
4 5 4 1 2 2 4 -2 5 3 4 0 -1 4 1 0 3 2 4 1 
1 1 -3 0 -3 3 5 -5 2 5 5 0 1 -1 1 4 2 -1 -1 -5 
1 2 0 -1 -2 -3 3 3 0 2 0 4 3 1 3 4 2 5 3 -2 
5 -5 5 -3 5 4 2 0 -2 -5 3 4 2 2 3 5 4 3 0 4 
1 2 -4 4 1 0 0 4 3 5 -4 -1 1 -4 -1 4 -4 1 4 2 
1 -2 5 -4 1 1 1 -1 1 0 1 4 0 3 4 0 4 1 2 -2 
1 3 4 1 -1 3 0 -2 2 -4 3 -2 4 5 1 4 0 5 -4 -5 
5 4 5 -1 2 -3 4 4 4 5 -1 -5 1 5 2 3 -5 3 1 5 
1 5 0 4 3 1 2 -5 1 2 1 2 4 -3 4 -3 2 1 1 1 
1 1 1 2 -3 4 -3 4 2 1 2 1 -5 2 1 3 4 0 5 1 
5 1 3 -5 3 2 5 1 -5 -1 5 4 4 4 -3 2 -1 5 4 5 
-5 -4 5 0 4 1 5 4 -2 3 -4 2 -2 0 3 -1 1 4 3 1 
-2 2 1 4 0 4 3 0 4 1 0 1 -1 1 1 1 -4 5 -2 1 
2 4 1 -4 4 -1 -4 1 -1 -4 5 3 4 0 0 1 4 -4 2 1 
4 0 3 4 5 3 2 2 4 3 -5 -2 0 2 4 5 -3 5 -5 5 
-2 3 5 2 4 3 1 3 4 0 2 0 3 3 -3 -2 -1 0 2 1 
-5 -1 -1 2 4 1 -1 1 0 5 5 2 -5 5 3 -3 0 -3 1 1 
1 4 2 3 0 1 4 -1 0 4 3 5 -2 4 2 2 1 4 5 4 
2 3 -4 5 2 1 -2 3 4 2 -3 2 5 -1 3 0 5 2 5 5 
48
7
19 13
3 12
16 1
16 0
7 10
19 1
11 12
0 6
16 7
3 18
3 19
12 9
0 18
8 7
18
11 18 12
1 19 9
6 17 10
18 12 10
1 14 14
13 19 16
17 3 13
17 8 14
5 1 11
8 1 12
18 0 9
13 2 10
1 7 10
18 5 14
6 0 16
2 16 13
2 11 14
14 18 11
0
