19 17
-6 5 -1 7 6 -4 11 -1 -4 1 -11 1 9 1 11 2 4 
-9 1 4 3 3 10 1 7 4 11 -7 -7 4 11 11 6 -8 
9 -1 5 0 1 2 0 6 7 11 10 8 -7 0 10 5 -7 
1 0 3 -10 -5 4 8 -3 -5 9 6 -10 10 -7 3 3 -2 
2 3 1 7 -8 0 8 10 8 8 1 -11 1 6 7 10 -4 
0 7 -5 0 0 4 0 -7 3 1 6 7 -8 -2 10 -4 11 
0 -7 10 -8 9 -2 -10 5 -5 -8 1 8 9 7 2 5 1 
11 0 1 -9 -11 3 -10 9 -1 11 -1 9 -5 9 5 2 10 
6 -3 6 5 2 10 5 9 8 -5 7 1 2 -2 8 1 1 
5 10 -7 -1 2 8 -6 -8 5 -8 -6 8 2 -1 -7 10 5 
1 1 8 -2 2 1 7 -5 8 9 5 10 2 5 6 -3 6 
10 2 5 9 -5 9 -1 11 -1 9 -10 3 -11 -9 1 0 11 
1 5 2 7 9 8 1 -8 -5 5 -10 -2 9 -8 10 -7 0 
11 -4 10 -2 -8 7 6 1 3 -7 0 4 0 0 -5 7 0 
-4 10 7 6 1 -11 1 8 8 10 8 0 -8 7 1 3 2 
-2 3 3 -7 10 -10 6 9 -5 -3 8 4 -5 -10 3 0 1 
-7 5 10 0 -7 8 10 11 7 6 0 2 1 0 5 -1 9 
-8 6 11 11 4 -7 -7 11 4 7 1 10 3 3 4 1 -9 
4 2 11 1 9 1 -11 1 -4 -1 11 -4 6 7 -1 5 -6 
55
8
17 8
6 3
5 15
7 4
4 2
2 7
0 7
10 15
1 8
12 13
13 1
11 12
14 14
16 9
18 9
8 1
18
3 7 13
0 3 13
6 12 12
14 3 9
0 13 9
16 15 14
3 6 8
2 9 10
18 4 12
15 9 13
18 13 13
12 4 12
4 13 9
18 3 9
2 1 14
15 10 8
16 7 10
0 12 12
28
8 4
9 4
0 9
16 8
7 15
9 8
0 5
14 11
17 5
8 15
2 11
15 5
7 0
13 8
10 12
9 12
18 7
2 8
11 1
9 8
18 11
4 5
1 11
10 1
16 5
3 11
11 16
5 8
