16 15
6 3 -2 8 0 5 3 3 4 1 5 2 -2 -8 -4 
6 9 -10 6 1 0 7 -7 -6 0 1 -2 -6 1 5 
9 9 1 4 5 4 3 2 2 -3 7 -4 6 7 -6 
1 -6 3 0 0 3 -1 -4 7 10 2 5 1 7 -4 
10 9 1 8 8 7 -1 8 3 1 3 -1 4 8 -2 
4 2 2 -5 4 -4 -8 6 5 -8 -4 -5 4 3 -9 
4 8 0 7 10 5 8 0 -2 -8 -2 -7 -10 3 -10 
10 7 10 10 7 8 0 -1 -1 8 6 3 2 6 -6 
-6 6 2 3 6 8 -1 -1 0 8 7 10 10 7 10 
-10 3 -10 -7 -2 -8 -2 0 8 5 10 7 0 8 4 
-9 3 4 -5 -4 -8 5 6 -8 -4 4 -5 2 2 4 
-2 8 4 -1 3 1 3 8 -1 7 8 8 1 9 10 
-4 7 1 5 2 10 7 -4 -1 3 0 0 3 -6 1 
-6 7 6 -4 7 -3 2 2 3 4 5 4 1 9 9 
5 1 -6 -2 1 0 -6 -7 7 0 1 6 -10 9 6 
-4 -8 -2 2 5 1 4 3 3 5 0 8 -2 3 6 
60
7
11 3
0 4
5 6
9 13
5 9
10 6
6 3
4 11
15 10
10 8
6 1
10 5
5 8
9 11
18
8 11 10
6 13 8
8 2 9
8 3 12
6 2 8
7 4 14
3 4 12
2 1 10
10 9 8
7 3 10
9 1 8
7 12 9
7 11 12
9 12 8
8 10 14
12 10 12
13 13 10
5 5 8
24
6 11
1 8
2 9
4 3
7 6
3 14
5 10
15 14
14 2
15 13
6 4
6 10
9 3
14 6
13 5
11 11
8 8
12 0
10 4
0 0
1 12
0 1
9 10
9 4
