15 18
2 3 0 0 3 1 -2 3 -1 1 1 3 0 3 -3 0 2 3 
-3 1 1 1 -1 3 2 -2 1 1 0 -2 0 1 0 1 0 3 
0 -1 2 -2 3 3 3 0 1 1 2 -1 2 1 0 1 3 2 
2 3 -3 -3 0 3 2 1 -1 -2 1 3 1 2 2 1 1 -2 
3 2 2 1 3 3 3 2 0 3 0 -3 2 2 1 -3 1 2 
3 1 1 0 -1 -3 -1 0 -3 1 -2 3 0 0 -3 -1 3 3 
3 2 3 1 1 3 3 1 1 1 2 0 0 3 -1 3 2 2 
3 3 2 -3 3 3 2 1 -2 -2 1 2 3 3 -3 2 3 3 
2 2 3 -1 3 0 0 2 1 1 1 3 3 1 1 3 2 3 
3 3 -1 -3 0 0 3 -2 1 -3 0 -1 -3 -1 0 1 1 3 
2 1 -3 1 2 2 -3 0 3 0 2 3 3 3 1 2 2 3 
-2 1 1 2 2 1 3 1 -2 -1 1 2 3 0 -3 -3 3 2 
2 3 1 0 1 2 -1 2 1 1 0 3 3 3 -2 2 -1 0 
3 0 1 0 1 0 -2 0 1 1 -2 2 3 -1 1 1 1 -3 
3 2 0 -3 3 0 3 1 1 -1 3 -2 1 3 0 0 3 2 
36
5
8 14
3 15
9 5
7 10
12 7
6 3
11 2
5 12
7 7
2 10
6
1 5 14
14 4 8
12 2 8
13 12 14
0 13 8
2 15 8
24
13 0
12 14
2 1
1 4
4 3
5 17
11 6
3 14
4 17
2 0
6 11
11 1
1 17
2 3
12 16
13 13
10 14
9 0
3 11
11 3
10 0
12 17
8 6
3 16
