18 12
8 5 3 1 3 -11 -12 8 -6 11 5 6 
-7 -7 1 3 -3 -1 10 -3 3 6 -1 -8 
9 -1 -11 -1 10 3 5 3 4 -3 5 12 
-1 9 6 11 -9 10 5 -4 -2 5 2 5 
-4 3 11 5 12 3 1 11 4 7 2 1 
5 -9 5 7 -5 -12 3 12 10 -2 8 -4 
7 9 5 4 5 6 0 0 11 1 -3 0 
5 0 4 3 9 0 9 1 7 -6 -8 -5 
1 2 -7 3 12 -7 10 4 2 -8 -7 6 
6 -7 -8 2 4 10 -7 12 3 -7 2 1 
-5 -8 -6 7 1 9 0 9 3 4 0 5 
0 -3 1 11 0 0 6 5 4 5 9 7 
-4 8 -2 10 12 3 -12 -5 7 5 -9 5 
1 2 7 4 11 1 3 12 5 11 3 -4 
5 2 5 -2 -4 5 10 -9 11 6 9 -1 
12 5 -3 4 3 5 3 10 -1 -11 -1 9 
-8 -1 6 3 -3 10 -1 -3 3 1 -7 -7 
6 5 11 -6 8 -12 -11 3 1 3 5 8 
30
7
1 9
9 2
3 11
9 7
11 1
17 11
1 2
16 2
8 9
14 0
8 4
6 10
0 0
16 9
16
5 7 16
6 3 8
7 6 15
13 11 12
14 10 15
7 2 16
1 3 11
12 7 12
12 4 16
11 8 8
10 5 15
4 0 12
3 1 15
10 9 16
16 8 11
5 4 12
18
15 11
17 4
4 6
14 11
13 4
11 10
12 1
7 1
6 9
2 0
0 7
13 5
3 0
4 7
6 1
5 10
10 10
11 2
