20 20
10 2 -3 7 8 11 0 5 8 11 8 6 5 0 2 2 0 10 8 11 
4 6 0 -3 8 -2 -3 10 -3 5 5 5 7 5 11 2 8 11 -11 3 
0 1 -5 3 12 2 12 0 5 -10 0 6 -3 -12 3 -7 -4 1 9 6 
6 -12 0 -9 6 3 4 9 10 3 9 10 12 4 10 -12 1 -1 5 -4 
-8 6 6 10 6 12 5 5 6 -9 2 7 2 -9 8 10 -8 3 7 12 
-7 -9 9 11 1 5 2 3 9 7 9 10 12 10 0 1 1 11 11 -5 
6 7 5 5 11 7 -5 10 11 -1 0 8 3 -9 -7 -3 0 -5 -12 -8 
10 12 2 -7 3 -6 10 10 8 4 0 7 -7 6 12 -3 4 9 8 11 
2 0 -4 5 6 -7 7 12 4 9 -6 2 3 12 -6 5 7 9 1 -3 
3 10 -12 -7 -8 12 0 7 -10 4 10 12 6 7 8 7 7 -11 -11 0 
0 -11 -11 7 7 8 7 6 12 10 4 -10 7 0 12 -8 -7 -12 10 3 
-3 1 9 7 5 -6 12 3 2 -6 9 4 12 7 -7 6 5 -4 0 2 
11 8 9 4 -3 12 6 -7 7 0 4 8 10 10 -6 3 -7 2 12 10 
-8 -12 -5 0 -3 -7 -9 3 8 0 -1 11 10 -5 7 11 5 5 7 6 
-5 11 11 1 1 0 10 12 10 9 7 9 3 2 5 1 11 9 -9 -7 
12 7 3 -8 10 8 -9 2 7 2 -9 6 5 5 12 6 10 6 6 -8 
-4 5 -1 1 -12 10 4 12 10 9 3 10 9 4 3 6 -9 0 -12 6 
6 9 1 -4 -7 3 -12 -3 6 0 -10 5 0 12 2 12 3 -5 1 0 
3 -11 11 8 2 11 5 7 5 5 5 -3 10 -3 -2 8 -3 0 6 4 
11 8 10 0 2 2 0 5 6 8 11 8 5 0 11 8 7 -3 2 10 
38
6
9 7
15 9
17 12
2 8
15 5
16 2
10 12
4 10
2 7
17 11
4 14
3 17
8
19 10 11
1 15 12
19 12 15
12 15 14
0 9 11
18 4 12
0 7 15
7 4 14
0
