18 19
-4 2 0 2 -1 2 1 -3 1 4 3 0 -4 3 0 4 -3 2 3 
1 -1 1 -1 2 2 3 0 4 2 -1 2 -3 3 1 0 -2 -2 3 
4 0 3 2 -3 4 -1 4 3 1 3 3 3 -4 4 4 4 1 -3 
1 -3 -4 1 2 2 2 3 2 0 1 2 -4 2 0 3 3 4 1 
0 1 -1 1 1 0 -2 1 0 4 1 -3 3 4 3 -2 0 0 1 
-1 4 -1 2 2 -3 2 -4 4 3 -4 3 2 4 3 0 4 3 -4 
3 3 1 1 -3 0 4 2 -4 3 4 -4 2 3 2 -4 3 1 -4 
-1 -2 4 0 1 3 3 -4 2 3 -3 0 3 0 2 1 -2 -4 4 
1 1 -3 2 0 3 3 4 2 3 0 1 4 2 2 4 -4 3 3 
3 3 -4 4 2 2 4 1 0 3 2 4 3 3 0 2 -3 1 1 
4 -4 -2 1 2 0 3 0 -3 3 2 -4 3 3 1 0 4 -2 -1 
-4 1 3 -4 2 3 2 -4 4 3 -4 2 4 0 -3 1 1 3 3 
-4 3 4 0 3 4 2 3 -4 3 4 -4 2 -3 2 2 -1 4 -1 
1 0 0 -2 3 4 3 -3 1 4 0 1 -2 0 1 1 -1 1 0 
1 4 3 3 0 2 -4 2 1 0 2 3 2 2 2 1 -4 -3 1 
-3 1 4 4 4 -4 3 3 3 1 3 4 -1 4 -3 2 3 0 4 
3 -2 -2 0 1 3 -3 2 -1 2 4 0 3 2 2 -1 1 -1 1 
3 2 -3 4 0 3 -4 0 3 4 1 -3 1 2 -1 2 0 2 -4 
32
4
3 0
0 12
13 4
11 12
14 18
17 6
4 14
6 6
6
2 17 11
5 16 8
6 10 9
15 1 11
12 2 8
11 8 9
32
10 2
9 2
12 0
3 10
1 12
8 9
6 9
3 5
1 15
3 13
7 1
2 3
0 9
12 6
13 10
1 6
7 16
8 16
5 18
14 8
16 6
9 9
11 9
14 13
16 3
14 5
10 17
15 15
17 9
5 12
4 8
16 12
