18 18
4 -4 4 0 -4 3 1 1 1 -2 4 2 -4 1 -1 4 -4 -1 
0 3 3 1 2 -1 3 -3 -2 4 0 2 -3 -1 2 4 0 4 
3 -3 1 4 4 2 2 0 1 1 3 2 3 2 2 3 -3 3 
4 4 -4 3 -2 -2 1 0 4 -4 0 1 2 3 4 2 0 -4 
1 4 -2 -2 1 3 4 -2 4 -3 0 2 -3 -2 3 -1 -4 -2 
0 -3 1 1 3 2 -2 -2 2 0 1 3 -4 1 1 3 1 0 
0 -4 3 1 1 1 -3 3 1 3 -1 4 2 -4 1 1 2 4 
4 -3 0 4 1 1 3 1 2 3 2 -4 2 3 3 4 2 4 
2 -4 4 0 4 2 3 1 0 2 2 1 0 4 -3 4 1 -4 
-4 1 4 -3 4 0 1 2 2 0 1 3 2 4 0 4 -4 2 
4 2 4 3 3 2 -4 2 3 2 1 3 1 1 4 0 -3 4 
4 2 1 1 -4 2 4 -1 3 1 3 -3 1 1 1 3 -4 0 
0 1 3 1 1 -4 3 1 0 2 -2 -2 2 3 1 1 -3 0 
-2 -4 -1 3 -2 -3 2 0 -3 4 -2 4 3 1 -2 -2 4 1 
-4 0 2 4 3 2 1 0 -4 4 0 1 -2 -2 3 -4 4 4 
3 -3 3 2 2 3 2 3 1 1 0 2 2 4 4 1 -3 3 
4 0 4 2 -1 -3 2 0 4 -2 -3 3 -1 2 1 3 3 0 
-1 -4 4 -1 1 -4 2 4 -2 1 1 1 3 -4 0 4 -4 4 
37
6
11 7
4 9
8 17
7 12
11 6
12 14
6 10
13 8
9 0
10 5
6 11
5 3
8
2 5 12
12 7 13
14 16 15
1 9 12
15 12 12
5 10 13
3 1 15
16 8 12
26
11 13
6 0
2 9
15 9
6 9
8 13
13 6
2 11
12 8
15 17
16 13
16 15
8 12
6 4
11 17
15 8
2 8
11 8
9 4
4 11
15 6
5 9
2 0
1 4
1 2
9 5
