20 20
13 13 10 16 1 13 5 12 12 -10 -15 11 12 -5 -14 5 14 16 6 7 
2 7 5 -11 -7 14 -2 -7 2 11 1 -8 5 1 -5 -9 13 12 16 15 
8 -8 7 13 9 0 4 -7 6 16 -16 5 -10 12 1 7 -9 6 1 -14 
-8 -16 1 -1 -6 -10 11 12 -13 13 0 14 9 -7 7 -1 11 4 9 3 
16 -12 3 6 12 -11 4 6 8 -5 9 -6 14 15 -13 -8 8 2 15 9 
6 7 3 -12 -9 16 -11 -12 16 -3 13 12 -14 -5 -4 0 1 3 4 10 
-10 -16 -16 0 4 6 9 0 14 -5 2 11 16 -9 3 1 1 13 11 10 
16 -2 12 11 2 1 13 6 -12 16 2 -8 13 16 3 13 1 -3 9 9 
13 -15 13 2 6 4 5 11 2 -3 13 8 15 11 7 6 -7 11 -8 3 
-3 11 9 8 -5 -16 8 -9 6 -11 13 -16 4 13 16 11 6 -1 13 -8 
-8 13 -1 6 11 16 13 4 -16 13 -11 6 -9 8 -16 -5 8 9 11 -3 
3 -8 11 -7 6 7 11 15 8 13 -3 2 11 5 4 6 2 13 -15 13 
9 9 -3 1 13 3 16 13 -8 2 16 -12 6 13 1 2 11 12 -2 16 
10 11 13 1 1 3 -9 16 11 2 -5 14 0 9 6 4 0 -16 -16 -10 
10 4 3 1 0 -4 -5 -14 12 13 -3 16 -12 -11 16 -9 -12 3 7 6 
9 15 2 8 -8 -13 15 14 -6 9 -5 8 6 4 -11 12 6 3 -12 16 
3 9 4 11 -1 7 -7 9 14 0 13 -13 12 11 -10 -6 -1 1 -16 -8 
-14 1 6 -9 7 1 12 -10 5 -16 16 6 -7 4 0 9 13 7 -8 8 
15 16 12 13 -9 -5 1 5 -8 1 11 2 -7 -2 14 -7 -11 5 7 2 
7 6 16 14 5 -14 -5 12 11 -15 -10 12 12 5 13 1 16 10 13 13 
58
5
14 1
14 16
18 11
15 13
6 15
5 18
5 3
1 8
4 6
13 4
12
11 15 8
1 10 8
7 13 9
14 0 16
14 19 11
3 16 13
8 4 8
18 9 8
12 6 9
5 19 16
5 0 11
16 3 13
0
