10 18
8 6 9 8 1 5 2 0 1 9 7 9 -6 9 9 4 3 -10 
-6 10 8 -10 5 -4 5 -6 2 4 6 4 10 9 2 4 7 4 
3 -6 -4 5 5 6 -9 7 9 5 4 8 2 2 10 0 -6 8 
4 3 11 9 1 9 -5 2 -4 5 9 4 9 9 3 11 4 -10 
-5 -10 -8 7 6 3 -11 2 2 -2 9 4 -1 6 -8 9 -9 2 
2 -9 9 -8 6 -1 4 9 -2 2 2 -11 3 6 7 -8 -10 -5 
-10 4 11 3 9 9 4 9 5 -4 2 -5 9 1 9 11 3 4 
8 -6 0 10 2 2 8 4 5 9 7 -9 6 5 5 -4 -6 3 
4 7 4 2 9 10 4 6 4 2 -6 5 -4 5 -10 8 10 -6 
-10 3 4 9 9 -6 9 7 9 1 0 2 5 1 8 9 6 8 
59
6
3 10
6 17
0 15
9 15
9 8
2 6
6 7
3 0
9 2
0 2
0 9
7 11
10
0 1 11
3 1 11
4 2 15
1 0 16
2 17 9
9 16 11
6 16 11
5 15 15
8 17 16
7 0 9
14
0 12
8 6
6 2
0 17
4 7
0 3
1 15
9 5
1 11
3 15
9 0
5 10
9 14
8 2
