20 20
1 -1 1 1 -7 3 -5 2 5 7 5 1 2 3 -1 -3 5 3 8 2 
8 5 -5 3 1 1 1 2 8 7 -3 2 4 6 -5 4 0 1 8 3 
6 0 3 7 7 2 5 2 -3 0 -5 8 3 8 2 8 7 -5 8 7 
-7 -7 2 8 -2 1 7 -2 7 0 4 -3 3 -5 8 8 7 5 5 4 
6 5 3 6 8 1 5 -5 7 8 5 5 2 3 5 -2 8 2 1 -4 
5 1 2 -7 6 7 4 1 1 8 4 8 2 5 6 5 3 -8 5 7 
5 1 4 2 7 3 -7 0 2 4 1 3 7 0 -3 7 -5 3 0 -7 
7 -7 8 6 8 7 5 -4 1 8 -3 6 1 6 -4 1 -8 4 -2 7 
8 -2 6 -2 0 -6 4 7 7 1 1 3 7 0 1 7 -8 3 2 0 
-6 8 2 6 -4 1 1 1 5 -7 7 1 5 4 -8 -6 1 -2 0 4 
4 0 -2 1 -6 -8 4 5 1 7 -7 5 1 1 1 -4 6 2 8 -6 
0 2 3 -8 7 1 0 7 3 1 1 7 7 4 -6 0 -2 6 -2 8 
7 -2 4 -8 1 -4 6 1 6 -3 8 1 -4 5 7 8 6 8 -7 7 
-7 0 3 -5 7 -3 0 7 3 1 4 2 0 -7 3 7 2 4 1 5 
7 5 -8 3 5 6 5 2 8 4 8 1 1 4 7 6 -7 2 1 5 
-4 1 2 8 -2 5 3 2 5 5 8 7 -5 5 1 8 6 3 5 6 
4 5 5 7 8 8 -5 3 -3 4 0 7 -2 7 1 -2 8 2 -7 -7 
7 8 -5 7 8 2 8 3 8 -5 0 -3 2 5 2 7 7 3 0 6 
3 8 1 0 4 -5 6 4 2 -3 7 8 2 1 1 1 3 -5 5 8 
2 8 3 5 -3 -1 3 2 1 5 7 5 2 -5 3 -7 1 1 -1 1 
39
8
3 15
8 7
10 6
4 16
19 4
19 8
19 0
3 10
16 4
11 12
9 13
15 3
0 15
0 11
0 19
16 9
12
2 1 12
5 14 12
0 17 8
1 9 15
16 5 14
12 6 11
17 18 12
14 5 12
19 2 8
18 10 15
3 14 14
7 13 11
0
