20 20
4 3 3 2 4 2 1 -1 1 4 3 -1 -1 3 0 1 0 2 -2 3 
2 3 4 -3 -4 2 2 1 3 3 0 4 4 3 3 4 3 3 4 1 
2 2 -2 -1 2 2 -4 -4 -4 0 2 -4 1 2 -2 -1 -1 0 4 -3 
4 -3 0 1 0 -3 1 -2 2 2 -1 1 1 -2 1 4 0 -4 1 2 
3 3 -3 1 2 1 -4 1 1 2 2 2 1 0 0 -3 2 1 3 4 
-1 1 3 3 2 -4 4 2 -1 3 4 2 4 4 0 3 0 2 -4 1 
1 2 1 1 0 -4 3 2 4 3 4 3 3 1 1 -2 4 4 4 -1 
-1 4 -2 -1 2 0 4 2 2 2 2 4 1 3 3 -4 4 -1 1 2 
2 2 2 -1 2 0 -3 0 3 1 3 2 -2 4 3 2 3 3 3 4 
1 0 1 -4 2 0 -4 4 4 0 3 -4 3 3 1 2 0 4 3 3 
3 3 4 0 2 1 3 3 -4 3 0 4 4 -4 0 2 -4 1 0 1 
4 3 3 3 2 3 4 -2 2 3 1 3 0 -3 0 2 -1 2 2 2 
2 1 -1 4 -4 3 3 1 4 2 2 2 2 4 0 2 -1 -2 4 -1 
-1 4 4 4 -2 1 1 3 3 4 3 4 2 3 -4 0 1 1 2 1 
1 -4 2 0 3 0 4 4 2 4 3 -1 2 4 -4 2 3 3 1 -1 
4 3 1 2 -3 0 0 1 2 2 2 1 1 -4 1 2 1 -3 3 3 
2 1 -4 0 4 1 -2 1 1 -1 2 2 -2 1 -3 0 1 0 -3 4 
-3 4 0 -1 -1 -2 2 1 -4 2 0 -4 -4 -4 2 2 -1 -2 2 2 
1 4 3 3 4 3 3 4 4 0 3 3 1 2 2 -4 -3 4 3 2 
3 -2 2 0 1 0 3 -1 -1 3 4 1 -1 1 2 4 2 3 3 4 
34
2
4 16
10 9
15 3
9 10
18
14 4 11
5 11 16
9 15 11
15 5 12
13 16 9
16 10 14
6 12 13
14 11 10
0 1 12
5 15 11
14 8 16
10 4 11
4 14 12
6 3 9
3 9 14
13 7 13
5 8 10
19 18 12
0
