16 13
1 0 3 2 2 3 2 1 3 -2 2 1 3 
3 2 1 3 1 -1 -1 3 -2 3 2 0 2 
2 -1 -1 3 2 -2 2 2 -3 -2 0 3 0 
1 3 3 3 3 0 2 -3 0 -3 -3 1 1 
2 1 -3 0 2 -1 -2 2 -3 1 1 3 1 
3 2 -3 1 -3 3 2 -3 -2 -3 3 3 0 
2 3 3 2 3 3 3 2 -3 1 1 1 0 
0 1 2 2 3 1 -3 0 -3 0 2 2 2 
2 2 2 0 -3 0 -3 1 3 2 2 1 0 
0 1 1 1 -3 2 3 3 3 2 3 3 2 
0 3 3 -3 -2 -3 2 3 -3 1 -3 2 3 
1 3 1 1 -3 2 -2 -1 2 0 -3 1 2 
1 1 -3 -3 0 -3 2 0 3 3 3 3 1 
0 3 0 -2 -3 2 2 -2 2 3 -1 -1 2 
2 0 2 3 -2 3 -1 -1 1 3 1 2 3 
3 1 2 -2 3 1 2 3 2 2 3 0 1 
55
4
8 9
12 5
4 11
2 11
7 3
3 7
11 1
13 1
18
3 11 11
12 11 8
9 0 8
4 2 12
1 9 12
8 11 12
7 12 11
1 5 10
15 9 12
12 1 11
3 1 8
6 12 8
11 10 12
14 3 12
7 1 12
8 0 11
14 7 10
0 3 12
14
3 5
10 3
1 10
15 6
13 11
15 0
1 8
12 7
5 9
14 2
0 6
2 1
0 12
14 4
