17 11
-5 0 2 0 -2 7 1 6 6 8 7 
-6 8 8 6 -7 -8 1 3 1 0 4 
1 5 0 6 5 -1 1 5 3 2 8 
3 -4 6 1 7 -3 3 -4 0 5 1 
4 6 0 0 4 3 8 8 5 6 7 
2 -8 -6 -2 2 6 6 5 3 8 -3 
8 -4 4 6 8 7 3 8 7 -6 2 
0 7 6 4 3 -4 8 8 3 -1 -6 
6 0 6 5 -1 -8 -1 5 6 0 6 
-6 -1 3 8 8 -4 3 4 6 7 0 
2 -6 7 8 3 7 8 6 4 -4 8 
-3 8 3 5 6 6 2 -2 -6 -8 2 
7 6 5 8 8 3 4 0 0 6 4 
1 5 0 -4 3 -3 7 1 6 -4 3 
8 2 3 5 1 -1 5 6 0 5 1 
4 0 1 3 1 -8 -7 6 8 8 -6 
7 8 6 6 1 7 -2 0 2 0 -5 
50
5
16 1
8 0
10 4
0 2
13 3
0 9
8 10
6 6
16 8
3 7
12
6 8 15
4 8 8
1 5 14
12 7 8
10 6 9
3 2 16
10 2 15
12 2 8
15 5 14
4 3 8
6 4 9
13 8 16
14
9 4
6 9
11 1
5 8
14 3
15 4
14 4
7 6
10 1
5 9
11 2
2 7
1 6
2 6
