20 20
0 2 1 1 3 -1 3 3 3 2 -3 0 1 2 -2 0 3 3 0 1 
0 3 2 -1 -2 -3 0 3 -2 1 2 0 3 0 3 -2 0 -3 -3 3 
2 1 -2 3 2 -2 2 -3 0 2 0 0 2 2 0 1 2 3 1 2 
1 1 -1 1 3 -3 1 2 3 3 1 0 2 3 2 3 -2 3 0 3 
3 3 0 0 2 -2 0 -2 1 0 2 -2 0 2 1 3 1 -1 3 -1 
0 -3 -3 1 3 3 1 3 -1 1 2 1 2 1 1 3 0 0 -2 2 
-3 1 1 2 1 0 0 -1 -1 2 -2 -1 -1 2 -1 0 3 1 -2 1 
0 3 1 -2 1 2 3 0 1 1 2 1 3 -1 1 3 2 1 3 1 
3 1 1 2 1 3 -1 -3 3 2 2 1 3 -1 3 3 -2 0 1 -2 
3 1 3 -1 -1 -2 0 -3 0 1 2 2 2 2 -2 1 -3 1 0 3 
3 0 1 -3 1 -2 2 2 2 2 1 0 -3 0 -2 -1 -1 3 1 3 
-2 1 0 -2 3 3 -1 3 1 2 2 3 -3 -1 3 1 2 1 1 3 
1 3 1 2 3 1 -1 3 1 2 1 1 0 3 2 1 -2 1 3 0 
1 -2 1 3 0 -1 2 -1 -1 -2 2 -1 -1 0 0 1 2 1 1 -3 
2 -2 0 0 3 1 1 2 1 2 1 -1 3 1 3 3 1 -3 -3 0 
-1 3 -1 1 3 1 2 0 -2 2 0 1 -2 0 -2 2 0 0 3 3 
3 0 3 -2 3 2 3 2 0 1 3 3 2 1 -3 3 1 -1 1 1 
2 1 3 2 1 0 2 2 0 0 2 0 -3 2 -2 2 3 -2 1 2 
3 -3 -3 0 -2 3 0 3 0 2 1 -2 3 0 -3 -2 -1 2 3 0 
1 0 3 3 0 -2 2 1 0 -3 2 3 3 3 -1 3 1 1 2 0 
47
4
14 2
1 4
16 19
16 6
5 17
18 15
3 0
3 13
20
9 19 12
4 9 12
1 18 10
1 0 11
17 5 8
17 18 15
12 11 15
11 7 14
19 11 8
19 15 9
10 0 12
15 10 12
18 1 10
18 19 11
2 14 8
2 1 15
7 8 15
8 12 14
0 8 8
0 4 9
0
