17 11
1 13 14 4 12 -20 -4 -2 16 16 2 
-5 4 17 18 0 13 2 11 8 -1 1 
6 16 8 -17 5 16 3 -16 17 15 -19 
20 1 -16 -8 9 -11 -14 -5 2 5 -13 
2 19 10 9 9 18 15 15 17 16 12 
17 2 10 5 15 -13 -15 -7 -20 -2 1 
17 -3 -3 7 7 0 8 9 10 12 -1 
-9 18 -19 10 18 18 7 20 -3 7 5 
3 19 -6 14 -14 2 -14 14 -6 19 3 
5 7 -3 20 7 18 18 10 -19 18 -9 
-1 12 10 9 8 0 7 7 -3 -3 17 
1 -2 -20 -7 -15 -13 15 5 10 2 17 
12 16 17 15 15 18 9 9 10 19 2 
-13 5 2 -5 -14 -11 9 -8 -16 1 20 
-19 15 17 -16 3 16 5 -17 8 16 6 
1 -1 8 11 2 13 0 18 17 4 -5 
2 16 16 -2 -4 -20 12 4 14 13 1 
52
2
0 6
15 1
16 4
1 9
10
2 6 16
15 2 10
10 8 9
0 9 10
13 1 13
14 4 16
1 8 10
6 2 9
16 1 10
3 9 13
16
1 0
7 10
14 10
10 0
6 5
12 0
14 6
6 8
15 10
9 0
2 0
6 10
10 5
4 10
2 4
10 2
