17 20
0 11 -13 15 3 -4 0 -2 10 5 10 7 -18 -1 1 26 4 -10 8 14 
11 21 15 -1 19 22 3 14 8 -19 23 19 -5 9 3 0 -19 12 3 12 
24 14 2 -16 3 15 10 19 -20 8 11 5 -18 -11 8 6 -9 10 -10 6 
-2 -27 24 17 10 -14 24 16 19 11 1 19 17 -2 15 12 -25 4 23 -6 
1 5 11 4 -10 -1 25 -3 7 14 -11 -16 -1 21 1 16 15 4 -10 11 
17 20 -17 16 -17 -5 -2 -24 16 18 21 23 17 -9 -3 18 -27 12 5 -27 
16 13 25 22 12 24 14 25 25 -12 2 0 -18 -27 10 8 25 -21 24 27 
15 7 27 19 1 14 10 5 4 17 18 -18 13 -14 19 26 17 27 19 13 
23 7 3 -20 -9 25 15 27 23 -12 -12 23 27 15 25 -9 -20 3 7 23 
13 19 27 17 26 19 -14 13 -18 18 17 4 5 10 14 1 19 27 7 15 
27 24 -21 25 8 10 -27 -18 0 2 -12 25 25 14 24 12 22 25 13 16 
-27 5 12 -27 18 -3 -9 17 23 21 18 16 -24 -2 -5 -17 16 -17 20 17 
11 -10 4 15 16 1 21 -1 -16 -11 14 7 -3 25 -1 -10 4 11 5 1 
-6 23 4 -25 12 15 -2 17 19 1 11 19 16 24 -14 10 17 24 -27 -2 
6 -10 10 -9 6 8 -11 -18 5 11 8 -20 19 10 15 3 -16 2 14 24 
12 3 12 -19 0 3 9 -5 19 23 -19 8 14 3 22 19 -1 15 21 11 
14 8 -10 4 26 1 -1 -18 7 10 5 10 -2 0 -4 3 15 -13 11 0 
54
7
2 6
13 6
13 2
1 8
12 16
9 12
10 15
14 13
3 13
3 17
15 11
4 3
7 7
6 4
16
12 17 13
16 2 9
3 8 16
12 14 10
3 14 13
1 11 9
3 11 12
11 13 12
4 2 13
0 17 9
13 11 16
4 5 10
13 5 13
15 8 9
13 8 12
5 6 12
30
9 5
7 9
15 14
10 17
11 17
1 6
10 6
14 6
14 8
10 7
11 9
16 19
0 18
6 8
7 10
7 14
9 10
1 5
6 2
5 2
15 13
6 13
2 13
2 11
6 12
5 10
0 0
16 1
10 11
9 9
