11 16
13 -11 -9 13 -4 -5 1 1 7 2 1 -13 -15 0 -2 8 
5 -2 10 7 -13 15 9 11 11 11 -5 5 -13 9 9 10 
11 10 -1 12 -8 -9 6 4 2 3 2 1 8 15 -3 11 
-6 -6 6 4 -6 0 8 -5 2 9 10 6 1 7 1 1 
14 7 6 7 3 -3 7 -7 2 -8 3 2 -7 -6 10 1 
6 13 7 13 6 15 2 10 10 2 15 6 13 7 13 6 
1 10 -6 -7 2 3 -8 2 -7 7 -3 3 7 6 7 14 
1 1 7 1 6 10 9 2 -5 8 0 -6 4 6 -6 -6 
11 -3 15 8 1 2 3 2 4 6 -9 -8 12 -1 10 11 
10 9 9 -13 5 -5 11 11 11 9 15 -13 7 10 -2 5 
8 -2 0 -15 -13 1 2 7 1 1 -5 -4 13 -9 -11 13 
45
2
10 9
10 0
0 6
0 15
12
9 4 11
7 2 16
8 12 10
9 6 15
3 9 13
0 9 11
1 11 11
3 13 16
2 3 10
1 9 15
7 6 13
10 6 11
10
1 8
1 4
4 0
9 3
5 7
9 7
9 11
6 15
1 12
5 8
