15 13
6 6 -6 2 6 1 3 3 2 -3 -6 5 2 
2 -5 3 1 5 -4 -4 2 0 2 -3 1 -4 
1 4 4 2 -5 2 2 0 6 -4 4 4 3 
2 4 -3 1 5 -4 1 1 1 4 -4 -1 -3 
4 3 -3 1 5 1 4 6 2 5 1 5 -3 
6 6 3 6 1 0 6 3 2 -3 2 -6 3 
-2 3 -5 1 1 -5 1 5 1 5 1 -1 5 
-3 -3 -5 4 -3 6 5 6 -3 4 -5 -3 -3 
5 -1 1 5 1 5 1 -5 1 1 -5 3 -2 
3 -6 2 -3 2 3 6 0 1 6 3 6 6 
-3 5 1 5 2 6 4 1 5 1 -3 3 4 
-3 -1 -4 4 1 1 1 -4 5 1 -3 4 2 
3 4 4 -4 6 0 2 2 -5 2 4 4 1 
-4 1 -3 2 0 2 -4 -4 5 1 3 -5 2 
2 5 -6 -3 2 3 3 1 6 2 -6 6 6 
51
7
7 0
5 6
3 6
7 2
6 12
9 11
7 8
7 12
9 6
11 6
7 10
8 0
5 1
7 4
6
13 7 8
0 3 13
0 9 13
1 5 8
14 9 13
14 3 13
14
5 7
6 0
2 9
9 7
10 11
2 12
10 5
9 5
8 12
12 3
5 5
4 1
12 0
4 7
