17 19
11 -10 3 11 11 13 -2 5 -6 7 7 11 14 12 7 8 14 8 10 
13 -12 -4 3 6 -7 14 10 14 3 1 8 10 9 10 -10 4 -3 -13 
3 -2 0 -9 1 13 4 5 8 -2 9 15 2 12 5 9 6 12 -6 
0 -5 6 0 3 10 9 1 12 6 -9 8 8 -2 -10 6 11 9 5 
-4 -9 4 9 7 8 6 4 -8 1 5 -9 4 -2 -2 -11 8 -7 15 
-3 10 1 -8 13 -1 -9 -3 5 10 8 7 9 12 0 5 -13 2 13 
8 -1 9 12 3 4 11 3 1 4 12 -2 5 10 15 11 4 -5 5 
13 2 -10 -1 2 6 10 15 4 7 13 -15 11 6 -10 4 5 -13 7 
12 13 12 13 13 2 12 -9 1 1 1 -9 12 2 13 13 12 13 12 
7 -13 5 4 -10 6 11 -15 13 7 4 15 10 6 2 -1 -10 2 13 
5 -5 4 11 15 10 5 -2 12 4 1 3 11 4 3 12 9 -1 8 
13 2 -13 5 0 12 9 7 8 10 5 -3 -9 -1 13 -8 1 10 -3 
15 -7 8 -11 -2 -2 4 -9 5 1 -8 4 6 8 7 9 4 -9 -4 
5 9 11 6 -10 -2 8 8 -9 6 12 1 9 10 3 0 6 -5 0 
-6 12 6 9 5 12 2 15 9 -2 8 5 4 13 1 -9 0 -2 3 
-13 -3 4 -10 10 9 10 8 1 3 14 10 14 -7 6 3 -4 -12 13 
10 8 14 8 7 12 14 11 7 7 -6 5 -2 13 11 11 3 -10 11 
31
6
0 13
15 5
6 11
15 14
13 9
8 10
16 5
1 13
10 7
1 4
3 9
8 8
10
14 1 13
8 17 16
15 12 8
0 1 12
9 14 9
2 17 13
8 1 16
1 6 8
16 17 12
7 4 9
30
10 18
9 17
16 10
14 6
7 6
14 8
9 6
1 7
5 9
14 11
12 7
2 15
7 18
10 9
5 17
6 0
7 1
0 8
2 12
9 12
2 10
7 12
15 11
11 9
2 7
4 11
14 3
9 0
6 9
11 1
