18 13
4 6 5 1 1 0 1 0 3 6 4 -7 0 
7 5 5 1 4 0 6 1 7 4 -4 3 6 
5 3 5 2 5 7 2 0 3 5 4 4 -3 
-6 -5 4 6 -3 4 2 7 -6 2 4 6 0 
6 0 -5 4 -5 -1 3 -6 0 3 4 1 -1 
5 -1 0 3 4 -2 2 6 5 1 2 6 2 
5 1 2 -6 2 6 6 2 3 1 -4 0 4 
0 0 3 1 -7 -2 6 3 -1 1 3 -1 6 
-6 2 0 -4 4 -4 1 1 7 -1 7 6 -2 
-2 6 7 -1 7 1 1 -4 4 -4 0 2 -6 
6 -1 3 1 -1 3 6 -2 -7 1 3 0 0 
4 0 -4 1 3 2 6 6 2 -6 2 1 5 
2 6 2 1 5 6 2 -2 4 3 0 -1 5 
-1 1 4 3 0 -6 3 -1 -5 4 -5 0 6 
0 6 4 2 -6 7 2 4 -3 6 4 -5 -6 
-3 4 4 5 3 0 2 7 5 2 5 3 5 
6 3 -4 4 7 1 6 0 4 1 5 5 7 
0 -7 4 6 3 0 1 0 1 1 5 6 4 
30
2
12 0
16 7
5 12
1 5
10
13 4 9
14 1 14
13 9 16
14 7 10
1 0 14
4 8 9
3 11 14
4 3 16
3 5 10
16 12 14
20
0 3
3 8
3 0
1 12
10 7
12 6
0 2
5 11
8 10
0 5
17 9
14 4
14 12
16 0
7 5
5 6
17 10
12 1
9 2
17 7
