17 18
20 0 2 14 7 11 12 -12 11 2 17 14 -10 -1 7 10 3 3 
9 9 9 -7 14 11 20 6 5 7 19 12 3 9 13 -17 11 4 
-5 13 3 10 1 11 8 8 7 12 20 -15 20 16 18 13 16 17 
2 16 -20 13 15 5 3 -10 1 0 17 2 -9 8 12 -5 9 -7 
19 8 3 -6 6 -14 -5 13 18 18 1 12 3 -17 -13 15 -6 14 
-2 -7 -1 13 13 17 6 16 -8 19 -7 1 19 2 3 17 -4 18 
9 10 2 1 1 13 1 7 -16 9 2 11 3 17 2 3 14 9 
12 3 13 17 -12 7 7 9 15 -18 -13 11 19 -1 14 19 9 4 
18 15 10 14 15 14 7 -1 10 10 -1 7 14 15 14 10 15 18 
4 9 19 14 -1 19 11 -13 -18 15 9 7 7 -12 17 13 3 12 
9 14 3 2 17 3 11 2 9 -16 7 1 13 1 1 2 10 9 
18 -4 17 3 2 19 1 -7 19 -8 16 6 17 13 13 -1 -7 -2 
14 -6 15 -13 -17 3 12 1 18 18 13 -5 -14 6 -6 3 8 19 
-7 9 -5 12 8 -9 2 17 0 1 -10 3 5 15 13 -20 16 2 
17 16 13 18 16 20 -15 20 12 7 8 8 11 1 10 3 13 -5 
4 11 -17 13 9 3 12 19 7 5 6 20 11 14 -7 9 9 9 
3 3 10 7 -1 -10 14 17 2 11 -12 12 11 7 14 2 0 20 
30
4
3 4
3 5
10 14
11 6
13 13
13 12
6 3
5 11
6
14 3 8
0 15 13
14 1 8
2 14 8
16 2 13
2 16 8
24
14 7
1 7
5 12
13 0
1 6
4 2
5 9
1 14
4 8
10 15
6 17
14 4
2 10
15 10
11 5
3 17
15 11
12 15
11 8
15 3
12 9
6 2
10 0
2 13
