16 12
0 1 20 6 5 13 23 21 1 11 -17 11 
-5 21 23 7 23 -21 7 5 8 4 10 22 
-7 20 -2 12 18 -10 12 1 2 -18 11 17 
14 10 10 14 11 1 11 7 4 4 19 1 
3 0 -4 15 0 7 8 -7 9 8 8 19 
13 4 14 21 13 4 -20 10 3 4 -21 6 
2 8 -18 5 -13 -23 16 5 3 -13 15 -18 
-2 23 2 -6 20 20 9 17 12 2 15 10 
10 15 2 12 17 9 20 20 -6 2 23 -2 
-18 15 -13 3 5 16 -23 -13 5 -18 8 2 
6 -21 4 3 10 -20 4 13 21 14 4 13 
19 8 8 9 -7 8 7 0 15 -4 0 3 
1 19 4 4 7 11 1 11 14 10 10 14 
17 11 -18 2 1 12 -10 18 12 -2 20 -7 
22 10 4 8 5 7 -21 23 7 23 21 -5 
11 -17 11 1 21 23 13 5 6 20 1 0 
46
6
12 3
14 0
15 7
14 10
14 4
13 1
3 8
1 11
0 4
1 1
1 7
2 10
14
7 10 9
5 11 16
0 11 12
8 9 13
7 11 8
7 5 9
5 9 13
8 1 9
10 0 16
15 0 12
7 2 13
8 0 8
8 6 9
10 2 13
18
13 8
14 9
11 5
5 6
0 8
5 7
9 7
15 11
1 5
2 3
1 2
4 6
10 5
15 3
10 4
6 4
0 0
14 6
