20 20
-1 6 5 7 -7 2 -2 3 5 6 5 3 7 8 -6 0 4 8 -5 -7 
2 8 -8 6 -6 6 5 1 5 4 7 -4 2 8 5 4 3 1 4 2 
1 -1 5 8 2 8 5 0 7 5 4 7 6 5 5 5 -7 8 3 2 
-3 4 5 -6 0 5 7 5 6 4 -8 2 4 -5 1 1 6 -6 1 8 
-2 8 2 -1 7 -1 6 4 6 -6 5 -7 -2 6 7 8 2 6 6 2 
6 6 4 7 5 -2 6 2 7 5 4 6 2 7 1 6 4 -1 -3 -1 
-1 3 4 -4 -7 5 3 0 -8 6 2 -2 1 -6 4 -3 -7 0 7 6 
-6 6 7 1 3 7 -4 -1 8 7 5 7 8 -6 1 2 7 3 1 0 
-2 4 -8 6 0 6 4 3 4 1 8 6 4 6 -1 7 -8 6 3 4 
4 7 -6 2 -5 8 7 2 -6 -4 5 -5 -2 3 -1 -5 7 7 3 0 
0 3 7 7 -5 -1 3 -2 -5 5 -4 -6 2 7 8 -5 2 -6 7 4 
4 3 6 -8 7 -1 6 4 6 8 1 4 3 4 6 0 6 -8 4 -2 
0 1 3 7 2 1 -6 8 7 5 7 8 -1 -4 7 3 1 7 6 -6 
6 7 0 -7 -3 4 -6 1 -2 2 6 -8 0 3 5 -7 -4 4 3 -1 
-1 -3 -1 4 6 1 7 2 6 4 5 7 2 6 -2 5 7 4 6 6 
2 6 6 2 8 7 6 -2 -7 5 -6 6 4 6 -1 7 -1 2 8 -2 
8 1 -6 6 1 1 -5 4 2 -8 4 6 5 7 5 0 -6 5 4 -3 
2 3 8 -7 5 5 5 6 7 4 5 7 0 5 8 2 8 5 -1 1 
2 4 1 3 4 5 8 2 -4 7 4 5 1 5 6 -6 6 -8 8 2 
-7 -5 8 4 0 -6 8 7 3 5 6 5 3 -2 2 -7 7 5 6 -1 
45
8
13 7
5 2
16 6
9 16
0 16
10 16
3 1
12 2
6 12
14 17
3 13
10 3
19 3
9 3
16 18
7 17
14
5 13 16
8 10 13
12 17 13
14 2 11
1 6 12
18 8 10
10 4 13
14 6 16
11 9 13
7 2 13
5 17 11
18 13 12
1 11 10
9 15 13
0
