20 18
2 4 -6 5 2 1 0 1 -5 3 6 3 0 0 6 2 3 3 
5 5 1 -2 0 3 0 1 2 -5 5 1 -6 5 5 5 0 5 
0 5 -1 5 3 -1 1 5 6 -3 -1 -6 5 6 -2 -2 -6 3 
-3 4 1 1 6 2 2 3 5 2 4 1 -4 2 5 3 2 5 
5 2 5 1 -3 3 6 6 6 5 0 0 2 2 -5 1 -3 1 
1 3 6 -3 4 -6 1 4 1 0 5 -6 6 5 6 5 -5 4 
1 5 3 4 3 -4 3 2 4 6 2 5 -5 -5 6 2 3 1 
0 6 3 3 -3 5 2 5 2 3 6 5 2 0 -5 2 -4 -6 
6 -4 6 2 6 0 1 5 3 -1 6 2 6 0 6 3 -1 0 
0 6 0 3 -6 6 3 5 -5 -1 4 1 2 -6 4 1 -2 3 
3 -2 1 4 -6 2 1 4 -1 -5 5 3 6 -6 3 0 6 0 
0 -1 3 6 0 6 2 6 -1 3 5 1 0 6 2 6 -4 6 
-6 -4 2 -5 0 2 5 6 3 2 5 2 5 -3 3 3 6 0 
1 3 2 6 -5 -5 5 2 6 4 2 3 -4 3 4 3 5 1 
4 -5 5 6 5 6 -6 5 0 1 4 1 -6 4 -3 6 3 1 
1 -3 1 -5 2 2 0 0 5 6 6 6 3 -3 1 5 2 5 
5 2 3 5 2 -4 1 4 2 5 3 2 2 6 1 1 4 -3 
3 -6 -2 -2 6 5 -6 -1 -3 6 5 1 -1 3 5 -1 5 0 
5 0 5 5 5 -6 1 5 -5 2 1 0 3 0 -2 1 5 5 
3 3 2 6 0 0 3 6 3 -5 1 0 1 2 5 -6 4 2 
36
8
16 7
4 3
8 13
9 14
19 15
17 1
10 2
13 15
3 10
15 14
11 4
10 3
0 2
2 16
9 15
6 2
16
9 7 14
0 3 15
13 9 12
1 7 15
12 4 10
10 12 8
11 3 15
12 11 10
10 10 14
19 14 15
6 8 12
18 10 15
7 13 10
9 5 8
8 14 15
7 6 10
32
10 15
0 8
15 2
6 7
17 3
14 15
15 16
17 13
13 6
8 9
1 14
19 1
19 6
12 1
4 10
1 16
9 2
19 9
4 15
13 10
2 14
5 2
4 1
2 4
6 11
11 8
18 3
0 16
0 11
7 16
15 7
18 1
