20 20
1 2 3 5 -4 4 4 2 2 1 -3 -4 5 -3 3 2 3 5 4 2 
-5 5 3 -4 5 1 4 1 5 3 5 3 0 -4 1 -2 4 3 3 -5 
-3 -1 -4 -5 -2 1 3 3 3 1 0 3 4 -3 0 -4 -5 -5 1 3 
0 0 -4 0 1 5 0 5 5 5 -1 3 -5 3 0 1 4 5 -3 3 
3 3 2 1 4 1 3 -4 2 5 1 3 1 3 -3 1 -4 -2 2 -1 
1 4 0 0 4 1 5 3 2 -5 2 -5 -5 5 4 4 1 1 -1 1 
4 -2 3 5 5 0 3 0 0 5 2 1 5 -2 4 4 4 -5 4 3 
5 0 -2 5 3 0 3 0 4 3 -4 4 1 1 4 3 0 2 -5 4 
1 2 2 2 2 -5 -3 3 5 2 -4 -2 5 1 2 3 5 0 4 -3 
1 0 5 0 1 1 4 1 2 5 -3 5 -4 1 3 2 2 1 3 4 
4 3 1 2 2 3 1 -4 5 -3 5 2 1 4 1 1 0 5 0 1 
-3 4 0 5 3 2 1 5 -2 -4 2 5 3 -3 -5 2 2 2 2 1 
4 -5 2 0 3 4 1 1 4 -4 3 4 0 3 0 3 5 -2 0 5 
3 4 -5 4 4 4 -2 5 1 2 5 0 0 3 0 5 5 3 -2 4 
1 -1 1 1 4 4 5 -5 -5 2 -5 2 3 5 1 4 0 0 4 1 
-1 2 -2 -4 1 -3 3 1 3 1 5 2 -4 3 1 4 1 2 3 3 
3 -3 5 4 1 0 3 -5 3 -1 5 5 5 0 5 1 0 -4 0 0 
3 1 -5 -5 -4 0 -3 4 3 0 1 3 3 3 1 -2 -5 -4 -1 -3 
-5 3 3 4 -2 1 -4 0 3 5 3 5 1 4 1 5 -4 3 5 -5 
2 4 5 3 2 3 -3 5 -4 -3 1 2 2 4 4 -4 5 3 2 1 
53
8
3 4
9 7
15 7
0 13
19 0
17 0
11 17
17 18
16 15
10 12
4 12
19 6
0 19
2 19
8 2
2 1
18
7 15 9
13 15 12
7 9 11
12 8 9
18 8 9
5 0 11
1 18 9
1 13 9
1 17 12
12 4 9
6 4 12
12 10 11
7 11 9
1 11 9
14 19 11
18 1 9
18 6 9
18 2 12
0
