20 20
1 3 4 1 2 2 2 1 3 2 4 3 1 4 2 -2 3 4 4 -2 
1 2 0 3 3 4 -1 4 3 3 2 2 2 0 2 4 1 2 2 2 
-3 4 1 1 4 -2 -4 2 1 1 3 4 4 4 -1 -3 2 -1 3 2 
4 3 1 -2 2 4 -3 2 3 3 3 2 1 -3 1 2 -3 1 1 4 
4 -4 0 0 2 0 2 0 4 2 1 3 3 2 3 -2 1 3 -3 2 
0 -3 4 1 4 0 4 2 0 4 2 1 4 1 0 4 0 0 2 1 
2 -2 1 3 1 2 1 -2 -3 2 -4 3 -1 1 2 3 4 4 -4 -2 
2 1 1 1 2 2 0 1 4 4 4 -3 -3 2 2 1 1 2 4 4 
2 0 -3 0 -1 2 1 1 3 -4 0 3 1 4 3 3 -1 3 4 3 
0 -2 -1 -1 2 -4 4 -3 3 2 3 1 1 2 -4 4 2 1 -1 4 
4 -1 1 2 4 -4 2 1 1 3 2 3 -3 4 -4 2 -1 -1 -2 0 
3 4 3 -1 3 3 4 1 3 0 -4 3 1 1 2 -1 0 -3 0 2 
4 4 2 1 1 2 2 -3 -3 4 4 4 1 0 2 2 1 1 1 2 
-2 -4 4 4 3 2 1 -1 3 -4 2 -3 -2 1 2 1 3 1 -2 2 
1 2 0 0 4 0 1 4 1 2 4 0 2 4 0 4 1 4 -3 0 
2 -3 3 1 -2 3 2 3 3 1 2 4 0 2 0 2 0 0 -4 4 
4 1 1 -3 2 1 -3 1 2 3 3 3 2 -3 4 2 -2 1 3 4 
2 3 -1 2 -3 -1 4 4 4 3 1 1 2 -4 -2 4 1 1 4 -3 
2 2 2 1 4 2 0 2 2 2 3 3 4 -1 4 3 3 0 2 1 
-2 4 4 3 -2 2 4 1 3 4 2 3 1 2 2 2 1 4 3 1 
34
8
15 18
4 14
5 0
6 13
10 1
4 0
17 0
16 6
4 1
15 5
14 19
13 6
9 18
15 19
2 19
3 13
14
10 16 13
8 9 10
16 3 8
6 18 13
0 10 16
19 1 13
2 5 8
9 3 13
11 10 10
3 16 8
13 1 13
19 9 16
0 18 13
17 14 8
0
