18 18
5 -6 10 -7 6 5 7 2 -2 13 -7 13 -1 11 6 3 13 11 
10 0 -4 8 6 -2 1 2 5 11 11 -4 12 0 5 3 5 3 
5 -7 1 11 0 -6 13 -5 1 -6 8 4 -12 7 -11 13 6 9 
13 6 11 9 11 6 8 -7 -5 -5 10 -7 11 -13 0 7 8 12 
5 9 0 1 11 0 10 4 12 -3 8 -4 -2 3 4 9 -3 6 
5 -3 1 3 5 11 6 13 7 -11 10 7 -6 10 2 11 11 -2 
7 13 0 5 1 0 -4 0 10 -5 -4 1 12 11 3 11 3 -9 
10 4 9 8 13 0 -2 -6 -8 6 1 12 12 -4 8 10 2 9 
2 11 0 -1 3 3 10 -3 3 -6 5 2 12 -9 -4 4 7 10 
10 7 4 -4 -9 12 2 5 -6 3 -3 10 3 3 -1 0 11 2 
9 2 10 8 -4 12 12 1 6 -8 -6 -2 0 13 8 9 4 10 
-9 3 11 3 11 12 1 -4 -5 10 0 -4 0 1 5 0 13 7 
-2 11 11 2 10 -6 7 10 -11 7 13 6 11 5 3 1 -3 5 
6 -3 9 4 3 -2 -4 8 -3 12 4 10 0 11 1 0 9 5 
12 8 7 0 -13 11 -7 10 -5 -5 -7 8 6 11 9 11 6 13 
9 6 13 -11 7 -12 4 8 -6 1 -5 13 -6 0 11 1 -7 5 
3 5 3 5 0 12 -4 11 11 5 2 1 -2 6 8 -4 0 10 
11 13 3 6 11 -1 13 -7 13 -2 2 7 5 6 -7 10 -6 5 
37
3
10 8
11 0
13 0
7 9
6 17
4 17
16
6 14 14
0 15 16
2 11 8
4 14 14
12 8 11
15 7 16
13 16 16
12 2 13
11 3 14
17 2 16
15 6 8
13 3 14
5 9 11
2 10 16
4 1 16
5 15 13
22
7 10
11 1
14 6
8 9
13 10
13 12
8 7
15 0
12 7
11 9
12 11
10 7
6 16
3 11
9 8
4 7
4 5
9 10
2 17
5 10
6 8
5 6
