19 20
-1 2 3 3 3 2 3 0 1 2 -3 2 0 0 0 -3 0 1 1 1 
3 3 3 3 -1 -1 3 -2 -2 2 1 0 1 3 2 3 -2 3 2 -1 
1 1 2 3 3 0 0 1 1 0 0 0 0 0 0 -3 0 3 2 2 
2 0 0 3 1 3 1 3 2 0 2 1 1 1 2 -3 2 2 3 1 
1 3 -3 1 -3 -1 2 2 1 3 -3 -2 2 1 2 3 1 2 0 2 
2 2 0 1 2 3 2 3 -3 3 1 1 2 2 1 3 -1 2 3 1 
-2 3 0 2 -1 -2 3 2 3 3 1 3 0 1 1 -3 2 3 3 0 
2 1 3 0 3 1 3 1 -2 1 0 3 -2 3 2 2 -1 3 1 3 
-2 1 3 2 3 3 -2 3 2 -2 1 -3 1 2 3 2 3 3 -2 0 
-3 0 3 2 -1 2 3 3 2 3 3 2 3 3 2 -1 2 3 0 -3 
0 -2 3 3 2 3 2 1 -3 1 -2 2 3 -2 3 3 2 3 1 -2 
3 1 3 -1 2 2 3 -2 3 0 1 -2 1 3 1 3 0 3 1 2 
0 3 3 2 -3 1 1 0 3 1 3 3 2 3 -2 -1 2 0 3 -2 
1 3 2 -1 3 1 2 2 1 1 3 -3 3 2 3 2 1 0 2 2 
2 0 2 1 3 2 1 2 -2 -3 3 1 2 2 -1 -3 1 -3 3 1 
1 3 2 2 -3 2 1 1 1 2 0 2 3 1 3 1 3 0 0 2 
2 2 3 0 -3 0 0 0 0 0 0 1 1 0 0 3 3 2 1 1 
-1 2 3 -2 3 2 3 1 0 1 2 -2 -2 3 -1 -1 3 3 3 3 
1 1 1 0 -3 0 0 0 2 -3 2 1 0 3 2 3 3 3 2 -1 
54
2
3 9
0 4
15 10
18 15
10
1 13 10
12 6 14
17 3 10
3 13 16
7 12 12
17 6 10
6 13 14
1 16 10
15 6 16
11 7 12
36
2 1
13 5
15 11
10 13
4 13
4 3
17 10
12 0
7 16
16 5
5 3
16 9
0 8
1 6
0 16
10 2
6 8
15 8
16 18
5 14
3 8
8 6
14 6
14 16
1 9
6 19
11 3
2 14
13 16
2 10
18 11
17 13
18 3
8 17
12 11
3 11
