19 11
-5 2 4 0 6 -1 5 4 -2 6 -5 
0 4 3 5 -6 3 4 5 -6 5 1 
1 6 1 1 4 2 0 5 2 2 6 
3 2 -6 1 6 4 5 1 4 4 1 
4 5 4 5 3 6 6 0 -4 -1 3 
-3 6 2 2 3 1 5 1 5 2 1 
0 -6 4 4 6 4 -1 6 5 6 3 
4 0 -4 5 -6 3 4 1 5 2 4 
6 -4 6 -4 4 2 2 -1 -4 1 -3 
6 3 2 1 2 6 2 1 2 3 6 
-3 1 -4 -1 2 2 4 -4 6 -4 6 
4 2 5 1 4 3 -6 5 -4 0 4 
3 6 5 6 -1 4 6 4 4 -6 0 
1 2 5 1 5 1 3 2 2 6 -3 
3 -1 -4 0 6 6 3 5 4 5 4 
1 4 4 1 5 4 6 1 -6 2 3 
6 2 2 5 0 2 4 1 1 6 1 
1 5 -6 5 4 3 -6 5 3 4 0 
-5 6 -2 4 5 -1 6 0 4 2 -5 
52
3
13 8
0 4
18 3
5 2
18 6
0 7
16
15 9 9
0 5 15
16 6 9
17 5 16
12 4 8
10 6 9
16 0 14
18 10 12
3 1 9
18 5 15
2 4 9
1 5 16
6 6 8
8 4 9
2 10 14
0 0 12
14
15 0
12 9
11 9
18 7
9 1
14 3
1 10
3 10
6 1
7 1
0 3
9 9
4 7
17 0
