16 17
10 12 11 -3 2 2 -14 15 -8 18 3 13 7 12 -12 11 4 
17 17 6 -14 5 19 19 7 7 -1 1 -12 18 10 15 19 4 
1 -4 5 11 8 19 1 17 -9 16 11 4 9 19 -3 -13 -16 
16 18 2 1 7 -17 -12 19 9 6 7 2 15 13 15 19 2 
-15 -16 14 -13 12 -13 0 6 7 -5 -16 -3 19 -10 9 -11 6 
2 14 6 5 14 19 -9 19 -7 -18 4 16 7 19 -13 9 9 
-18 15 16 18 2 -18 11 11 -3 14 -7 6 11 16 -15 -12 17 
11 6 17 4 -5 16 6 6 14 15 -6 10 1 7 3 15 7 
7 15 3 7 1 10 -6 15 14 6 6 16 -5 4 17 6 11 
17 -12 -15 16 11 6 -7 14 -3 11 11 -18 2 18 16 15 -18 
9 9 -13 19 7 16 4 -18 -7 19 -9 19 14 5 6 14 2 
6 -11 9 -10 19 -3 -16 -5 7 6 0 -13 12 -13 14 -16 -15 
2 19 15 13 15 2 7 6 9 19 -12 -17 7 1 2 18 16 
-16 -13 -3 19 9 4 11 16 -9 17 1 19 8 11 5 -4 1 
4 19 15 10 18 -12 1 -1 7 7 19 19 5 -14 6 17 17 
4 11 -12 12 7 13 3 18 -8 15 -14 2 2 -3 11 12 10 
39
7
12 13
3 10
1 9
7 11
10 13
14 5
11 6
3 3
12 6
14 7
8 5
5 3
1 11
4 10
14
13 7 13
13 4 15
1 4 10
2 7 15
0 14 12
15 9 10
15 13 10
2 9 13
2 12 15
14 12 10
13 9 15
15 2 12
0 7 10
0 3 10
22
5 12
14 0
3 1
9 12
9 7
4 5
13 2
0 4
4 13
6 10
7 14
10 4
1 16
12 15
6 4
6 9
11 11
2 14
15 12
11 3
9 6
8 2
