13 15
13 12 19 6 3 5 -5 19 12 5 2 15 -19 12 16 
1 -18 -20 -6 13 7 -1 13 8 5 7 -3 10 11 15 
-17 5 13 10 -5 17 3 10 21 16 4 14 4 1 2 
20 19 -11 19 -5 15 21 -7 15 19 -18 -19 -4 3 5 
21 10 7 8 10 18 16 -10 4 -1 3 16 9 17 0 
-9 -16 13 19 -3 8 3 8 4 -9 6 13 8 0 6 
4 4 4 11 7 7 16 15 16 7 7 11 4 4 4 
6 0 8 13 6 -9 4 8 3 8 -3 19 13 -16 -9 
0 17 9 16 3 -1 4 -10 16 18 10 8 7 10 21 
5 3 -4 -19 -18 19 15 -7 21 15 -5 19 -11 19 20 
2 1 4 14 4 16 21 10 3 17 -5 10 13 5 -17 
15 11 10 -3 7 5 8 13 -1 7 13 -6 -20 -18 1 
16 12 -19 15 2 5 12 19 -5 5 3 6 19 12 13 
60
8
8 14
4 12
9 5
11 2
8 10
8 5
3 2
4 3
4 0
8 2
3 9
1 12
4 4
4 9
9 12
8 11
14
5 6 13
0 11 14
8 3 12
7 11 9
0 2 12
3 11 11
10 0 12
7 8 13
12 3 14
4 11 12
5 3 9
12 12 12
9 3 11
2 14 12
18
4 6
4 2
11 4
1 7
2 12
1 11
0 6
12 10
0 3
8 8
8 12
1 10
11 7
10 2
11 3
12 8
0 4
12 11
