13 12
-5 30 -20 13 27 11 26 19 7 14 -10 23 
14 -27 -29 9 -27 15 15 10 10 1 -2 25 
28 26 16 7 8 21 14 6 13 -6 19 26 
28 -23 -5 12 29 11 -5 9 27 8 19 1 
20 18 12 2 16 30 13 16 29 9 29 1 
24 29 0 10 1 17 1 -8 27 11 6 19 
0 23 12 10 19 30 30 19 10 12 23 0 
19 6 11 27 -8 1 17 1 10 0 29 24 
1 29 9 29 16 13 30 16 2 12 18 20 
1 19 8 27 9 -5 11 29 12 -5 -23 28 
26 19 -6 13 6 14 21 8 7 16 26 28 
25 -2 1 10 10 15 15 -27 9 -29 -27 14 
23 -10 14 7 19 26 11 27 13 -20 30 -5 
33
7
7 2
8 7
4 9
6 3
7 11
1 7
0 8
5 9
4 4
8 2
6 8
5 0
11 4
12 3
6
11 8 9
12 4 13
10 7 9
1 3 9
0 7 13
2 4 9
10
8 9
6 7
7 9
3 6
3 2
4 2
6 4
5 2
9 5
9 9
