16 18
0 3 0 2 5 5 0 2 2 1 1 4 -1 -4 -4 5 4 4 
1 3 -3 4 -1 1 1 1 5 3 3 5 0 5 1 3 5 2 
-1 3 3 3 5 2 -2 -4 -1 0 -2 0 3 0 -2 0 2 4 
3 -2 3 4 3 1 1 3 5 0 -3 0 5 0 5 3 -2 3 
3 -5 3 2 5 4 4 5 0 0 1 -3 3 -2 3 2 5 2 
1 2 1 -2 -5 2 4 3 -1 2 -4 3 1 0 -3 5 3 5 
5 -4 5 3 2 -2 5 4 5 2 -3 4 5 3 1 4 2 -4 
5 0 4 -2 5 -5 5 2 1 3 4 5 3 5 5 2 -5 5 
5 -5 2 5 5 3 5 4 3 1 2 5 -5 5 -2 4 0 5 
-4 2 4 1 3 5 4 -3 2 5 4 5 -2 2 3 5 -4 5 
5 3 5 -3 0 1 3 -4 2 -1 3 4 2 -5 -2 1 2 1 
2 5 2 3 -2 3 -3 1 0 0 5 4 4 5 2 3 -5 3 
3 -2 3 5 0 5 0 -3 0 5 3 1 1 3 4 3 -2 3 
4 2 0 -2 0 3 0 -2 0 -1 -4 -2 2 5 3 3 3 -1 
2 5 3 1 5 0 5 3 3 5 1 1 1 -1 4 -3 3 1 
4 4 5 -4 -4 -1 4 1 1 2 2 0 5 5 2 0 3 0 
50
7
4 1
8 14
3 17
10 6
13 15
14 0
6 3
11 16
7 3
12 0
5 11
2 2
1 17
9 14
20
6 1 15
10 3 13
3 4 15
8 9 8
10 4 9
9 8 12
3 14 13
7 4 11
1 4 15
6 10 10
9 16 15
5 14 13
12 13 15
7 8 8
5 13 9
6 9 12
12 3 13
8 13 11
14 13 15
9 7 10
20
8 1
15 6
9 11
14 4
12 1
0 3
9 1
10 17
1 9
14 11
7 16
0 11
6 6
1 13
3 16
15 14
6 16
5 0
14 8
1 6
