14 17
8 -18 23 9 1 -11 27 2 25 14 9 9 23 -23 16 11 15 
7 2 20 0 20 18 20 23 15 15 13 25 10 -29 23 20 18 
-24 29 24 12 19 24 -15 15 -9 24 -7 7 2 4 8 -21 8 
26 -20 0 19 26 -25 6 -20 28 9 -18 19 10 22 6 14 28 
12 0 27 14 7 9 21 10 8 18 27 28 15 -29 25 -11 24 
-25 28 16 13 28 28 21 12 -6 24 7 25 17 -4 -8 6 0 
12 10 2 9 -20 -1 24 -28 23 0 2 -8 5 9 -11 19 24 
24 19 -11 9 5 -8 2 0 23 -28 24 -1 -20 9 2 10 12 
0 6 -8 -4 17 25 7 24 -6 12 21 28 28 13 16 28 -25 
24 -11 25 -29 15 28 27 18 8 10 21 9 7 14 27 0 12 
28 14 6 22 10 19 -18 9 28 -20 6 -25 26 19 0 -20 26 
8 -21 8 4 2 7 -7 24 -9 15 -15 24 19 12 24 29 -24 
18 20 23 -29 10 25 13 15 15 23 20 18 20 0 20 2 7 
15 11 16 -23 23 9 9 14 25 2 27 -11 1 9 23 -18 8 
39
7
11 8
6 2
0 16
12 15
1 5
5 6
13 4
2 8
7 14
13 0
1 1
12 11
8 10
0 12
16
1 10 15
6 0 10
7 13 14
13 11 16
3 10 10
12 8 14
6 16 14
4 14 9
12 6 15
7 16 10
6 3 14
0 5 16
10 6 10
1 8 14
7 0 14
9 2 9
14
8 0
8 14
1 6
11 7
1 0
1 9
0 11
5 16
5 2
12 10
2 9
12 16
12 7
13 5
