13 15
-18 12 1 10 15 4 1 -15 0 2 15 23 16 7 17 
-6 19 25 -18 12 -13 0 -13 13 24 5 22 10 24 15 
21 -10 4 12 -9 25 24 -21 8 20 11 -10 12 -17 10 
-8 -6 13 25 -6 9 11 -7 11 -8 22 -8 -23 -10 19 
-12 -10 11 12 11 20 -8 9 19 8 -12 5 0 22 20 
21 23 9 5 23 -10 23 16 11 21 18 -7 15 14 21 
-12 18 16 17 23 25 1 3 1 25 23 17 16 18 -12 
21 14 15 -7 18 21 11 16 23 -10 23 5 9 23 21 
20 22 0 5 -12 8 19 9 -8 20 11 12 11 -10 -12 
19 -10 -23 -8 22 -8 11 -7 11 9 -6 25 13 -6 -8 
10 -17 12 -10 11 20 8 -21 24 25 -9 12 4 -10 21 
15 24 10 22 5 24 13 -13 0 -13 12 -18 25 19 -6 
17 7 16 23 15 2 0 -15 1 4 15 10 1 12 -18 
44
6
7 4
3 4
0 2
1 13
6 2
1 6
5 10
9 10
12 12
11 1
6 12
11 8
20
5 2 14
1 8 13
4 1 13
2 14 15
1 14 13
2 5 12
2 1 11
3 12 13
9 8 9
4 0 8
7 12 14
11 6 13
8 13 13
10 0 15
11 0 13
10 9 12
10 13 11
9 2 13
3 6 9
8 14 8
16
12 14
6 4
10 3
4 11
9 14
10 8
12 2
4 7
0 0
6 10
2 11
8 3
3 0
2 6
0 12
8 7
