20 17
8 4 21 15 -21 4 12 20 5 22 18 27 24 21 11 14 20 
-26 2 -11 26 6 25 27 5 -19 27 16 7 15 11 28 -20 12 
21 15 -17 7 23 7 8 13 14 6 23 -28 14 25 26 19 8 
4 -6 21 8 -16 14 6 12 2 -22 5 5 -20 -1 6 -27 23 
23 16 22 18 10 4 27 11 24 -12 9 -24 24 10 19 15 20 
3 17 -3 -15 22 -26 -3 24 25 27 20 13 -17 -28 -9 -25 0 
26 28 15 26 -19 14 15 13 14 15 25 18 9 20 1 14 8 
8 17 15 -11 9 20 -23 -24 6 28 7 16 -5 16 15 21 11 
-4 28 19 17 22 7 -11 -6 9 13 20 2 6 3 1 16 15 
22 -9 5 26 23 14 2 5 -12 7 4 28 -20 8 15 17 -2 
-2 17 15 8 -20 28 4 7 -12 5 2 14 23 26 5 -9 22 
15 16 1 3 6 2 20 13 9 -6 -11 7 22 17 19 28 -4 
11 21 15 16 -5 16 7 28 6 -24 -23 20 9 -11 15 17 8 
8 14 1 20 9 18 25 15 14 13 15 14 -19 26 15 28 26 
0 -25 -9 -28 -17 13 20 27 25 24 -3 -26 22 -15 -3 17 3 
20 15 19 10 24 -24 9 -12 24 11 27 4 10 18 22 16 23 
23 -27 6 -1 -20 5 5 -22 2 12 6 14 -16 8 21 -6 4 
8 19 26 25 14 -28 23 6 14 13 8 7 23 7 -17 15 21 
12 -20 28 11 15 7 16 27 -19 5 27 25 6 26 -11 2 -26 
20 14 11 21 24 27 18 22 5 20 12 4 -21 15 21 4 8 
55
4
16 2
17 13
1 10
16 15
3 14
2 3
18 6
3 1
20
13 15 13
11 12 12
9 7 14
12 7 11
12 0 14
16 6 15
7 2 16
9 6 14
7 11 8
4 7 10
6 1 13
8 4 12
10 9 14
7 9 11
7 16 14
3 10 15
12 14 16
10 10 14
12 5 8
15 9 10
34
11 7
9 2
19 1
19 3
13 0
3 9
18 13
3 8
5 3
3 16
15 7
19 11
6 10
14 10
3 11
8 3
2 8
8 9
10 14
0 15
0 13
6 16
16 7
1 3
16 8
14 13
16 0
4 9
0 5
13 6
5 6
16 5
11 13
17 8
