11 11
5 -12 13 21 2 16 -5 -4 20 23 10 
-7 -21 21 -19 -1 8 25 18 12 0 12 
26 16 -11 10 9 13 9 -20 -17 -19 -12 
18 3 16 22 -26 10 11 1 15 -9 13 
26 3 -26 5 11 0 21 20 9 9 13 
9 -8 15 16 5 -23 5 16 15 -8 9 
13 9 9 20 21 0 11 5 -26 3 26 
13 -9 15 1 11 10 -26 22 16 3 18 
-12 -19 -17 -20 9 13 9 10 -11 16 26 
12 0 12 18 25 8 -1 -19 21 -21 -7 
10 23 20 -4 -5 16 2 21 13 -12 5 
32
2
3 7
5 4
7 3
5 6
14
5 3 14
10 3 15
7 10 16
6 4 15
6 9 15
0 2 11
2 7 12
5 7 14
0 7 15
3 0 16
4 6 15
4 1 15
10 8 11
8 3 12
8
0 4
3 4
8 2
3 9
10 6
7 6
2 8
7 1
