11 19
2 2 5 5 5 -6 1 5 1 2 5 5 2 5 4 2 5 6 1 
5 5 0 5 6 2 6 5 3 6 -1 5 4 3 -5 2 3 5 3 
5 0 1 -2 -3 2 -2 3 6 3 4 4 -6 -1 5 1 2 3 4 
3 -6 3 0 2 0 5 2 6 -1 4 -1 3 5 0 2 2 2 6 
4 3 -2 3 2 1 3 4 1 0 -5 -2 -2 3 1 4 5 3 6 
2 2 4 -3 5 1 1 6 1 6 1 6 1 1 5 -3 4 2 2 
6 3 5 4 1 3 -2 -2 -5 0 1 4 3 1 2 3 -2 3 4 
6 2 2 2 0 5 3 -1 4 -1 6 2 5 0 2 0 3 -6 3 
4 3 2 1 5 -1 -6 4 4 3 6 3 -2 2 -3 -2 1 0 5 
3 5 3 2 -5 3 4 5 -1 6 3 5 6 2 6 5 0 5 5 
1 6 5 2 4 5 2 5 5 2 1 5 1 -6 5 5 5 2 2 
30
3
10 12
8 2
3 15
0 6
2 16
7 3
12
1 18 9
10 6 15
8 14 9
6 17 15
6 14 12
8 0 9
9 0 9
0 12 15
2 4 9
4 1 15
4 4 12
2 18 9
18
1 14
0 8
5 4
5 2
8 10
1 10
7 2
5 13
7 15
9 4
10 10
5 14
5 16
2 8
9 8
3 16
5 5
3 3
