20 20
1 0 2 5 4 3 3 3 0 2 0 -1 1 2 -6 4 6 -6 2 6 
4 2 3 -4 2 3 3 5 4 6 3 6 5 2 0 6 2 4 4 4 
-3 -6 4 4 -4 -5 3 6 6 5 5 1 6 0 4 5 5 -6 1 0 
-5 0 -2 -6 -5 3 -1 3 -6 3 -6 3 4 -5 2 -1 3 -1 -4 0 
-3 -5 3 5 -1 5 5 0 1 5 0 4 -1 3 6 1 5 2 1 2 
4 -3 6 6 2 5 4 -3 6 2 1 3 -5 6 6 2 6 6 -2 -3 
3 -5 6 5 3 3 6 3 4 1 1 5 6 4 4 2 2 2 1 1 
5 1 6 6 -2 -5 -6 -3 -5 0 4 -3 4 -6 -5 -4 5 6 -4 3 
3 2 -6 1 6 -3 1 1 -6 5 6 3 1 -5 5 5 -2 5 2 2 
-1 5 1 0 1 6 -4 1 6 4 4 5 -6 0 5 -2 0 4 1 -4 
-4 1 4 0 -2 5 0 -6 5 4 4 6 1 -4 6 1 0 1 5 -1 
2 2 5 -2 5 5 -5 1 3 6 5 -6 1 1 -3 6 1 -6 2 3 
3 -4 6 5 -4 -5 -6 4 -3 4 0 -5 -3 -6 -5 -2 6 6 1 5 
1 1 2 2 2 4 4 6 5 1 1 4 3 6 3 3 5 6 -5 3 
-3 -2 6 6 2 6 6 -5 3 1 2 6 -3 4 5 2 6 6 -3 4 
2 1 2 5 1 6 3 -1 4 0 5 1 0 5 5 -1 5 3 -5 -3 
0 -4 -1 3 -1 2 -5 4 3 -6 3 -6 3 -1 3 -5 -6 -2 0 -5 
0 1 -6 5 5 4 0 6 1 5 5 6 6 3 -5 -4 4 4 -6 -3 
4 4 4 2 6 0 2 5 6 3 6 4 5 3 3 2 -4 3 2 4 
6 2 -6 6 4 -6 2 1 -1 0 2 0 3 3 3 4 5 2 0 1 
37
8
18 7
17 7
0 16
16 17
7 18
19 8
9 14
9 13
1 12
2 12
19 3
3 2
12 1
0 11
10 5
10 6
20
8 12 13
12 13 14
19 15 14
8 2 16
12 14 9
7 16 16
3 5 14
6 8 16
1 10 10
4 14 12
11 7 13
7 6 14
0 4 14
11 17 16
7 5 9
12 3 16
16 14 14
13 11 16
18 9 10
15 5 12
0
