20 20
0 -2 9 12 -3 6 2 -4 4 9 -1 2 9 0 -5 11 10 10 3 -6 
-7 5 12 0 4 -11 -8 7 2 3 3 6 5 6 11 5 7 7 5 -3 
9 1 3 -10 11 0 4 6 8 -8 -1 -11 11 7 10 5 12 7 8 -7 
10 9 4 7 4 7 -1 5 -7 6 12 -10 9 12 10 -4 6 4 -8 11 
3 1 7 10 10 -12 2 2 -1 9 -5 6 3 12 7 8 2 7 10 5 
7 -3 5 -12 12 9 -6 10 3 -10 10 9 8 1 11 4 -10 -1 -10 10 
1 -1 10 12 -8 1 3 6 9 -10 0 8 2 3 6 4 -12 7 10 2 
1 11 -2 12 11 0 2 12 7 12 10 3 -5 1 11 3 -3 5 9 9 
-1 9 4 7 9 0 9 1 4 7 0 -5 -11 4 3 1 11 1 -3 -9 
-10 -2 6 11 9 8 6 1 -1 -3 9 12 1 3 7 -1 10 -11 6 -5 
-5 6 -11 10 -1 7 3 1 12 9 -3 -1 1 6 8 9 11 6 -2 -10 
-9 -3 1 11 1 3 4 -11 -5 0 7 4 1 9 0 9 7 4 9 -1 
9 9 5 -3 3 11 1 -5 3 10 12 7 12 2 0 11 12 -2 11 1 
2 10 7 -12 4 6 3 2 8 0 -10 9 6 3 1 -8 12 10 -1 1 
10 -10 -1 -10 4 11 1 8 9 10 -10 3 10 -6 9 12 -12 5 -3 7 
5 10 7 2 8 7 12 3 6 -5 9 -1 2 2 -12 10 10 7 1 3 
11 -8 4 6 -4 10 12 9 -10 12 6 -7 5 -1 7 4 7 4 9 10 
-7 8 7 12 5 10 7 11 -11 -1 -8 8 6 4 0 11 -10 3 1 9 
-3 5 7 7 5 11 6 5 6 3 3 2 7 -8 -11 4 0 12 5 -7 
-6 3 10 10 11 -5 0 9 2 -1 9 4 -4 2 6 -3 12 9 -2 0 
48
6
2 1
5 10
6 1
5 17
13 16
11 0
17 18
14 9
13 18
14 2
6 3
8 19
14
15 3 13
16 3 14
0 18 11
7 8 15
5 7 11
0 2 14
6 17 11
4 16 13
3 16 14
19 1 11
12 11 15
14 12 11
19 17 14
13 2 11
0
