16 15
7 -26 -18 -8 5 7 16 -5 12 11 13 -23 15 -24 13 
-8 19 -7 -24 18 4 16 26 6 23 8 11 17 18 -2 
-2 -6 24 -16 16 -21 2 25 26 11 -15 -6 -12 22 8 
21 -8 19 23 5 4 10 22 2 22 -17 -13 -14 -14 -3 
25 18 26 -15 20 7 -19 15 -15 17 3 14 15 5 -20 
-25 23 -4 -4 9 -12 -1 -5 21 7 3 16 23 3 10 
11 -19 25 17 5 18 15 7 12 6 -8 10 11 5 10 
25 20 17 14 1 -6 -20 -18 21 23 14 2 17 -23 22 
22 -23 17 2 14 23 21 -18 -20 -6 1 14 17 20 25 
10 5 11 10 -8 6 12 7 15 18 5 17 25 -19 11 
10 3 23 16 3 7 21 -5 -1 -12 9 -4 -4 23 -25 
-20 5 15 14 3 17 -15 15 -19 7 20 -15 26 18 25 
-3 -14 -14 -13 -17 22 2 22 10 4 5 23 19 -8 21 
8 22 -12 -6 -15 11 26 25 2 -21 16 -16 24 -6 -2 
-2 18 17 11 8 23 6 26 16 4 18 -24 -7 19 -8 
13 -24 15 -23 13 11 12 -5 16 7 5 -8 -18 -26 7 
38
8
14 0
7 10
13 4
10 1
6 5
8 7
11 5
13 9
1 14
8 4
2 10
5 13
9 9
7 7
4 9
2 5
16
1 12 13
7 4 12
0 1 11
13 10 14
12 3 8
7 8 10
12 7 14
0 9 12
14 2 13
8 10 12
15 13 11
2 4 14
3 11 8
8 6 10
3 7 14
15 5 12
24
8 1
12 13
13 8
6 3
14 7
6 7
4 8
1 6
9 14
15 7
11 14
9 12
7 13
3 1
2 6
9 11
1 7
9 7
11 6
14 8
6 0
0 7
4 0
6 2
