20 10
14 6 -6 3 19 4 -19 18 4 4 
16 13 8 11 2 -14 17 1 -12 1 
-2 9 -3 5 18 14 15 -14 12 4 
11 9 16 17 0 6 18 10 8 19 
1 17 12 19 5 -20 16 3 12 -20 
4 3 13 7 -19 -15 1 12 9 12 
-10 7 -15 1 -8 -1 17 9 15 10 
1 20 15 16 16 -3 17 15 12 -4 
2 20 -12 12 -19 18 -8 20 14 15 
-3 9 -5 10 12 -4 7 10 -12 18 
18 -12 10 7 -4 12 10 -5 9 -3 
15 14 20 -8 18 -19 12 -12 20 2 
-4 12 15 17 -3 16 16 15 20 1 
10 15 9 17 -1 -8 1 -15 7 -10 
12 9 12 1 -15 -19 7 13 3 4 
-20 12 3 16 -20 5 19 12 17 1 
19 8 10 18 6 0 17 16 9 11 
4 12 -14 15 14 18 5 -3 9 -2 
1 -12 1 17 -14 2 11 8 13 16 
4 4 18 -19 4 19 3 -6 6 14 
52
2
0 2
3 8
19 7
16 1
12
9 1 14
11 9 11
17 9 15
10 4 11
2 7 9
12 0 15
10 8 14
8 0 11
2 0 15
9 5 11
17 2 9
7 9 15
14
17 5
18 8
10 5
3 6
16 2
5 6
1 3
2 4
1 1
9 4
16 3
3 7
14 3
18 6
