20 20
3 3 2 3 1 3 2 -2 3 -2 1 1 2 0 -1 1 3 1 0 1 
-1 -2 3 -2 1 0 3 1 3 2 3 -2 0 -2 3 2 -2 2 0 3 
-3 1 3 2 3 2 -1 0 3 1 -1 1 3 2 1 3 -2 0 1 0 
1 2 -3 2 1 -3 1 3 1 3 2 0 1 1 0 -2 2 2 1 3 
2 3 2 3 3 0 2 3 -3 1 3 -3 2 1 2 2 2 3 0 -1 
0 2 -1 0 -1 -2 0 2 0 2 1 1 2 1 3 -3 -3 -3 -2 1 
3 2 2 1 3 3 3 2 3 -3 3 2 0 1 0 1 -1 -1 2 1 
1 1 3 3 -2 -3 2 -1 2 2 1 0 -1 -3 -2 2 2 1 -3 0 
-2 2 -2 -2 0 1 0 1 2 0 3 1 0 3 2 -2 2 1 -3 1 
0 3 2 -2 3 -2 3 1 -1 0 0 1 2 2 1 3 -3 3 1 2 
2 1 3 -3 3 1 2 2 1 0 0 -1 1 3 -2 3 -2 2 3 0 
1 -3 1 2 -2 2 3 0 1 3 0 2 1 0 1 0 -2 -2 2 -2 
0 -3 1 2 2 -2 -3 -1 0 1 2 2 -1 2 -3 -2 3 3 1 1 
1 2 -1 -1 1 0 1 0 2 3 -3 3 2 3 3 3 1 2 2 3 
1 -2 -3 -3 -3 3 1 2 1 1 2 0 2 0 -2 -1 0 -1 2 0 
-1 0 3 2 2 2 1 2 -3 3 1 -3 3 2 0 3 3 2 3 2 
3 1 2 2 -2 0 1 1 0 2 3 1 3 1 -3 1 2 -3 2 1 
0 1 0 -2 3 1 2 3 1 -1 1 3 0 -1 2 3 2 3 1 -3 
3 0 2 -2 2 3 -2 0 -2 3 2 3 1 3 0 1 -2 3 -2 -1 
1 0 1 3 1 -1 0 2 1 1 -2 3 -2 2 3 1 3 2 3 3 
59
2
5 13
8 2
14 6
11 17
14
3 12 10
14 17 13
1 14 12
11 4 11
13 16 12
16 9 16
2 14 8
16 7 10
5 2 13
18 5 12
8 15 11
6 3 12
3 10 16
17 5 8
0
