13 15
6 0 0 -4 -5 0 6 1 -4 1 5 -1 6 6 4 
4 0 3 3 3 6 1 -1 -4 1 5 -4 6 -5 6 
3 2 3 1 5 1 6 -4 5 0 -3 4 3 1 5 
3 0 5 5 3 5 4 3 4 0 5 0 5 4 3 
2 -4 5 4 4 0 -4 3 -4 -4 -6 1 1 5 -3 
6 3 6 5 -5 -4 5 3 4 6 -2 6 4 5 4 
0 2 4 6 -2 3 0 5 0 3 -2 6 4 2 0 
4 5 4 6 -2 6 4 3 5 -4 -5 5 6 3 6 
-3 5 1 1 -6 -4 -4 3 -4 0 4 4 5 -4 2 
3 4 5 0 5 0 4 3 4 5 3 5 5 0 3 
5 1 3 4 -3 0 5 -4 6 1 5 1 3 2 3 
6 -5 6 -4 5 1 -4 -1 1 6 3 3 3 0 4 
4 6 6 -1 5 1 -4 1 6 0 -5 -4 0 0 6 
50
8
4 11
2 8
9 5
8 5
1 9
12 10
5 3
10 13
8 3
10 6
3 9
4 9
11 5
0 4
7 11
2 1
10
2 12 12
6 0 11
2 5 14
5 6 11
12 8 13
10 2 12
6 14 11
10 9 14
7 8 11
0 6 13
12
0 12
12 14
1 2
8 4
0 2
6 10
12 2
0 0
11 12
4 10
12 12
6 4
