11 18
3 3 8 2 8 1 -4 0 -9 4 9 8 3 3 5 6 -1 -8 
-7 5 1 2 1 6 4 5 3 0 9 8 6 6 8 4 5 6 
-6 5 2 6 6 7 2 4 9 8 1 5 9 8 6 1 4 1 
7 6 2 2 6 4 5 -1 -1 9 4 -1 2 -2 2 2 -4 1 
7 -4 2 -1 -9 9 0 -1 0 1 5 -6 6 9 4 1 5 -6 
5 7 5 3 -6 1 9 1 7 7 1 9 1 -6 3 5 7 5 
-6 5 1 4 9 6 -6 5 1 0 -1 0 9 -9 -1 2 -4 7 
1 -4 2 2 -2 2 -1 4 9 -1 -1 5 4 6 2 2 6 7 
1 4 1 6 8 9 5 1 8 9 4 2 7 6 6 2 5 -6 
6 5 4 8 6 6 8 9 0 3 5 4 6 1 2 1 5 -7 
-8 -1 6 5 3 3 8 9 4 -9 0 -4 1 8 2 8 3 3 
40
7
7 1
10 3
8 5
5 16
6 2
2 9
7 11
3 16
0 14
2 12
5 1
4 15
8 8
3 6
10
7 3 15
0 12 14
5 11 15
6 8 15
5 7 10
3 14 15
10 5 14
5 6 15
4 9 15
5 10 10
16
1 3
9 6
1 2
5 17
6 1
3 9
4 2
4 8
9 14
1 11
9 15
5 0
4 16
7 8
6 15
6 9
