14 19
3 1 7 2 4 1 3 -8 6 4 11 8 -2 -6 3 5 9 11 -7 
-4 0 8 -11 2 11 8 -9 3 9 8 9 -3 1 4 9 9 2 -11 
7 11 10 7 1 4 9 10 -4 6 10 5 -7 10 9 11 -7 0 10 
4 -4 10 1 11 1 0 6 6 7 3 9 10 7 -11 5 10 4 6 
9 1 0 3 -1 8 2 7 1 0 11 1 10 2 8 4 -6 11 7 
9 11 3 0 4 6 10 11 6 8 5 9 5 -7 7 6 5 5 -10 
1 8 7 -5 11 8 8 -8 3 -11 1 5 11 -6 2 1 3 11 11 
11 11 3 1 2 -6 11 5 1 -11 3 -8 8 8 11 -5 7 8 1 
-10 5 5 6 7 -7 5 9 5 8 6 11 10 6 4 0 3 11 9 
7 11 -6 4 8 2 10 1 11 0 1 7 2 8 -1 3 0 1 9 
6 4 10 5 -11 7 10 9 3 7 6 6 0 1 11 1 10 -4 4 
10 0 -7 11 9 10 -7 5 10 6 -4 10 9 4 1 7 10 11 7 
-11 2 9 9 4 1 -3 9 8 9 3 -9 8 11 2 -11 8 0 -4 
-7 11 9 5 3 -6 -2 8 11 4 6 -8 3 1 4 2 7 1 3 
46
3
6 7
2 14
1 4
7 11
11 4
12 14
16
0 14 13
12 8 11
1 3 8
6 13 15
12 5 13
0 8 15
9 2 16
12 3 8
13 4 13
1 10 11
12 15 8
7 5 15
1 13 13
13 10 15
4 16 16
1 15 8
20
7 3
10 1
13 1
8 11
10 9
11 12
12 0
6 12
3 12
3 18
6 15
3 17
0 17
5 7
3 9
2 6
1 18
7 6
10 6
10 0
