18 12
5 2 3 5 -4 5 -2 3 0 -1 4 2 
-1 5 3 1 2 -1 5 2 1 -1 -2 2 
5 2 3 0 2 5 0 3 1 2 2 1 
0 3 -2 -5 4 0 4 4 5 0 3 -3 
-5 3 2 -3 2 -5 -3 -2 1 2 3 1 
-2 1 5 2 4 0 3 4 4 -3 -4 5 
5 4 3 1 0 5 4 2 1 1 0 2 
-1 2 -2 0 0 2 1 -2 5 1 5 -1 
1 1 4 1 5 0 -5 4 -2 -5 5 -1 
-1 5 -5 -2 4 -5 0 5 1 4 1 1 
-1 5 1 5 -2 1 2 0 0 -2 2 -1 
2 0 1 1 2 4 5 0 1 3 4 5 
5 -4 -3 4 4 3 0 4 2 5 1 -2 
1 3 2 1 -2 -3 -5 2 -3 2 3 -5 
-3 3 0 5 4 4 0 4 -5 -2 3 0 
1 2 2 1 3 0 5 2 0 3 2 5 
2 -2 -1 1 2 5 -1 2 1 3 5 -1 
2 4 -1 0 3 -2 5 -4 5 3 2 5 
34
8
16 4
6 5
9 3
6 11
10 9
8 6
11 2
8 3
1 7
11 6
8 8
11 0
7 2
9 5
6 9
9 8
20
15 3 12
2 4 10
3 10 14
5 10 9
4 2 16
16 1 11
4 3 8
13 5 13
11 3 16
14 4 9
2 8 12
15 7 10
14 1 14
12 1 9
13 9 16
1 10 11
13 8 8
4 6 13
6 8 16
3 7 9
20
17 2
12 2
1 0
11 9
9 7
3 8
3 9
14 5
2 5
13 7
0 9
5 9
16 11
6 2
8 4
14 3
14 2
3 6
15 6
4 4
