19 12
-5 2 1 -4 5 2 1 1 2 5 3 2 
0 -2 1 1 0 1 5 3 2 1 -3 -3 
5 4 2 5 2 2 4 4 1 2 1 5 
3 -4 0 5 1 3 5 4 4 4 0 2 
2 4 -3 3 1 -5 -5 4 -4 -4 4 1 
3 3 -5 0 1 5 1 -3 3 4 5 2 
1 -5 0 0 3 1 3 0 1 -1 0 1 
-5 5 2 3 4 3 -2 -2 -4 3 1 1 
5 2 3 1 1 2 3 4 5 5 0 2 
3 5 2 -5 5 0 0 5 -5 2 5 3 
2 0 5 5 4 3 2 1 1 3 2 5 
1 1 3 -4 -2 -2 3 4 3 2 5 -5 
1 0 -1 1 0 3 1 3 0 0 -5 1 
2 5 4 3 -3 1 5 1 0 -5 3 3 
1 4 -4 -4 4 -5 -5 1 3 -3 4 2 
2 0 4 4 4 5 3 1 5 0 -4 3 
5 1 2 1 4 4 2 2 5 2 4 5 
-3 -3 1 2 3 5 1 0 1 1 -2 0 
2 3 5 2 1 1 2 5 -4 1 2 -5 
55
5
7 1
16 11
17 0
12 7
12 5
11 10
2 0
1 11
6 4
6 6
18
3 4 16
5 6 16
18 8 9
0 11 16
0 2 13
15 8 8
15 4 10
3 6 9
18 4 13
15 7 16
13 5 16
0 3 9
18 0 16
18 9 13
3 3 8
3 7 10
15 5 9
0 7 13
22
12 1
14 4
3 1
18 5
16 0
5 8
6 5
1 6
6 1
9 4
11 6
6 10
4 7
15 10
0 6
2 11
13 3
12 6
17 5
12 10
9 7
7 5
