15 18
3 -1 0 -2 0 3 2 1 1 3 1 2 2 2 0 -3 2 1 
1 1 2 0 1 2 1 2 2 3 2 -1 -2 3 2 2 -1 3 
2 2 0 3 3 2 0 1 2 2 0 1 0 1 2 0 0 -1 
2 2 1 1 2 1 3 2 1 3 1 2 -3 0 1 -2 1 1 
0 3 1 3 2 2 -2 2 2 0 -2 -3 -1 3 3 3 2 3 
-3 1 2 -1 0 0 1 1 -3 0 1 2 2 1 3 1 0 3 
0 2 3 -2 2 1 3 1 0 -3 3 2 -2 1 1 2 -1 3 
-1 -3 3 -3 0 -3 3 1 1 1 1 3 -3 0 -3 3 -3 -1 
3 -1 2 1 1 -2 2 3 -3 0 1 3 1 2 -2 3 2 0 
3 0 1 3 1 2 2 1 0 -3 1 1 0 0 -1 2 1 -3 
3 2 3 3 3 -1 -3 -2 0 2 2 -2 2 2 3 1 3 0 
1 1 -2 1 0 -3 2 1 3 1 2 3 1 2 1 1 2 2 
-1 0 0 2 1 0 1 0 2 2 1 0 2 3 3 0 2 2 
3 -1 2 2 3 -2 -1 2 3 2 2 1 2 1 0 2 1 1 
1 2 -3 0 2 2 2 1 3 1 1 2 3 0 -2 0 -1 3 
52
2
7 0
8 5
7 17
6 12
20
8 14 8
4 17 9
5 17 16
6 11 13
14 6 14
9 6 15
11 17 12
4 12 12
8 2 8
1 13 10
6 3 8
10 0 9
9 0 16
8 6 13
0 11 14
5 11 15
3 0 12
10 5 12
6 15 8
13 4 10
22
9 8
9 1
7 16
13 5
7 11
11 13
14 15
1 4
5 3
6 1
0 13
5 9
5 16
7 1
1 12
7 6
3 4
0 2
13 13
9 14
8 16
14 4
