19 12
2 2 0 0 -2 0 0 2 0 3 1 0 
0 -2 -1 0 -3 2 3 -1 -2 0 2 0 
-1 1 3 1 2 -3 1 1 3 -2 -1 -3 
2 2 -2 -2 0 1 -2 1 3 2 0 2 
-2 1 0 0 -3 2 -3 1 1 2 0 1 
2 2 2 -2 -1 2 -3 3 1 -1 -3 0 
-2 2 3 2 3 -2 2 1 1 1 2 -3 
2 1 2 -1 0 3 -1 1 0 -2 -1 1 
2 -3 2 2 -2 -2 -2 0 1 3 0 3 
3 2 -2 -2 1 -3 -3 1 -2 -2 2 3 
3 0 3 1 0 -2 -2 -2 2 2 -3 2 
1 -1 -2 0 1 -1 3 0 -1 2 1 2 
-3 2 1 1 1 2 -2 3 2 3 2 -2 
0 -3 -1 1 3 -3 2 -1 -2 2 2 2 
1 0 2 1 1 -3 2 -3 0 0 1 -2 
2 0 2 3 1 -2 1 0 -2 -2 2 2 
-3 -1 -2 3 1 1 -3 2 1 3 1 -1 
0 2 0 -2 -1 3 2 -3 0 -1 -2 0 
0 1 3 0 2 0 0 -2 0 0 2 2 
33
6
13 4
7 9
2 6
1 0
2 7
4 11
5 7
11 2
16 5
17 11
16 4
14 0
10
9 3 10
5 9 9
0 2 13
8 2 14
13 3 12
9 8 10
13 2 9
18 9 13
10 9 14
5 8 12
18
5 10
0 6
5 0
17 1
16 6
12 8
7 10
16 10
16 1
13 1
18 5
13 11
1 10
2 5
6 3
11 1
2 1
2 10
