20 20
6 5 3 -6 3 1 3 -6 6 0 2 -2 1 4 3 2 0 6 2 3 
2 -3 4 -5 4 6 3 -3 -4 0 6 6 -1 3 -4 -3 -2 6 -4 1 
2 5 2 3 0 2 3 6 6 4 1 -3 0 3 6 6 -1 5 -1 -3 
0 2 4 2 1 -1 3 1 2 6 4 -4 -1 2 2 5 -6 0 1 0 
6 6 -6 6 -2 5 1 5 1 -5 1 1 2 4 5 2 2 5 4 1 
0 4 3 4 1 1 4 -3 5 5 1 -2 -6 2 5 2 4 4 6 -2 
4 -6 1 5 -4 4 -4 6 3 -1 4 0 6 5 -6 5 3 5 -6 -1 
2 3 4 0 -6 4 4 1 6 -6 6 5 2 2 -3 2 2 -5 2 -4 
5 4 5 4 0 2 3 -5 1 -3 3 4 -3 6 5 -3 1 -2 0 0 
6 -2 1 5 1 4 -4 3 4 4 -3 -4 -5 -6 6 1 0 4 5 1 
1 5 4 0 1 6 -6 -5 -4 -3 4 4 3 -4 4 1 5 1 -2 6 
0 0 -2 1 -3 5 6 -3 4 3 -3 1 -5 3 2 0 4 5 4 5 
-4 2 -5 2 2 -3 2 2 5 6 -6 6 1 4 4 -6 0 4 3 2 
-1 -6 5 3 5 -6 5 6 0 4 -1 3 6 -4 4 -4 5 1 -6 4 
-2 6 4 4 2 5 2 -6 -2 1 5 5 -3 4 1 1 4 3 4 0 
1 4 5 2 2 5 4 2 1 1 -5 1 5 1 5 -2 6 -6 6 6 
0 1 0 -6 5 2 2 -1 -4 4 6 2 1 3 -1 1 2 4 2 0 
-3 -1 5 -1 6 6 3 0 -3 1 4 6 6 3 2 0 3 2 5 2 
1 -4 6 -2 -3 -4 3 -1 6 6 0 -4 -3 3 6 4 -5 4 -3 2 
3 2 6 0 2 3 4 1 -2 2 0 6 -6 3 1 3 -6 3 5 6 
33
7
15 8
13 11
3 7
3 4
17 0
4 0
6 16
4 11
6 8
16 12
16 15
2 19
15 19
13 3
10
4 14 8
3 8 15
9 0 13
12 14 14
13 0 16
15 5 8
16 11 15
10 19 13
7 5 14
6 19 16
0
