20 20
9 8 -8 8 11 8 4 10 -6 1 -11 8 2 8 3 10 8 1 4 11 
2 3 10 1 5 2 -10 0 11 9 1 7 3 6 6 11 6 2 7 1 
-1 9 4 1 1 -2 -2 -11 4 8 1 6 4 11 3 6 8 1 0 6 
5 5 -1 2 10 4 10 9 3 8 10 -5 9 2 2 -11 6 -9 0 -8 
2 8 3 5 8 -7 7 0 1 -2 -8 2 -10 4 8 2 8 1 -8 3 
4 10 3 -4 7 -9 4 -2 6 7 3 9 4 11 -5 -7 -8 5 3 -6 
0 3 3 3 9 -5 -11 6 -4 11 4 -7 -6 4 1 4 0 5 1 -10 
1 2 -4 -4 -2 8 8 6 1 -3 5 1 6 6 -6 -7 -10 9 6 -11 
-6 6 -3 7 10 6 3 10 10 8 -8 1 7 7 9 4 -11 7 10 9 
3 10 -5 2 6 9 -6 6 1 6 1 -6 4 3 5 8 4 5 -11 -1 
-1 -11 5 4 8 5 3 4 -6 1 6 1 6 -6 9 6 2 -5 10 3 
9 10 7 -11 4 9 7 7 1 -8 8 10 10 3 6 10 7 -3 6 -6 
-11 6 9 -10 -7 -6 6 6 1 5 -3 1 6 8 8 -2 -4 -4 2 1 
-10 1 5 0 4 1 4 -6 -7 4 11 -4 6 -11 -5 9 3 3 3 0 
-6 3 5 -8 -7 -5 11 4 9 3 7 6 -2 4 -9 7 -4 3 10 4 
3 -8 1 8 2 8 4 -10 2 -8 -2 1 0 7 -7 8 5 3 8 2 
-8 0 -9 6 -11 2 2 9 -5 10 8 3 9 10 4 10 2 -1 5 5 
6 0 1 8 6 3 11 4 6 1 8 4 -11 -2 -2 1 1 4 9 -1 
1 7 2 6 11 6 6 3 7 1 9 11 0 -10 2 5 1 10 3 2 
11 4 1 8 10 3 8 2 8 -11 1 -6 10 4 8 11 8 -8 8 9 
60
5
2 4
10 17
7 3
17 6
4 5
17 15
9 2
12 16
2 13
15 14
16
10 16 10
0 11 13
2 18 15
3 14 14
19 13 13
18 13 13
7 10 14
13 11 15
9 3 10
19 8 13
17 1 15
16 5 14
0 6 13
1 6 13
12 9 14
6 8 15
0
