12 16
1 0 2 0 1 -4 1 4 3 4 4 2 3 2 3 2 
0 3 2 1 -2 -1 3 3 -4 0 3 1 4 4 1 -1 
-4 1 3 -3 0 4 3 -1 1 3 -2 4 1 0 -3 0 
-2 1 -1 4 3 -4 1 4 2 0 4 -3 -1 1 2 4 
0 3 -1 0 -3 4 2 -3 2 2 1 4 2 -2 -2 4 
3 3 4 -2 4 4 -2 0 1 1 4 1 -4 -3 1 4 
4 1 -3 -4 1 4 1 1 0 -2 4 4 -2 4 3 3 
4 -2 -2 2 4 1 2 2 -3 2 4 -3 0 -1 3 0 
4 2 1 -1 -3 4 0 2 4 1 -4 3 4 -1 1 -2 
0 -3 0 1 4 -2 3 1 -1 3 4 0 -3 3 1 -4 
-1 1 4 4 1 3 0 -4 3 3 -1 -2 1 2 3 0 
2 3 2 3 2 4 4 3 4 1 -4 1 0 2 0 1 
58
6
9 14
1 11
9 3
10 14
7 9
8 12
2 1
10 4
2 12
1 1
4 6
3 3
8
6 9 9
7 11 14
11 14 8
5 9 15
5 6 9
4 4 14
0 1 8
6 6 15
14
0 5
1 9
7 2
5 11
10 0
10 1
7 15
11 10
10 6
4 13
6 4
1 15
1 14
4 0
