20 20
-5 9 12 -9 1 6 -2 11 4 8 3 -4 -8 7 -12 -6 4 13 7 4 
3 13 -10 8 7 12 12 1 -2 -12 12 7 0 -12 -1 12 7 -11 6 2 
10 3 11 11 1 6 0 -6 -2 9 10 10 5 7 2 1 1 11 3 12 
-6 8 3 3 -5 7 4 9 5 2 -3 13 1 7 0 1 8 13 13 10 
4 4 3 5 3 -4 11 12 9 13 11 7 10 0 11 -12 -11 -9 10 2 
12 9 7 7 0 2 1 11 2 7 -4 8 3 8 8 4 11 4 -13 12 
13 -13 6 -6 9 3 1 -1 10 4 4 4 3 0 -2 6 9 11 -8 13 
12 -7 -4 6 13 4 3 10 1 8 6 -8 3 -4 12 -10 -10 4 -9 8 
-11 10 2 -9 5 -13 9 -11 5 -6 6 -5 10 11 2 6 7 -11 3 10 
-9 11 0 6 -5 2 13 -10 3 -13 13 9 1 2 3 8 12 -1 2 -13 
-13 2 -1 12 8 3 2 1 9 13 -13 3 -10 13 2 -5 6 0 11 -9 
10 3 -11 7 6 2 11 10 -5 6 -6 5 -11 9 -13 5 -9 2 10 -11 
8 -9 4 -10 -10 12 -4 3 -8 6 8 1 10 3 4 13 6 -4 -7 12 
13 -8 11 9 6 -2 0 3 4 4 4 10 -1 1 3 9 -6 6 -13 13 
12 -13 4 11 4 8 8 3 8 -4 7 2 11 1 2 0 7 7 9 12 
2 10 -9 -11 -12 11 0 10 7 11 13 9 12 11 -4 3 5 3 4 4 
10 13 13 8 1 0 7 1 13 -3 2 5 9 4 7 -5 3 3 8 -6 
12 3 11 1 1 2 7 5 10 10 9 -2 -6 0 6 1 11 11 3 10 
2 6 -11 7 12 -1 -12 0 7 12 -12 -2 1 12 12 7 8 -10 13 3 
4 7 13 4 -6 -12 7 -8 -4 3 8 4 11 -2 6 1 -9 12 9 -5 
57
7
11 14
19 13
16 17
19 5
11 2
8 15
19 16
8 5
0 6
3 2
0 14
8 17
11 4
0 3
6
5 3 16
8 12 8
3 18 13
14 16 16
11 7 8
16 1 13
0
