20 20
13 -13 8 10 3 -13 4 7 -4 -13 13 6 -9 2 1 -14 12 1 7 7 
1 1 5 12 -3 0 2 1 14 1 -4 10 3 -7 1 2 14 11 14 10 
7 3 14 12 12 4 8 3 10 4 10 2 4 11 6 -12 -4 14 -1 9 
6 8 3 2 5 8 1 -14 9 -9 2 -1 11 0 6 5 -1 1 6 9 
12 10 6 8 -7 1 -7 9 12 5 1 9 -13 2 -12 12 -5 8 5 7 
9 10 0 -10 10 11 -12 13 -3 10 3 13 13 -7 3 13 9 7 5 6 
1 8 -12 9 10 -3 0 -1 1 -1 1 14 3 3 8 -13 -2 -8 1 8 
-7 7 1 -2 -10 -14 3 6 1 7 4 4 9 8 -10 9 4 -7 9 0 
-11 5 6 3 4 5 -12 8 -7 -6 6 11 -10 7 -7 14 -4 13 14 -6 
14 3 10 0 -11 5 -9 -6 0 2 8 6 3 12 11 13 10 7 4 -7 
-7 4 7 10 13 11 12 3 6 8 2 0 -6 -9 5 -11 0 10 3 14 
-6 14 13 -4 14 -7 7 -10 11 6 -6 -7 8 -12 5 4 3 6 5 -11 
0 9 -7 4 9 -10 8 9 4 4 7 1 6 3 -14 -10 -2 1 7 -7 
8 1 -8 -2 -13 8 3 3 14 1 -1 1 -1 0 -3 10 9 -12 8 1 
6 5 7 9 13 3 -7 13 13 3 10 -3 13 -12 11 10 -10 0 10 9 
7 5 8 -5 12 -12 2 -13 9 1 5 12 9 -7 1 -7 8 6 10 12 
9 6 1 -1 5 6 0 11 -1 2 -9 9 -14 1 8 5 2 3 8 6 
9 -1 14 -4 -12 6 11 4 2 10 4 10 3 8 4 12 12 14 3 7 
10 14 11 14 2 1 -7 3 10 -4 1 14 1 2 0 -3 12 5 1 1 
7 7 1 12 -14 1 2 -9 6 13 -13 -4 7 4 -13 3 10 8 -13 13 
33
2
1 12
1 14
18 7
18 5
10
18 14 10
14 7 14
14 11 16
11 1 13
7 13 16
1 5 10
5 12 14
5 8 16
8 18 13
12 6 16
0
