17 17
1 0 -6 2 -1 -7 11 10 -10 9 -2 4 4 4 4 10 7 
8 -9 -9 -10 7 -2 -3 -1 -4 -7 0 9 7 -10 2 -1 9 
8 -7 9 -6 10 -1 3 -5 -6 -2 1 4 6 1 11 11 11 
5 11 2 3 -2 10 9 -9 -1 -9 9 -1 8 -8 1 4 5 
11 1 11 4 3 3 -3 11 0 0 -2 10 -7 -1 5 -7 1 
-10 -7 -9 1 2 10 7 1 -5 11 7 7 9 8 1 8 2 
10 -5 5 8 2 -8 1 -4 -5 -10 -6 8 10 3 -2 -4 8 
-11 -11 7 4 0 5 0 3 8 6 2 -10 5 1 5 2 7 
9 2 -9 11 -11 9 1 9 -1 9 1 9 -11 11 -9 2 9 
7 2 5 1 5 -10 2 6 8 3 0 5 0 4 7 -11 -11 
8 -4 -2 3 10 8 -6 -10 -5 -4 1 -8 2 8 5 -5 10 
2 8 1 8 9 7 7 11 -5 1 7 10 2 1 -9 -7 -10 
1 -7 5 -1 -7 10 -2 0 0 11 -3 3 3 4 11 1 11 
5 4 1 -8 8 -1 9 -9 -1 -9 9 10 -2 3 2 11 5 
11 11 11 1 6 4 1 -2 -6 -5 3 -1 10 -6 9 -7 8 
9 -1 2 -10 7 9 0 -7 -4 -1 -3 -2 7 -10 -9 -9 8 
7 10 4 4 4 4 -2 9 -10 10 11 -7 -1 2 -6 0 1 
42
8
13 5
10 5
1 14
15 0
13 11
16 1
4 2
7 2
3 11
6 11
15 2
1 16
3 5
0 15
12 14
9 14
20
4 8 9
12 16 8
8 15 13
16 0 8
5 7 11
3 9 9
16 12 12
15 4 12
16 14 16
14 11 12
12 8 9
4 0 8
8 1 13
0 16 8
11 9 11
13 7 9
0 4 12
1 12 12
0 2 16
2 5 12
28
16 7
9 15
11 0
15 10
1 0
14 0
8 14
12 5
1 3
5 2
2 9
10 4
10 8
7 6
0 9
7 1
5 16
1 6
15 16
2 16
8 2
4 11
15 13
11 14
14 7
6 12
6 8
9 10
