20 20
7 13 10 -14 -12 5 5 -2 2 7 3 1 4 6 6 6 1 -11 -7 1 
-7 6 -3 12 -10 -1 4 6 5 -11 1 -3 6 5 8 10 14 1 13 -3 
2 -3 3 9 13 -9 9 9 11 10 2 -12 5 5 11 1 -1 11 10 -12 
-5 -9 7 1 6 8 1 3 9 4 11 7 9 7 10 9 5 5 10 6 
2 13 -8 5 -6 3 5 8 12 0 12 -1 6 -7 11 9 3 8 13 7 
1 9 -9 -12 -5 0 1 10 3 13 9 10 3 9 13 14 11 4 1 -1 
-12 13 14 8 -14 6 -11 10 11 -6 12 14 13 3 13 -10 10 11 1 7 
-7 0 7 12 -12 3 11 -5 6 6 9 -14 -8 11 -13 6 -10 8 14 -3 
-12 9 13 -8 11 2 -2 9 13 5 7 10 12 2 3 -13 9 0 12 1 
9 9 12 3 6 4 -2 7 8 11 1 -7 11 13 7 12 3 1 5 -11 
-11 5 1 3 12 7 13 11 -7 1 11 8 7 -2 4 6 3 12 9 9 
1 12 0 9 -13 3 2 12 10 7 5 13 9 -2 2 11 -8 13 9 -12 
-3 14 8 -10 6 -13 11 -8 -14 9 6 6 -5 11 3 -12 12 7 0 -7 
7 1 11 10 -10 13 3 13 14 12 -6 11 10 -11 6 -14 8 14 13 -12 
-1 1 4 11 14 13 9 3 10 9 13 3 10 1 0 -5 -12 -9 9 1 
7 13 8 3 9 11 -7 6 -1 12 0 12 8 5 3 -6 5 -8 13 2 
6 10 5 5 9 10 7 9 7 11 4 9 3 1 8 6 1 7 -9 -5 
-12 10 11 -1 1 11 5 5 -12 2 10 11 9 9 -9 13 9 3 -3 2 
-3 13 1 14 10 8 5 6 -3 1 -11 5 6 4 -1 -10 12 -3 6 -7 
1 -7 -11 1 6 6 6 4 1 3 7 2 -2 5 5 -12 -14 10 13 7 
42
6
4 14
14 12
18 3
12 8
4 15
15 10
15 5
5 7
1 16
7 11
15 4
4 9
12
0 19 13
3 1 8
0 7 9
7 14 15
19 17 15
8 4 14
19 0 13
16 18 8
19 12 9
12 5 15
0 2 15
11 15 14
0
