19 17
8 8 28 22 3 20 20 3 15 21 18 25 -9 7 16 9 28 
15 26 25 28 7 -2 16 23 23 13 -23 11 23 -7 5 23 25 
17 -27 3 14 7 19 20 21 -26 14 11 -24 12 1 11 7 17 
21 28 21 -2 7 -3 9 19 -11 13 26 -26 19 20 1 8 28 
5 -23 13 15 -23 -26 -19 16 12 22 6 17 14 1 20 20 6 
7 23 11 -2 21 11 11 13 13 2 12 16 -12 26 17 2 6 
-18 25 -28 -28 13 13 -10 -2 0 21 5 24 -10 28 -14 -24 12 
-7 -12 -3 -20 11 23 -11 3 25 23 7 17 2 24 5 13 -10 
1 17 25 17 21 9 13 24 16 15 10 -10 -5 12 22 26 19 
15 -6 1 11 9 -1 8 25 5 25 8 -1 9 11 1 -6 15 
19 26 22 12 -5 -10 10 15 16 24 13 9 21 17 25 17 1 
-10 13 5 24 2 17 7 23 25 3 -11 23 11 -20 -3 -12 -7 
12 -24 -14 28 -10 24 5 21 0 -2 -10 13 13 -28 -28 25 -18 
6 2 17 26 -12 16 12 2 13 13 11 11 21 -2 11 23 7 
6 20 20 1 14 17 6 22 12 16 -19 -26 -23 15 13 -23 5 
28 8 1 20 19 -26 26 13 -11 19 9 -3 7 -2 21 28 21 
17 7 11 1 12 -24 11 14 -26 21 20 19 7 14 3 -27 17 
25 23 5 -7 23 11 -23 13 23 23 16 -2 7 28 25 26 15 
28 9 16 7 -9 25 18 21 15 3 20 20 3 22 28 8 8 
50
3
14 3
18 11
17 4
4 13
0 5
1 12
16
3 11 15
16 7 15
8 2 15
6 16 9
8 7 14
15 8 16
3 13 12
9 16 11
15 5 15
2 9 15
10 14 15
12 0 9
10 9 14
3 8 16
15 3 12
9 0 11
32
5 13
15 6
2 10
6 11
11 7
15 11
3 15
1 14
1 2
12 14
10 5
13 16
17 3
13 15
6 14
13 8
13 3
3 10
16 6
12 5
7 9
3 5
15 1
17 2
17 14
6 2
8 11
5 0
1 13
5 1
12 2
5 8
