10 16
-6 3 0 -2 7 0 -1 8 8 4 1 6 4 -6 8 2 
2 -3 3 2 2 7 4 8 0 3 6 0 2 -1 -4 8 
8 2 2 5 7 6 1 -2 8 4 -8 -5 -8 -5 4 1 
-5 -4 1 2 -7 -6 3 -6 4 5 1 -1 7 4 7 7 
-8 7 5 8 8 2 3 -2 6 8 6 7 5 1 4 -5 
-5 4 1 5 7 6 8 6 -2 3 2 8 8 5 7 -8 
7 7 4 7 -1 1 5 4 -6 3 -6 -7 2 1 -4 -5 
1 4 -5 -8 -5 -8 4 8 -2 1 6 7 5 2 2 8 
8 -4 -1 2 0 6 3 0 8 4 7 2 2 3 -3 2 
2 8 -6 4 6 1 4 8 8 -1 0 7 -2 0 3 -6 
31
6
9 11
0 6
7 3
0 2
7 6
1 4
0 4
9 9
2 12
9 13
2 9
8 11
16
4 12 11
2 1 10
9 12 10
1 5 13
9 0 11
5 13 11
6 1 8
1 8 14
5 3 11
7 14 10
0 3 10
8 10 13
0 15 11
4 2 11
3 14 8
8 7 14
14
2 0
4 0
6 14
6 0
2 8
8 5
3 4
7 15
5 15
3 1
3 15
7 7
1 10
6 11
