14 20
12 5 -6 -12 -1 4 10 6 7 -1 8 11 5 8 9 -10 3 10 9 0 
12 7 -8 -9 10 12 3 12 1 5 12 9 9 -10 10 9 10 7 -10 12 
4 6 -5 7 3 3 -12 9 -3 2 0 4 -10 -5 12 -9 0 3 8 5 
6 -8 -2 7 7 10 -3 -10 11 11 3 -5 5 11 4 -2 4 1 3 8 
10 4 8 10 -6 12 -5 8 6 12 8 -12 6 11 1 -8 -3 8 -10 6 
10 4 12 3 5 6 0 -12 5 7 -3 10 9 -10 0 5 -3 3 5 1 
4 -11 5 11 7 9 5 2 6 1 2 12 1 3 -9 9 -2 1 7 5 
5 7 1 -2 9 -9 3 1 12 2 1 6 2 5 9 7 11 5 -11 4 
1 5 3 -3 5 0 -10 9 10 -3 7 5 -12 0 6 5 3 12 4 10 
6 -10 8 -3 -8 1 11 6 -12 8 12 6 8 -5 12 -6 10 8 4 10 
8 3 1 4 -2 4 11 5 -5 3 11 11 -10 -3 10 7 7 -2 -8 6 
5 8 3 0 -9 12 -5 -10 4 0 2 -3 9 -12 3 3 7 -5 6 4 
12 -10 7 10 9 10 -10 9 9 12 5 1 12 3 12 10 -9 -8 7 12 
0 9 10 3 -10 9 8 5 11 8 -1 7 6 10 4 -1 -12 -6 5 12 
30
4
1 9
2 14
10 6
3 4
12 10
11 5
3 13
10 15
16
7 10 8
2 4 10
10 5 15
13 11 12
7 11 13
11 12 16
10 2 9
11 0 14
6 9 8
11 15 10
3 14 15
0 8 12
6 8 13
2 7 16
3 17 9
2 19 14
18
9 18
2 13
12 19
8 14
7 0
0 14
9 3
5 4
5 0
4 1
11 6
1 0
5 5
6 19
13 5
4 16
8 15
8 19
