16 19
2 3 9 10 8 4 -12 10 14 1 4 9 1 2 1 9 13 14 -8 
2 10 12 11 7 14 13 -12 11 -14 4 -10 4 8 4 12 4 -2 11 
7 0 8 0 -8 6 4 8 -12 -3 -7 -7 3 9 4 1 -5 0 11 
1 13 12 8 3 -4 10 0 -11 3 12 9 -9 5 3 14 1 -11 12 
2 7 2 9 13 4 8 8 3 10 -2 -13 7 0 11 14 0 9 2 
1 4 11 8 0 6 4 -6 -1 10 8 4 -6 -4 12 11 1 10 -11 
14 2 14 -6 -7 5 -8 7 14 8 14 8 14 -4 1 8 13 10 4 
5 7 9 -1 0 0 -4 -8 -5 14 -11 -10 3 1 8 -5 11 -13 -5 
-5 -13 11 -5 8 1 3 -10 -11 14 -5 -8 -4 0 0 -1 9 7 5 
4 10 13 8 1 -4 14 8 14 8 14 7 -8 5 -7 -6 14 2 14 
-11 10 1 11 12 -4 -6 4 8 10 -1 -6 4 6 0 8 11 4 1 
2 9 0 14 11 0 7 -13 -2 10 3 8 8 4 13 9 2 7 2 
12 -11 1 14 3 5 -9 9 12 3 -11 0 10 -4 3 8 12 13 1 
11 0 -5 1 4 9 3 -7 -7 -3 -12 8 4 6 -8 0 8 0 7 
11 -2 4 12 4 8 4 -10 4 -14 11 -12 13 14 7 11 12 10 2 
-8 14 13 9 1 2 1 9 4 1 14 10 -12 4 8 10 9 3 2 
45
2
10 17
7 2
5 1
8 16
10
15 6 12
9 15 13
6 12 13
15 16 12
7 5 11
0 12 12
6 3 13
9 6 13
0 2 12
8 13 11
20
6 10
4 2
3 11
12 8
0 16
8 9
4 16
7 0
5 8
5 9
9 8
11 16
12 7
3 10
15 2
7 9
11 2
8 18
10 10
10 9
