17 15
5 2 7 3 -4 3 2 6 4 1 -8 -3 8 3 9 
1 8 6 -7 9 9 3 4 1 5 9 7 2 0 6 
-1 4 1 2 -7 1 -5 -5 9 9 3 5 9 9 1 
6 7 2 6 6 -6 3 -8 -8 1 4 -1 2 9 -9 
3 9 1 3 8 5 7 4 1 -9 1 0 9 2 5 
1 3 -7 6 -9 -7 7 -9 7 -7 -1 1 -4 3 5 
5 3 1 0 1 7 -3 1 9 4 9 2 -3 6 1 
2 1 8 -3 8 -1 0 2 6 3 1 5 7 -7 3 
1 -8 7 5 5 3 1 0 1 3 5 5 7 -8 1 
3 -7 7 5 1 3 6 2 0 -1 8 -3 8 1 2 
1 6 -3 2 9 4 9 1 -3 7 1 0 1 3 5 
5 3 -4 1 -1 -7 7 -9 7 -7 -9 6 -7 3 1 
5 2 9 0 1 -9 1 4 7 5 8 3 1 9 3 
-9 9 2 -1 4 1 -8 -8 3 -6 6 6 2 7 6 
1 9 9 5 3 9 9 -5 -5 1 -7 2 1 4 -1 
6 0 2 7 9 5 1 4 3 9 9 -7 6 8 1 
9 3 8 -3 -8 1 4 6 2 3 -4 3 7 2 5 
52
7
15 7
7 0
7 11
7 9
10 7
14 3
1 9
1 7
9 14
9 3
9 5
6 7
2 11
15 5
14
16 0 11
10 3 8
1 8 13
7 13 10
4 5 14
3 7 8
3 4 9
0 14 11
6 11 8
15 6 13
9 1 10
12 9 14
13 7 8
13 10 9
16
5 9
1 6
11 0
6 0
2 13
14 8
3 0
8 12
11 5
15 8
5 14
10 14
14 1
2 6
13 14
8 2
