20 20
8 4 5 7 7 10 1 -4 7 7 2 8 0 9 -5 4 7 3 4 5 
7 -5 5 6 -1 0 6 5 4 8 3 7 8 3 3 7 -1 8 1 -2 
7 9 2 4 5 2 -6 8 -9 1 8 9 1 0 7 -6 4 3 7 7 
-7 0 3 0 1 10 9 1 0 8 10 1 3 5 8 -8 2 -1 2 9 
5 1 4 7 0 1 -3 5 4 -1 1 10 8 1 5 7 1 5 8 0 
-8 -2 2 3 9 -2 9 -2 -1 7 3 7 5 0 9 2 3 2 2 -7 
-6 9 1 5 6 -10 4 5 0 -4 -2 -8 -1 2 5 -10 0 8 -9 4 
2 5 0 0 -9 6 6 7 6 -5 7 1 -3 8 4 10 9 0 3 -6 
4 2 -6 -10 9 0 6 10 -9 8 3 8 -4 6 7 6 5 10 9 0 
7 9 6 10 10 -10 2 2 4 -9 3 1 8 -8 -6 5 2 9 -6 3 
3 -6 9 2 5 -6 -8 8 1 3 -9 4 2 2 -10 10 10 6 9 7 
0 9 10 5 6 7 6 -4 8 3 8 -9 10 6 0 9 -10 -6 2 4 
-6 3 0 9 10 4 8 -3 1 7 -5 6 7 6 6 -9 0 0 5 2 
4 -9 8 0 -10 5 2 -1 -8 -2 -4 0 5 4 -10 6 5 1 9 -6 
-7 2 2 3 2 9 0 5 7 3 7 -1 -2 9 -2 9 3 2 -2 -8 
0 8 5 1 7 5 1 8 10 1 -1 4 5 -3 1 0 7 4 1 5 
9 2 -1 2 -8 8 5 3 1 10 8 0 1 9 10 1 0 3 0 -7 
7 7 3 4 -6 7 0 1 9 8 1 -9 8 -6 2 5 4 2 9 7 
-2 1 8 -1 7 3 3 8 7 3 8 4 5 6 0 -1 6 5 -5 7 
5 4 3 7 4 -5 9 0 8 2 7 7 -4 1 10 7 7 5 4 8 
37
2
3 8
4 18
16 11
15 1
8
12 18 14
18 11 11
9 17 14
12 14 10
7 1 14
1 8 11
10 2 14
7 5 10
0
