17 10
3 -3 3 3 0 4 0 -3 -3 2 
-2 2 1 -2 -3 -1 2 -3 0 -2 
3 4 0 1 4 3 0 -1 1 3 
1 -2 -4 4 -3 -1 0 -1 0 -3 
-4 2 -3 1 1 1 1 3 2 2 
4 1 -2 1 3 2 1 0 1 2 
-4 -4 2 4 2 -2 0 0 4 4 
3 -1 2 -4 -2 4 -3 3 4 2 
4 3 0 4 0 0 4 0 3 4 
2 4 3 -3 4 -2 -4 2 -1 3 
4 4 0 0 -2 2 4 2 -4 -4 
2 1 0 1 2 3 1 -2 1 4 
2 2 3 1 1 1 1 -3 2 -4 
-3 0 -1 0 -1 -3 4 -4 -2 1 
3 1 -1 0 3 4 1 0 4 3 
-2 0 -3 2 -1 -3 -2 1 2 -2 
2 -3 -3 0 4 0 3 3 -3 3 
44
4
6 9
13 4
15 3
15 6
10 0
3 5
1 6
1 3
12
15 7 16
13 3 12
13 6 16
12 3 16
10 4 14
5 3 12
1 2 16
3 6 12
3 3 16
4 6 16
6 5 14
11 6 12
12
7 5
16 6
1 0
12 5
10 3
4 9
9 4
0 3
15 9
4 4
6 6
12 0
