19 18
-1 6 4 2 8 7 3 4 6 6 4 9 0 -3 8 1 -8 1 
10 7 4 2 0 2 -10 8 3 -4 -1 6 9 0 -10 5 2 -9 
5 6 9 1 -4 5 -2 9 4 8 -9 5 6 -3 9 8 -9 3 
-8 7 10 5 9 2 8 10 -7 7 2 9 9 -8 -6 -7 5 -5 
1 0 4 6 -4 6 6 -6 1 -6 5 2 3 -9 1 -2 10 10 
5 -3 2 4 -3 3 8 -7 10 4 4 1 6 2 10 8 1 -7 
7 -6 7 10 -1 4 0 8 10 0 8 0 3 8 -7 -5 -8 5 
-5 -8 1 -9 3 6 5 8 -9 6 0 8 8 6 -5 -10 6 1 
2 2 9 8 -1 1 5 -3 -4 1 4 -10 6 4 3 1 3 8 
-6 2 5 7 6 -2 -1 7 5 5 7 -1 -2 6 7 5 2 -6 
8 3 1 3 4 6 -10 4 1 -4 -3 5 1 -1 8 9 2 2 
1 6 -10 -5 6 8 8 0 6 -9 8 5 6 3 -9 1 -8 -5 
5 -8 -5 -7 8 3 0 8 0 10 8 0 4 -1 10 7 -6 7 
-7 1 8 10 2 6 1 4 4 10 -7 8 3 -3 4 2 -3 5 
10 10 -2 1 -9 3 2 5 -6 1 -6 6 6 -4 6 4 0 1 
-5 5 -7 -6 -8 9 9 2 7 -7 10 8 2 9 5 10 7 -8 
3 -9 8 9 -3 6 5 -9 8 4 9 -2 5 -4 1 9 6 5 
-9 2 5 -10 0 9 6 -1 -4 3 8 -10 2 0 2 4 7 10 
1 -8 1 8 -3 0 9 4 6 6 4 3 7 8 2 4 6 -1 
37
7
12 9
13 15
3 4
3 5
1 13
17 13
18 5
6 8
5 2
15 13
15 12
17 4
1 4
0 12
6
18 8 15
11 14 9
0 14 11
0 9 15
7 3 9
18 3 11
28
17 2
6 1
3 8
16 2
2 16
13 16
10 9
1 0
8 10
11 13
14 6
13 14
3 11
1 12
1 15
12 16
15 9
2 15
16 1
5 1
8 8
17 17
10 7
7 4
4 11
5 3
15 6
17 5
