18 10
2 -7 16 -8 7 3 11 -5 15 4 
-5 8 16 15 11 9 -10 6 1 16 
13 8 4 15 4 -7 5 5 14 9 
13 -11 3 10 -6 2 13 3 2 16 
15 6 5 16 -1 9 1 11 8 -12 
-7 -16 6 6 -3 12 7 6 7 6 
16 15 14 -9 5 12 7 12 -15 6 
13 8 10 9 15 6 4 6 6 0 
5 0 11 13 -10 10 3 15 12 -16 
-16 12 15 3 10 -10 13 11 0 5 
0 6 6 4 6 15 9 10 8 13 
6 -15 12 7 12 5 -9 14 15 16 
6 7 6 7 12 -3 6 6 -16 -7 
-12 8 11 1 9 -1 16 5 6 15 
16 2 3 13 2 -6 10 3 -11 13 
9 14 5 5 -7 4 15 4 8 13 
16 1 6 -10 9 11 15 16 8 -5 
4 15 -5 11 3 7 -8 16 -7 2 
53
4
13 8
14 3
5 0
9 3
4 1
3 6
12 9
8 6
16
1 3 11
11 7 12
16 5 8
13 7 12
2 0 8
9 4 16
9 5 9
13 5 9
16 6 11
6 2 12
1 4 8
4 2 12
15 9 8
8 5 16
8 4 9
4 4 9
16
1 2
7 3
17 5
3 7
13 0
8 1
2 1
14 9
16 7
10 6
0 4
14 2
4 9
9 8
15 8
3 0
