15 11
7 -3 4 1 -5 0 4 -7 1 -2 3 
6 3 -6 1 7 0 -7 2 4 -1 6 
0 0 7 2 -6 0 2 2 6 5 4 
0 -7 2 -4 1 0 5 6 2 -3 2 
5 7 1 -2 6 5 3 4 3 4 6 
6 1 5 5 -7 2 4 2 2 5 1 
4 1 3 7 -3 -1 -3 7 -7 6 4 
3 2 3 6 1 7 1 6 3 2 3 
4 6 -7 7 -3 -1 -3 7 3 1 4 
1 5 2 2 4 2 -7 5 5 1 6 
6 4 3 4 3 5 6 -2 1 7 5 
2 -3 2 6 5 0 1 -4 2 -7 0 
4 5 6 2 2 0 -6 2 7 0 0 
6 -1 4 2 -7 0 7 1 -6 3 6 
3 -2 1 -7 4 0 -5 1 4 -3 7 
48
4
7 1
12 7
12 6
0 5
7 9
2 3
2 4
14 5
20
14 7 10
2 0 16
8 5 14
7 5 8
5 2 8
0 1 14
9 10 10
1 10 9
3 5 11
5 7 10
0 3 10
12 10 16
6 5 14
7 5 8
9 8 8
14 9 14
5 0 10
13 0 9
11 5 11
9 3 10
14
0 6
10 5
14 0
9 0
10 4
3 10
4 3
14 4
4 5
0 10
5 10
4 6
11 0
10 7
