15 17
14 4 7 4 4 -6 -14 5 5 9 5 5 8 -14 -9 11 14 
2 8 -5 -7 5 5 6 4 15 12 -8 12 14 14 -1 3 7 
-16 5 13 1 12 -1 12 8 -6 -3 0 1 14 11 -12 4 9 
15 1 10 10 5 -14 15 15 -11 8 -1 8 1 14 -11 -15 -9 
-4 8 11 -3 6 16 5 4 8 0 -4 14 13 7 -4 16 3 
9 12 6 -6 -4 11 -16 -16 15 -5 5 3 10 -11 -1 11 -1 
8 3 16 3 1 -7 4 7 11 5 5 9 14 13 -6 10 8 
8 1 -2 -6 14 1 4 8 13 8 4 1 14 -6 -2 1 8 
8 10 -6 13 14 9 5 5 11 7 4 -7 1 3 16 3 8 
-1 11 -1 -11 10 3 5 -5 15 -16 -16 11 -4 -6 6 12 9 
3 16 -4 7 13 14 -4 0 8 4 5 16 6 -3 11 8 -4 
-9 -15 -11 14 1 8 -1 8 -11 15 15 -14 5 10 10 1 15 
9 4 -12 11 14 1 0 -3 -6 8 12 -1 12 1 13 5 -16 
7 3 -1 14 14 12 -8 12 15 4 6 5 5 -7 -5 8 2 
14 11 -9 -14 8 5 5 9 5 5 -14 -6 4 4 7 4 14 
44
6
1 10
8 15
14 9
1 9
10 2
2 4
13 6
6 1
0 7
13 7
4 14
12 12
12
1 16 12
6 13 10
5 0 9
6 12 14
14 15 11
8 14 12
13 0 12
8 3 10
9 16 9
8 4 14
0 1 11
6 2 12
16
13 2
6 8
2 12
14 13
9 11
3 16
10 13
12 14
1 14
8 8
12 4
0 3
5 5
11 0
4 3
2 2
