20 20
0 -2 1 1 1 3 -3 2 1 3 2 1 0 1 -3 -2 1 0 0 -2 
2 3 2 2 1 0 0 2 1 1 -1 -1 3 2 -2 3 2 2 0 -1 
3 3 -3 3 1 3 2 0 1 2 3 2 1 2 3 3 0 3 2 -1 
1 1 -3 2 0 3 -2 3 0 1 3 -2 1 0 -3 2 1 -1 -2 1 
1 2 3 3 -1 0 -2 0 -3 3 3 3 1 -1 -2 3 0 2 2 3 
2 1 0 -2 1 2 1 3 1 1 0 1 1 -1 -1 3 3 1 0 0 
3 1 1 -2 0 1 1 1 1 3 1 3 -1 3 0 1 2 3 -3 0 
3 -2 2 0 3 3 -1 3 1 1 -3 1 -2 1 3 2 1 -2 3 3 
0 2 2 3 2 0 2 2 1 0 3 2 -2 0 1 0 1 0 1 1 
0 2 0 -1 -2 1 3 -2 -1 -1 3 2 3 -3 0 1 3 1 3 2 
2 3 1 3 1 0 -3 3 2 3 -1 -1 -2 3 1 -2 -1 0 2 0 
1 1 0 1 0 1 0 -2 2 3 0 1 2 2 0 2 3 2 2 0 
3 3 -2 1 2 3 1 -2 1 -3 1 1 3 -1 3 3 0 2 -2 3 
0 -3 3 2 1 0 3 -1 3 1 3 1 1 1 1 0 -2 1 1 3 
0 0 1 3 3 -1 -1 1 1 0 1 1 3 1 2 1 -2 0 1 2 
3 2 2 0 3 -2 -1 1 3 3 3 -3 0 -2 0 -1 3 3 2 1 
1 -2 -1 1 2 -3 0 1 -2 3 1 0 3 -2 3 0 2 -3 1 1 
-1 2 3 0 3 3 2 1 2 3 2 1 0 2 3 1 3 -3 3 3 
-1 0 2 2 3 -2 2 3 -1 -1 1 1 2 0 0 1 2 2 3 2 
-2 0 0 1 -2 -3 1 0 1 2 3 1 2 -3 3 1 1 1 -2 0 
60
8
18 14
16 8
10 3
9 18
19 8
11 13
18 17
3 15
1 5
3 11
9 16
10 1
0 11
8 6
1 2
16 4
14
2 1 9
8 10 10
13 2 9
9 0 9
14 1 14
16 18 11
7 17 12
17 18 9
11 9 10
6 17 9
10 19 9
5 18 14
3 1 11
12 2 12
0
