20 10
10 11 7 6 8 0 7 -10 2 6 
4 -9 4 7 7 11 1 11 7 -11 
-3 6 3 -3 1 11 7 11 -11 7 
10 1 6 9 -4 -11 7 10 2 6 
6 5 3 11 11 5 -10 5 7 10 
9 9 -2 5 1 4 6 2 11 -7 
-10 8 7 -10 10 11 1 6 1 11 
5 1 0 8 3 11 7 8 9 -4 
-1 8 9 2 4 11 0 2 8 10 
10 10 9 3 3 0 1 8 -2 7 
7 -2 8 1 0 3 3 9 10 10 
10 8 2 0 11 4 2 9 8 -1 
-4 9 8 7 11 3 8 0 1 5 
11 1 6 1 11 10 -10 7 8 -10 
-7 11 2 6 4 1 5 -2 9 9 
10 7 5 -10 5 11 11 3 5 6 
6 2 10 7 -11 -4 9 6 1 10 
7 -11 11 7 11 1 -3 3 6 -3 
-11 7 11 1 11 7 7 4 -9 4 
6 2 -10 7 0 8 6 7 11 10 
45
4
4 1
7 1
8 7
5 9
15 8
12 8
11 2
14 0
12
10 0 14
3 9 14
18 4 16
13 3 14
12 6 8
0 1 9
9 9 14
16 0 14
1 5 16
6 6 14
7 3 8
19 8 9
14
7 6
17 9
12 5
11 5
3 6
13 2
11 1
12 3
2 0
7 4
8 4
16 3
6 7
8 8
