13 13
18 -10 7 -9 15 -27 6 -18 0 -7 5 18 20 
12 -20 24 9 1 21 -8 23 8 20 -21 -13 5 
11 6 -8 5 -14 20 14 -15 12 27 6 2 -5 
18 12 8 24 26 18 -25 -18 12 21 21 18 21 
25 23 -16 22 -2 15 8 11 12 1 -18 9 26 
14 -25 6 -11 -18 -8 18 -4 3 18 12 17 9 
-6 -10 7 -25 0 0 -3 0 0 -25 7 -10 -6 
9 17 12 18 3 -4 18 -8 -18 -11 6 -25 14 
26 9 -18 1 12 11 8 15 -2 22 -16 23 25 
21 18 21 21 12 -18 -25 18 26 24 8 12 18 
-5 2 6 27 12 -15 14 20 -14 5 -8 6 11 
5 -13 -21 20 8 23 -8 21 1 9 24 -20 12 
20 18 5 -7 0 -18 6 -27 15 -9 7 -10 18 
39
7
2 12
1 0
12 2
3 9
1 8
1 6
2 7
10 0
11 12
0 10
9 3
11 4
11 6
10 5
14
11 8 16
4 10 13
11 9 16
6 1 12
10 9 15
11 3 14
5 3 12
1 4 16
8 2 13
1 3 16
6 11 12
2 3 15
1 9 14
7 9 12
16
2 9
3 4
3 12
7 0
0 8
8 3
7 6
8 4
10 3
9 8
9 0
5 12
12 4
4 9
5 6
4 8
