10 16
2 7 15 -9 -2 4 4 14 3 13 1 9 2 3 14 -14 
1 3 -10 2 -7 -4 9 -4 -2 -9 -4 10 12 -1 8 11 
12 13 -11 -8 4 14 9 5 7 -2 2 7 2 7 0 14 
-2 -1 14 9 -9 4 7 14 4 3 4 -7 -4 13 -5 14 
11 10 -5 4 8 -15 12 -9 -4 -11 14 -13 5 14 -3 15 
15 -3 14 5 -13 14 -11 -4 -9 12 -15 8 4 -5 10 11 
14 -5 13 -4 -7 4 3 4 14 7 4 -9 9 14 -1 -2 
14 0 7 2 7 2 -2 7 5 9 14 4 -8 -11 13 12 
11 8 -1 12 10 -4 -9 -2 -4 9 -4 -7 2 -10 3 1 
-14 14 3 2 9 1 13 3 14 4 4 -2 -9 15 7 2 
60
2
4 15
7 6
5 0
2 9
8
9 1 9
0 2 11
1 7 12
6 15 14
0 14 9
9 13 11
8 8 12
3 0 14
16
7 9
5 11
0 11
3 7
9 11
2 10
9 3
4 14
2 6
4 4
9 4
6 8
0 4
7 5
0 12
5 1
