20 20
3 -2 0 6 10 4 0 2 5 -11 10 -1 7 -5 9 -2 6 6 -4 9 
1 9 -12 8 -8 5 -5 1 12 5 11 -11 13 10 5 8 4 12 7 9 
14 14 9 -9 -12 14 -13 -14 10 11 10 10 5 8 11 11 -11 4 -5 1 
7 -2 6 3 14 10 4 8 7 7 9 1 11 0 7 -6 10 12 1 14 
5 0 6 10 -13 1 11 -4 -3 13 6 3 1 1 -13 7 4 -12 -4 5 
14 1 9 2 -6 9 -14 -14 1 10 7 -5 7 7 14 -3 7 -7 9 3 
-1 3 3 13 5 3 11 8 -8 12 12 11 -8 4 11 0 10 10 11 9 
11 -5 13 7 -10 14 11 9 -2 5 -3 5 1 3 -13 11 8 13 2 7 
12 -5 -1 14 -1 8 14 13 9 4 9 -4 8 14 9 4 8 3 5 5 
13 11 9 -5 11 9 4 11 14 0 -13 3 2 -2 8 14 8 10 -14 -8 
-8 -14 10 8 14 8 -2 2 3 -13 0 14 11 4 9 11 -5 9 11 13 
5 5 3 8 4 9 14 8 -4 9 4 9 13 14 8 -1 14 -1 -5 12 
7 2 13 8 11 -13 3 1 5 -3 5 -2 9 11 14 -10 7 13 -5 11 
9 11 10 10 0 11 4 -8 11 12 12 -8 8 11 3 5 13 3 3 -1 
3 9 -7 7 -3 14 7 7 -5 7 10 1 -14 -14 9 -6 2 9 1 14 
5 -4 -12 4 7 -13 1 1 3 6 13 -3 -4 11 1 -13 10 6 0 5 
14 1 12 10 -6 7 0 11 1 9 7 7 8 4 10 14 3 6 -2 7 
1 -5 4 -11 11 11 8 5 10 10 11 10 -14 -13 14 -12 -9 9 14 14 
9 7 12 4 8 5 10 13 -11 11 5 12 1 -5 5 -8 8 -12 9 1 
9 -4 6 6 -2 9 -5 7 -1 10 -11 5 2 0 4 10 6 0 -2 3 
32
2
17 0
15 18
2 19
4 1
20
10 5 14
16 12 10
13 12 9
16 13 8
13 6 10
11 13 10
9 2 11
4 0 8
16 14 8
1 13 14
9 14 14
3 7 10
6 7 9
3 6 8
6 13 10
8 6 10
10 17 11
15 19 8
3 5 8
18 6 14
0
