20 20
1 2 1 1 0 2 1 1 3 1 3 2 3 1 2 0 2 -1 -1 0 
1 2 -3 3 2 3 -2 3 3 -1 1 2 1 3 1 -3 -3 1 2 2 
2 0 1 3 2 -2 3 3 -3 0 0 2 1 1 2 0 1 2 2 3 
3 1 3 1 1 0 2 1 1 1 -2 2 2 1 0 1 3 -3 -1 2 
1 -2 3 3 1 -3 2 3 1 -3 2 -1 1 -2 2 2 1 0 3 0 
1 0 -3 -3 -1 2 1 0 2 -2 -3 1 0 -1 -3 3 2 2 1 2 
0 3 1 1 0 2 -1 1 2 2 1 -1 2 0 2 0 2 0 1 2 
3 -3 1 -1 -2 3 3 1 2 1 -1 1 -3 2 1 3 1 2 1 1 
2 2 3 -2 1 0 -1 1 3 1 2 3 -3 1 3 -3 -1 3 2 1 
2 1 1 1 1 1 -2 3 1 0 -1 3 3 2 2 -1 1 3 3 -2 
-2 3 3 1 -1 2 2 3 3 -1 0 1 3 -2 1 1 1 1 1 2 
1 2 3 -1 -3 3 1 -3 3 2 1 3 1 -1 0 1 -2 3 2 2 
1 1 2 1 3 1 2 -3 1 -1 1 2 1 3 3 -2 -1 1 -3 3 
2 1 0 2 0 2 0 2 -1 1 2 2 1 -1 2 0 1 1 3 0 
2 1 2 2 3 -3 -1 0 1 -3 -2 2 0 1 2 -1 -3 -3 0 1 
0 3 0 1 2 2 -2 1 -1 2 -3 1 3 2 -3 1 3 3 -2 1 
2 -1 -3 3 1 0 1 2 2 -2 1 1 1 2 0 1 1 3 1 3 
3 2 2 1 0 2 1 1 2 0 0 -3 3 3 -2 2 3 1 0 2 
2 2 1 -3 -3 1 3 1 2 1 -1 3 3 -2 3 2 3 -3 2 1 
0 -1 -1 2 0 2 1 3 2 3 1 3 1 1 2 0 1 1 2 1 
31
5
6 9
14 18
14 16
17 10
10 1
13 10
5 1
5 3
2 9
9 18
18
10 4 16
14 12 16
9 1 8
15 2 11
5 14 8
5 18 12
16 3 9
2 14 13
3 19 16
9 15 16
5 7 16
10 18 8
4 17 11
14 5 8
14 1 12
3 16 9
17 5 13
16 0 16
0
