20 20
8 5 7 4 -3 8 6 6 -12 6 -6 5 4 10 -9 10 -3 4 11 1 
-9 10 3 -6 12 11 2 -7 12 2 6 5 9 1 9 7 9 1 10 6 
-6 6 4 10 1 8 3 1 -11 1 6 9 4 10 -6 8 1 9 -5 8 
6 8 -1 6 12 7 5 9 6 5 1 12 7 12 4 -9 -5 -12 3 2 
9 7 5 7 3 3 -7 12 3 8 -1 7 10 10 10 8 6 9 -11 -4 
3 0 0 -6 -5 2 3 8 5 12 9 9 7 7 3 -3 1 0 5 10 
-9 -11 4 -7 8 -2 5 7 -7 12 4 6 -1 4 -10 6 -4 7 4 8 
11 0 12 -12 3 3 1 -3 -7 11 5 0 7 2 1 11 1 0 7 9 
1 -1 10 -9 -7 -6 -4 -3 5 9 3 -9 1 2 12 8 3 1 7 12 
2 -12 7 12 8 -8 11 3 7 1 -1 7 2 10 -8 1 3 5 3 -10 
-10 3 5 3 1 -8 10 2 7 -1 1 7 3 11 -8 8 12 7 -12 2 
12 7 1 3 8 12 2 1 -9 3 9 5 -3 -4 -6 -7 -9 10 -1 1 
9 7 0 1 11 1 2 7 0 5 11 -7 -3 1 3 3 -12 12 0 11 
8 4 7 -4 6 -10 4 -1 6 4 12 -7 7 5 -2 8 -7 4 -11 -9 
10 5 0 1 -3 3 7 7 9 9 12 5 8 3 2 -5 -6 0 0 3 
-4 -11 9 6 8 10 10 10 7 -1 8 3 12 -7 3 3 7 5 7 9 
2 3 -12 -5 -9 4 12 7 12 1 5 6 9 5 7 12 6 -1 8 6 
8 -5 9 1 8 -6 10 4 9 6 1 -11 1 3 8 1 10 4 6 -6 
6 10 1 9 7 9 1 9 5 6 2 12 -7 2 11 12 -6 3 10 -9 
1 11 4 -3 10 -9 10 4 5 -6 6 -12 6 6 8 -3 4 7 5 8 
40
4
18 15
10 19
0 11
17 11
1 4
9 0
19 8
2 8
8
6 13 15
8 11 14
7 17 8
14 6 13
13 6 15
11 8 14
12 2 8
5 13 13
0
