10 20
10 2 5 -9 1 2 11 -1 -5 5 -6 2 -9 3 11 -4 -6 -4 0 0 
7 -1 5 5 -11 6 2 3 7 11 10 8 -5 3 -4 11 7 11 -8 3 
4 -9 7 8 -1 -6 8 -8 0 3 5 9 3 11 11 -1 8 6 0 5 
-10 5 -10 -10 10 4 4 8 0 -5 10 10 9 11 -2 3 4 -7 10 3 
10 -6 -2 3 11 5 4 -7 -9 9 6 -6 -1 -8 11 1 3 -5 8 6 
6 8 -5 3 1 11 -8 -1 -6 6 9 -9 -7 4 5 11 3 -2 -6 10 
3 10 -7 4 3 -2 11 9 10 10 -5 0 8 4 4 10 -10 -10 5 -10 
5 0 6 8 -1 11 11 3 9 5 3 0 -8 8 -6 -1 8 7 -9 4 
3 -8 11 7 11 -4 3 -5 8 10 11 7 3 2 6 -11 5 5 -1 7 
0 0 -4 -6 -4 11 3 -9 2 -6 5 -5 -1 11 2 1 -9 5 2 10 
32
6
7 17
6 8
7 4
1 8
5 2
1 5
2 2
3 11
2 15
8 11
4 17
8 14
12
0 9 12
5 11 8
4 7 16
3 13 16
3 12 10
8 13 10
9 10 12
4 8 8
5 12 16
6 6 16
6 7 10
1 6 10
14
4 19
2 19
5 4
3 18
8 10
2 11
3 8
5 0
7 0
4 15
6 1
1 9
7 8
6 11
