20 20
3 6 7 0 8 7 8 6 3 -8 8 7 3 -7 0 7 7 0 7 7 
4 4 2 0 -1 8 3 4 2 0 4 8 7 7 8 9 6 4 -8 6 
9 -4 -7 -1 8 4 5 6 9 5 -2 3 6 8 8 -2 3 4 9 -2 
8 -3 9 1 6 7 8 4 6 -3 1 2 -8 2 5 1 4 5 -5 8 
8 3 6 9 9 -2 2 9 6 4 1 5 3 7 -4 -9 7 -9 3 6 
2 8 -2 9 4 -4 1 8 -2 -3 3 -8 9 6 2 1 7 4 4 5 
3 4 8 4 -2 -1 9 3 -6 7 2 2 9 4 7 -7 -7 9 -2 5 
0 8 8 8 6 8 5 5 9 9 6 -1 7 -9 9 2 3 8 6 -5 
1 3 0 4 8 3 -8 1 1 -2 6 0 6 7 5 4 6 9 0 -9 
-7 8 -4 5 6 3 1 -1 2 2 4 8 0 -3 3 1 3 2 4 3 
3 4 2 3 1 3 -3 0 8 4 2 2 -1 1 3 6 5 -4 8 -7 
-9 0 9 6 4 5 7 6 0 6 -2 1 1 -8 3 8 4 0 3 1 
-5 6 8 3 2 9 -9 7 -1 6 9 9 5 5 8 6 8 8 8 0 
5 -2 9 -7 -7 7 4 9 2 2 7 -6 3 9 -1 -2 4 8 4 3 
5 4 4 7 1 2 6 9 -8 3 -3 -2 8 1 -4 4 9 -2 8 2 
6 3 -9 7 -9 -4 7 3 5 1 4 6 9 2 -2 9 9 6 3 8 
8 -5 5 4 1 5 2 -8 2 1 -3 6 4 8 7 6 1 9 -3 8 
-2 9 4 3 -2 8 8 6 3 -2 5 9 6 5 4 8 -1 -7 -4 9 
6 -8 4 6 9 8 7 7 8 4 0 2 4 3 8 -1 0 2 4 4 
7 7 0 7 7 0 -7 3 7 8 -8 3 6 8 7 8 0 7 6 3 
41
5
4 1
11 6
13 7
8 19
16 4
15 18
8 13
6 12
11 0
3 15
10
16 10 15
1 16 15
10 14 10
10 6 11
13 11 15
3 9 15
18 3 15
9 5 10
9 13 11
6 8 15
0
