13 20
0 6 5 0 4 -7 6 -5 -2 9 -10 10 1 8 5 5 10 -8 2 8 
3 4 9 8 9 3 -1 2 -10 2 1 -5 3 6 8 3 -2 2 1 6 
4 4 7 6 -1 3 8 7 0 5 9 8 2 9 9 9 2 0 0 -1 
6 0 6 4 10 8 9 3 9 -5 -2 6 10 2 7 1 2 6 6 10 
2 -4 -5 -2 7 5 6 4 1 -10 7 7 8 8 10 5 -9 -7 5 5 
-7 6 10 1 4 1 -7 7 10 -9 1 10 1 6 7 0 -5 8 9 -1 
-9 3 6 -8 0 9 8 7 8 -2 -2 8 7 8 9 0 -8 6 3 -9 
-1 9 8 -5 0 7 6 1 10 1 -9 10 7 -7 1 4 1 10 6 -7 
5 5 -7 -9 5 10 8 8 7 7 -10 1 4 6 5 7 -2 -5 -4 2 
10 6 6 2 1 7 2 10 6 -2 -5 9 3 9 8 10 4 6 0 6 
-1 0 0 2 9 9 9 2 8 9 5 0 7 8 3 -1 6 7 4 4 
6 1 2 -2 3 8 6 3 -5 1 2 -10 2 -1 3 9 8 9 4 3 
8 2 -8 10 5 5 8 1 10 -10 9 -2 -5 6 -7 4 0 5 6 0 
40
3
1 7
5 8
12 0
11 12
7 11
0 19
8
7 5 10
9 11 11
10 15 11
8 3 9
5 14 10
3 8 11
2 4 11
4 16 9
24
9 16
1 0
11 6
12 18
5 18
2 12
5 9
4 18
9 3
5 10
1 10
8 2
3 3
11 19
1 13
0 1
7 1
10 7
7 10
8 1
3 16
7 9
11 9
4 17
