11 15
-2 7 8 4 7 1 8 1 -9 10 2 10 10 5 8 
-3 9 8 2 -9 1 5 7 -7 10 8 -5 5 7 5 
6 8 0 10 8 -10 -7 8 2 10 -10 3 7 -4 0 
-5 5 4 6 1 6 4 7 8 5 9 9 6 -5 10 
6 3 0 -2 8 -8 7 3 3 3 -9 8 4 3 5 
10 5 3 3 9 -3 -6 9 -6 -3 9 3 3 5 10 
5 3 4 8 -9 3 3 3 7 -8 8 -2 0 3 6 
10 -5 6 9 9 5 8 7 4 6 1 6 4 5 -5 
0 -4 7 3 -10 10 2 8 -7 -10 8 10 0 8 6 
5 7 5 -5 8 10 -7 7 5 1 -9 2 8 9 -3 
8 5 10 10 2 10 -9 1 8 1 7 4 8 7 -2 
39
3
5 2
3 10
2 14
5 12
7 4
8 0
12
9 13 11
6 5 8
2 4 9
2 13 11
6 1 14
1 3 12
1 1 11
4 9 8
8 10 9
8 1 11
4 13 14
9 11 12
16
5 0
2 8
1 11
4 7
10 5
10 1
4 2
6 4
5 14
8 6
9 3
6 7
0 9
0 13
6 12
4 10
