20 20
12 -1 13 0 -6 0 13 -13 14 15 12 14 -3 3 -8 3 10 -8 -3 -10 
12 7 10 10 -12 15 12 7 7 15 10 10 6 -3 8 2 -11 -6 1 -4 
7 -1 2 8 5 12 14 -15 11 2 6 14 2 12 1 -7 -1 11 1 0 
-9 -6 -14 3 13 5 9 0 14 3 -5 4 1 2 10 -12 4 3 1 -9 
7 10 -14 -2 3 5 -7 -3 2 3 13 5 13 4 -5 11 9 10 6 2 
6 15 9 1 14 9 -10 -13 3 0 1 13 0 -13 6 2 -11 10 1 0 
-2 2 6 -5 -8 12 -11 5 -5 -2 6 -12 15 5 6 -8 11 3 10 1 
9 -2 10 -6 7 -4 2 7 7 6 2 14 7 11 0 6 13 7 0 6 
-12 1 -12 8 11 5 -1 3 10 11 15 3 14 5 14 1 -3 -1 15 12 
13 -14 -4 10 4 0 -14 -12 7 13 -7 8 -10 15 11 4 10 9 6 5 
5 6 9 10 4 11 15 -10 8 -7 13 7 -12 -14 0 4 10 -4 -14 13 
12 15 -1 -3 1 14 5 14 3 15 11 10 3 -1 5 11 8 -12 1 -12 
6 0 7 13 6 0 11 7 14 2 6 7 7 2 -4 7 -6 10 -2 9 
1 10 3 11 -8 6 5 15 -12 6 -2 -5 5 -11 12 -8 -5 6 2 -2 
0 1 10 -11 2 6 -13 0 13 1 0 3 -13 -10 9 14 1 9 15 6 
2 6 10 9 11 -5 4 13 5 13 3 2 -3 -7 5 3 -2 -14 10 7 
-9 1 3 4 -12 10 2 1 4 -5 3 14 0 9 5 13 3 -14 -6 -9 
0 1 11 -1 -7 1 12 2 14 6 2 11 -15 14 12 5 8 2 -1 7 
-4 1 -6 -11 2 8 -3 6 10 10 15 7 7 12 15 -12 10 10 7 12 
-10 -3 -8 10 3 -8 3 -3 14 12 15 14 -13 13 0 -6 0 13 -1 12 
58
2
3 15
14 3
16 4
5 16
12
19 6 12
12 6 14
9 10 10
15 5 11
14 1 16
17 11 9
0 13 12
7 13 14
10 9 10
4 14 11
5 18 16
2 8 9
0
