20 20
6 1 6 6 -2 -1 4 1 1 6 -2 1 7 -3 0 7 6 2 -1 4 
-3 -5 -4 0 5 6 7 4 -4 7 7 3 1 0 -6 2 2 4 7 2 
0 1 7 7 3 5 1 4 0 5 7 3 7 1 3 7 -7 3 6 5 
2 -7 2 4 0 0 6 3 4 -6 0 -4 6 5 5 6 -7 2 4 2 
-5 2 2 3 1 0 4 -3 -6 -1 -2 1 7 -7 6 1 6 6 1 2 
-1 6 -5 6 7 5 -5 0 1 5 6 -1 5 1 7 4 -5 3 1 3 
0 -3 7 2 4 7 6 0 3 6 6 7 5 7 1 1 -3 0 2 7 
5 -3 6 6 4 4 6 1 -4 1 7 6 -4 2 -7 1 3 3 2 4 
1 4 -6 -5 2 4 -6 5 -5 6 -5 1 6 0 -1 7 4 2 6 5 
4 4 5 1 -4 1 6 7 -3 2 0 0 2 -5 6 2 4 4 3 -4 
-4 3 4 4 2 6 -5 2 0 0 2 -3 7 6 1 -4 1 5 4 4 
5 6 2 4 7 -1 0 6 1 -5 6 -5 5 -6 4 2 -5 -6 4 1 
4 2 3 3 1 -7 2 -4 6 7 1 -4 1 6 4 4 6 6 -3 5 
7 2 0 -3 1 1 7 5 7 6 6 3 0 6 7 4 2 7 -3 0 
3 1 3 -5 4 7 1 5 -1 6 5 1 0 -5 5 7 6 -5 6 -1 
2 1 6 6 1 6 -7 7 1 -2 -1 -6 -3 4 0 1 3 2 2 -5 
2 4 2 -7 6 5 5 6 -4 0 -6 4 3 6 0 0 4 2 -7 2 
5 6 3 -7 7 3 1 7 3 7 5 0 4 1 5 3 7 7 1 0 
2 7 4 2 2 -6 0 1 3 7 7 -4 4 7 6 5 0 -4 -5 -3 
4 -1 2 6 7 0 -3 7 1 -2 6 1 1 4 -1 -2 6 6 1 6 
36
8
15 3
7 15
9 2
2 10
6 19
10 6
16 10
18 5
4 16
12 4
10 17
17 9
13 0
9 13
3 9
1 14
14
8 0 15
4 10 14
14 8 13
9 11 8
10 0 9
1 7 10
11 13 9
11 19 15
15 9 14
5 11 13
10 8 8
9 19 9
18 12 10
8 6 9
0
