10 15
-3 13 -16 10 7 -9 5 1 13 8 -13 10 7 0 -3 
7 -14 -5 -5 14 1 7 14 3 -4 11 13 12 -6 9 
16 -8 6 4 -13 12 14 0 2 -11 5 6 -13 9 -10 
-10 4 -12 2 15 10 5 6 7 -9 12 1 16 13 4 
4 8 3 13 15 10 1 10 -4 0 13 4 -12 -1 -12 
-12 -1 -12 4 13 0 -4 10 1 10 15 13 3 8 4 
4 13 16 1 12 -9 7 6 5 10 15 2 -12 4 -10 
-10 9 -13 6 5 -11 2 0 14 12 -13 4 6 -8 16 
9 -6 12 13 11 -4 3 14 7 1 14 -5 -5 -14 7 
-3 0 7 10 -13 8 13 1 5 -9 7 10 -16 13 -3 
40
8
5 10
0 9
8 0
2 9
4 0
6 12
5 12
2 3
4 4
9 5
1 14
7 5
5 14
3 2
4 2
7 11
6
4 1 10
0 14 15
6 4 13
5 13 10
9 0 15
3 10 13
14
6 2
8 12
2 14
1 10
8 2
5 3
5 2
3 12
1 2
7 0
8 4
1 12
4 11
4 12
