20 20
1 3 0 2 1 1 1 0 1 2 0 -2 -3 0 2 2 2 2 -3 3 
-1 1 -1 -1 3 -1 1 3 -1 3 1 2 -3 -2 -3 3 0 1 1 3 
3 2 0 0 2 1 1 2 -1 0 2 2 3 3 3 2 0 3 3 3 
2 1 0 3 -1 3 2 2 3 1 3 3 3 -3 1 3 -1 0 1 -3 
2 3 -2 1 3 2 1 2 0 -1 1 -2 -3 2 -1 0 3 3 0 1 
0 3 3 3 -2 3 1 3 3 0 3 0 1 -2 0 1 3 -3 1 0 
1 1 3 3 2 1 0 2 -2 1 -1 -1 2 2 3 1 -2 3 0 3 
0 3 -1 2 -1 0 0 0 0 0 1 -1 2 3 2 2 2 0 -2 0 
1 -3 -3 1 3 -3 0 -2 3 1 2 1 2 3 3 1 1 3 1 1 
0 2 -1 -3 3 3 -1 1 2 3 -1 2 2 2 2 0 -3 1 2 -3 
-3 2 1 -3 0 2 2 2 2 -1 3 2 1 -1 3 3 -3 -1 2 0 
1 1 3 1 1 3 3 2 1 2 1 3 -2 0 -3 3 1 -3 -3 1 
0 -2 0 2 2 2 3 2 -1 1 0 0 0 0 0 -1 2 -1 3 0 
3 0 3 -2 1 3 2 2 -1 -1 1 -2 2 0 1 2 3 3 1 1 
0 1 -3 3 1 0 -2 1 0 3 0 3 3 1 3 -2 3 3 3 0 
1 0 3 3 0 -1 2 -3 -2 1 -1 0 2 1 2 3 1 -2 3 2 
-3 1 0 -1 3 1 -3 3 3 3 1 3 2 2 3 -1 3 0 1 2 
3 3 3 0 2 3 3 3 2 2 0 -1 2 1 1 2 0 0 2 3 
3 1 1 0 3 -3 -2 -3 2 1 3 -1 3 1 -1 3 -1 -1 1 -1 
3 -3 2 2 2 2 0 -3 -2 0 2 1 0 1 1 1 2 0 3 1 
46
8
7 19
19 15
12 10
2 17
4 6
9 4
14 0
8 18
12 0
0 4
7 9
17 2
15 13
10 15
5 19
11 1
20
5 9 13
4 8 10
16 13 16
12 6 13
4 19 8
1 4 16
2 5 12
10 4 8
15 9 16
1 7 15
14 10 13
15 11 10
3 6 16
7 13 13
15 0 8
18 15 16
17 14 12
9 15 8
4 10 16
18 12 15
0
