10 15
12 8 7 0 -11 -20 18 9 4 8 7 -4 2 15 4 
-1 -3 10 17 17 -17 1 14 19 -16 9 8 8 3 11 
13 4 14 -2 0 22 22 7 11 6 5 16 -20 22 -15 
-18 17 4 23 11 11 1 19 20 -1 -5 -13 15 -19 18 
9 -3 15 -22 -12 5 3 6 -23 6 17 -18 -15 -3 16 
16 -3 -15 -18 17 6 -23 6 3 5 -12 -22 15 -3 9 
18 -19 15 -13 -5 -1 20 19 1 11 11 23 4 17 -18 
-15 22 -20 16 5 6 11 7 22 22 0 -2 14 4 13 
11 3 8 8 9 -16 19 14 1 -17 17 17 10 -3 -1 
4 15 2 -4 7 8 4 9 18 -20 -11 0 7 8 12 
42
2
2 9
8 2
7 5
1 12
20
9 0 9
2 5 9
4 12 13
0 6 11
6 10 13
0 13 16
1 8 12
3 13 11
2 3 9
1 2 16
0 14 9
7 9 9
5 2 13
9 8 11
3 4 13
9 1 16
8 6 12
6 1 11
7 11 9
8 12 16
10
0 4
9 3
3 10
6 2
0 9
9 10
0 11
6 4
3 12
9 5
