14 11
10 5 2 8 -11 7 12 10 3 9 8 
3 2 -11 7 10 -3 6 5 4 7 12 
-1 -1 6 8 1 8 2 6 12 -5 0 
2 6 -2 -8 -10 2 -8 11 7 6 0 
0 10 7 11 2 -4 0 7 2 -3 -4 
3 -4 11 2 -2 -10 -12 8 12 -8 6 
9 -9 3 8 6 12 -4 -5 8 -12 9 
9 -12 8 -5 -4 12 6 8 3 -9 9 
6 -8 12 8 -12 -10 -2 2 11 -4 3 
-4 -3 2 7 0 -4 2 11 7 10 0 
0 6 7 11 -8 2 -10 -8 -2 6 2 
0 -5 12 6 2 8 1 8 6 -1 -1 
12 7 4 5 6 -3 10 7 -11 2 3 
8 9 3 10 12 7 -11 8 2 5 10 
44
3
0 2
9 6
2 10
13 8
4 4
11 0
12
11 5 9
8 1 10
9 4 13
10 8 12
11 3 15
0 9 8
2 5 9
5 9 10
4 6 13
3 2 12
2 7 15
13 1 8
12
11 7
9 3
8 5
1 4
1 0
13 0
2 3
4 7
5 5
12 6
12 10
0 10
