20 20
11 -3 10 6 -7 9 4 10 4 9 10 2 -2 9 -7 -6 -8 2 9 2 
4 4 -8 3 1 7 2 8 8 -1 4 7 11 8 -3 1 4 4 -9 4 
2 0 1 11 1 -11 6 1 -8 0 11 8 3 9 -5 11 -7 3 7 -3 
9 10 3 1 3 9 11 -4 11 -2 -4 -2 3 -5 0 4 2 2 -1 -3 
11 -10 5 -7 0 8 5 0 3 8 1 2 10 4 -7 -3 5 2 4 -3 
-11 1 -7 11 -3 1 9 4 -4 1 2 0 9 6 10 2 -2 6 10 2 
2 -9 0 11 5 8 -11 8 -9 9 8 9 2 7 4 11 11 -7 -9 4 
5 3 -2 -1 9 1 -9 -7 0 5 -1 -7 2 11 10 -8 6 4 -8 5 
2 7 2 11 9 -4 2 7 6 5 2 11 10 8 7 2 2 -2 0 10 
9 9 2 5 6 5 -3 -1 6 -7 9 -2 4 6 0 -8 -5 2 3 2 
2 3 2 -5 -8 0 6 4 -2 9 -7 6 -1 -3 5 6 5 2 9 9 
10 0 -2 2 2 7 8 10 11 2 5 6 7 2 -4 9 11 2 7 2 
5 -8 4 6 -8 10 11 2 -7 -1 5 0 -7 -9 1 9 -1 -2 3 5 
4 -9 -7 11 11 4 7 2 9 8 9 -9 8 -11 8 5 11 0 -9 2 
2 10 6 -2 2 10 6 9 0 2 1 -4 4 9 1 -3 11 -7 1 -11 
-3 4 2 5 -3 -7 4 10 2 1 8 3 0 5 8 0 -7 5 -10 11 
-3 -1 2 2 4 0 -5 3 -2 -4 -2 11 -4 11 9 3 1 3 10 9 
-3 7 3 -7 11 -5 9 3 8 11 0 -8 1 6 -11 1 11 1 0 2 
4 -9 4 4 1 -3 8 11 7 4 -1 8 8 2 7 1 3 -8 4 4 
2 9 2 -8 -6 -7 9 -2 2 10 9 4 10 4 9 -7 6 10 -3 11 
60
3
2 13
13 6
1 16
17 6
6 13
18 3
20
16 19 15
9 0 8
7 16 15
6 0 12
6 14 16
4 18 15
11 12 11
3 15 10
3 16 13
16 0 13
3 0 15
10 19 8
12 3 15
13 19 12
13 5 16
15 1 15
8 7 11
16 4 10
16 3 13
3 19 13
0
