20 20
-9 5 -4 -3 4 10 2 2 -3 5 2 -9 -10 6 7 4 5 3 1 -10 
2 10 -7 7 -8 0 8 2 8 10 10 -3 -6 -4 -5 4 -5 0 -2 5 
9 -9 1 6 1 8 1 10 2 7 1 8 -4 4 3 1 7 9 9 8 
10 9 3 -8 4 -1 -4 10 10 2 6 9 -7 0 6 8 1 3 7 2 
4 -8 1 3 10 0 5 9 4 10 5 8 0 7 8 10 5 5 10 1 
-1 10 3 10 -9 10 4 6 -10 -1 6 9 -1 -4 3 9 1 -3 4 -8 
6 5 8 5 1 -6 10 7 -6 10 7 6 4 2 -8 9 3 5 -7 10 
-3 10 -5 6 5 3 6 3 8 3 9 5 9 4 5 1 -2 -5 6 -4 
-3 1 9 2 9 4 2 9 7 -2 0 -9 9 3 5 -5 6 5 -1 1 
4 3 0 1 0 2 1 4 10 8 0 3 5 -10 5 7 4 -1 -1 6 
6 -1 -1 4 7 5 -10 5 3 0 8 10 4 1 2 0 1 0 3 4 
1 -1 5 6 -5 5 3 9 -9 0 -2 7 9 2 4 9 2 9 1 -3 
-4 6 -5 -2 1 5 4 9 5 9 3 8 3 6 3 5 6 -5 10 -3 
10 -7 5 3 9 -8 2 4 6 7 10 -6 7 10 -6 1 5 8 5 6 
-8 4 -3 1 9 3 -4 -1 9 6 -1 -10 6 4 10 -9 10 3 10 -1 
1 10 5 5 10 8 7 0 8 5 10 4 9 5 0 10 3 1 -8 4 
2 7 3 1 8 6 0 -7 9 6 2 10 10 -4 -1 4 -8 3 9 10 
8 9 9 7 1 3 4 -4 8 1 7 2 10 1 8 1 6 1 -9 9 
5 -2 0 -5 4 -5 -4 -6 -3 10 10 8 2 8 0 -8 7 -7 10 2 
-10 1 3 5 4 7 6 -10 -9 2 5 -3 2 2 10 4 -3 -4 5 -9 
38
5
18 13
9 7
5 16
5 0
19 14
1 6
10 12
14 3
14 19
0 5
14
0 6 13
11 17 12
13 8 16
1 11 10
16 0 9
10 13 12
7 4 16
19 13 13
8 2 12
6 11 16
18 8 10
3 19 9
9 6 12
12 15 16
0
