20 20
-11 1 11 16 10 16 -14 13 -15 -1 15 4 6 1 5 8 9 8 9 -7 
2 16 6 4 12 7 0 -6 16 -2 3 14 6 14 11 5 2 0 1 -2 
3 15 14 10 13 15 4 -13 4 6 13 -12 4 16 13 5 14 16 5 -12 
1 8 8 2 7 10 13 -9 -4 13 1 10 6 1 -13 -10 -14 7 15 8 
9 12 -15 0 6 9 7 14 9 2 9 2 9 -12 -2 11 -8 6 1 0 
-3 -6 12 7 16 3 -14 11 -1 3 1 1 2 13 2 12 2 16 13 -11 
-13 -14 -16 7 5 -7 9 1 6 5 10 15 -3 16 15 13 14 -9 1 12 
5 11 11 8 -9 4 9 4 1 5 8 10 4 13 6 -4 10 -14 16 8 
9 3 -15 8 12 14 1 6 11 14 6 7 5 14 15 3 -2 2 16 3 
2 13 -14 8 15 -3 5 8 16 16 2 5 6 11 15 8 15 15 15 2 
2 15 15 15 8 15 11 6 5 2 16 16 8 5 -3 15 8 -14 13 2 
3 16 2 -2 3 15 14 5 7 6 14 11 6 1 14 12 8 -15 3 9 
8 16 -14 10 -4 6 13 4 10 8 5 1 4 9 4 -9 8 11 11 5 
12 1 -9 14 13 15 16 -3 15 10 5 6 1 9 -7 5 7 -16 -14 -13 
-11 13 16 2 12 2 13 2 1 1 3 -1 11 -14 3 16 7 12 -6 -3 
0 1 6 -8 11 -2 -12 9 2 9 2 9 14 7 9 6 0 -15 12 9 
8 15 7 -14 -10 -13 1 6 10 1 13 -4 -9 13 10 7 2 8 8 1 
-12 5 16 14 5 13 16 4 -12 13 6 4 -13 4 15 13 10 14 15 3 
-2 1 0 2 5 11 14 6 14 3 -2 16 -6 0 7 12 4 6 16 2 
-7 9 8 9 8 5 1 6 4 15 -1 -15 13 -14 16 10 16 11 1 -11 
55
7
0 3
4 6
0 5
13 6
2 6
5 0
19 15
19 16
15 13
19 14
6 13
17 13
14 19
0 4
18
7 6 14
0 10 16
3 8 12
13 18 16
11 4 15
4 18 12
16 12 15
8 5 14
5 17 16
12 13 14
19 9 16
16 11 12
6 1 16
8 15 15
15 1 12
3 7 15
11 14 14
14 2 16
0
