16 16
8 10 1 13 4 2 -8 -3 5 2 12 -12 4 4 13 12 
2 8 2 0 10 -10 2 -12 13 -2 14 6 9 -10 1 3 
4 -1 6 2 10 12 6 0 2 -9 10 8 -5 2 2 11 
14 -12 -5 -12 1 3 -6 -3 2 -7 13 -9 13 1 -5 4 
-8 7 3 14 14 6 10 4 14 2 12 -6 -3 5 -1 8 
14 2 -1 0 9 7 9 3 3 12 -8 9 1 11 -14 14 
-10 8 4 6 4 7 1 9 2 4 -6 -13 1 5 4 10 
-10 14 0 13 -13 7 12 13 4 9 12 1 3 13 11 10 
10 11 13 3 1 12 9 4 13 12 7 -13 13 0 14 -10 
10 4 5 1 -13 -6 4 2 9 1 7 4 6 4 8 -10 
14 -14 11 1 9 -8 12 3 3 9 7 9 0 -1 2 14 
8 -1 5 -3 -6 12 2 14 4 10 6 14 14 3 7 -8 
4 -5 1 13 -9 13 -7 2 -3 -6 3 1 -12 -5 -12 14 
11 2 2 -5 8 10 -9 2 0 6 12 10 2 6 -1 4 
3 1 -10 9 6 14 -2 13 -12 2 -10 10 0 2 8 2 
12 13 4 4 -12 12 2 5 -3 -8 2 4 13 1 10 8 
43
5
1 15
9 7
3 13
2 11
12 8
14 0
6 8
12 2
13 4
3 7
8
5 15 8
1 5 11
14 5 13
8 0 9
10 0 8
14 10 11
1 10 13
7 15 9
16
10 13
6 11
5 11
15 2
15 7
10 15
14 6
11 5
5 2
9 4
10 4
0 13
0 8
5 0
1 9
4 10
