13 20
2 3 -3 3 3 1 2 4 4 -1 -2 2 2 4 -3 0 2 -1 1 4 
-4 -1 -1 4 1 -2 0 3 2 -2 -3 1 2 -1 0 -2 3 -2 1 3 
1 -3 4 4 -4 4 4 -4 2 -1 -4 1 3 1 2 2 4 2 1 4 
3 2 0 -4 0 2 -1 0 4 -1 -3 -1 -1 4 -4 -1 2 1 3 0 
0 0 2 3 2 1 2 3 2 2 4 3 0 2 3 -2 -3 4 0 1 
-4 3 1 1 0 4 4 3 1 2 2 -1 2 4 4 4 -2 1 2 2 
2 0 2 0 1 2 3 4 4 1 1 4 4 3 2 1 0 2 0 2 
2 2 1 -2 4 4 4 2 -1 2 2 1 3 4 4 0 1 1 3 -4 
1 0 4 -3 -2 3 2 0 3 4 2 2 3 2 1 2 3 2 0 0 
0 3 1 2 -1 -4 4 -1 -1 -3 -1 4 0 -1 2 0 -4 0 2 3 
4 1 2 4 2 2 1 3 1 -4 -1 2 -4 4 4 -4 4 4 -3 1 
3 1 -2 3 -2 0 -1 2 1 -3 -2 2 3 0 -2 1 4 -1 -1 -4 
4 1 -1 2 0 -3 4 2 2 -2 -1 4 4 2 1 3 3 -3 3 2 
34
7
11 2
3 14
9 10
12 15
12 0
7 17
11 5
1 17
9 5
3 9
0 4
0 19
5 2
1 14
18
7 8 12
1 7 9
12 1 13
2 0 14
10 12 11
0 5 9
11 13 10
9 3 15
9 18 15
5 11 12
11 12 9
0 18 13
10 19 14
2 7 11
12 14 9
1 6 10
3 16 15
3 1 15
16
6 8
0 3
7 3
10 0
2 4
12 11
9 16
5 18
6 11
12 16
5 16
2 19
10 15
0 8
3 3
7 1
