20 20
-8 -5 8 3 -8 -2 6 5 11 -10 6 7 6 9 1 1 9 -3 9 1 
8 3 -9 7 -8 0 -9 8 2 -3 11 -7 1 6 -5 -4 3 0 11 -4 
6 5 11 -2 2 1 5 0 2 1 -5 4 2 1 6 8 11 2 1 6 
2 11 10 1 11 6 8 5 10 1 4 3 2 -6 11 4 3 10 5 4 
7 2 11 4 -5 7 -6 9 8 4 7 6 -11 6 -9 3 9 4 0 -8 
3 1 5 10 5 10 0 9 9 4 8 -5 -10 7 -3 4 11 11 0 9 
6 6 -1 8 5 6 -2 9 3 11 2 10 -7 5 0 9 2 10 2 11 
-2 3 0 9 6 8 1 -1 2 -11 -10 -1 -1 5 -11 11 5 1 1 5 
10 6 6 3 2 1 5 2 11 5 10 5 11 -6 7 9 6 6 7 -5 
5 -1 1 3 9 8 9 0 -8 0 7 11 -11 3 5 7 6 6 3 0 
0 3 6 6 7 5 3 -11 11 7 0 -8 0 9 8 9 3 1 -1 5 
-5 7 6 6 9 7 -6 11 5 10 5 11 2 5 1 2 3 6 6 10 
5 1 1 5 11 -11 5 -1 -1 -10 -11 2 -1 1 8 6 9 0 3 -2 
11 2 10 2 9 0 5 -7 10 2 11 3 9 -2 6 5 8 -1 6 6 
9 0 11 11 4 -3 7 -10 -5 8 4 9 9 0 10 5 10 5 1 3 
-8 0 4 9 3 -9 6 -11 6 7 4 8 9 -6 7 -5 4 11 2 7 
4 5 10 3 4 11 -6 2 3 4 1 10 5 8 6 11 1 10 11 2 
6 1 2 11 8 6 1 2 4 -5 1 2 0 5 1 2 -2 11 5 6 
-4 11 0 3 -4 -5 6 1 -7 11 -3 2 8 -9 0 -8 7 -9 3 8 
1 9 -3 9 1 1 9 6 7 6 -10 11 5 6 -2 -8 3 8 -5 -8 
36
4
18 11
9 5
12 14
0 6
1 8
10 14
7 5
19 13
6
13 10 10
2 5 11
16 6 16
6 9 10
17 14 11
3 13 16
0
