20 20
1 -10 5 11 4 10 0 7 12 9 7 4 8 1 11 7 11 -4 6 1 
2 3 12 12 -4 12 2 2 -13 9 4 -11 -6 13 -3 2 6 -1 8 12 
4 6 4 6 9 9 -3 12 6 -8 13 9 -1 -7 6 12 -1 8 9 6 
4 13 1 11 -4 2 13 6 8 4 3 10 9 2 -4 11 9 -2 5 6 
-9 -8 2 5 -3 6 -2 10 4 5 -10 5 -12 11 -4 7 -1 4 7 9 
12 10 11 -9 10 8 6 2 5 -8 7 -10 6 13 1 0 -5 9 1 13 
8 4 7 -8 1 3 7 7 8 4 -13 0 11 9 -11 13 6 -11 11 6 
13 -5 1 8 2 -12 -3 -13 -9 4 0 -3 -8 1 -2 7 -1 8 12 7 
8 5 0 12 -11 1 2 7 -1 13 -5 13 -2 8 13 9 3 0 -1 -8 
5 10 1 13 1 3 4 10 1 12 -12 8 -13 6 2 12 4 -7 11 12 
12 11 -7 4 12 2 6 -13 8 -12 12 1 10 4 3 1 13 1 10 5 
-8 -1 0 3 9 13 8 -2 13 -5 13 -1 7 2 1 -11 12 0 5 8 
7 12 8 -1 7 -2 1 -8 -3 0 4 -9 -13 -3 -12 2 8 1 -5 13 
6 11 -11 6 13 -11 9 11 0 -13 4 8 7 7 3 1 -8 7 4 8 
13 1 9 -5 0 1 13 6 -10 7 -8 5 2 6 8 10 -9 11 10 12 
9 7 4 -1 7 -4 11 -12 5 -10 5 4 10 -2 6 -3 5 2 -8 -9 
6 5 -2 9 11 -4 2 9 10 3 4 8 6 13 2 -4 11 1 13 4 
6 9 8 -1 12 6 -7 -1 9 13 -8 6 12 -3 9 9 6 4 6 4 
12 8 -1 6 2 -3 13 -6 -11 4 9 -13 2 2 12 -4 12 12 3 2 
1 6 -4 11 7 11 1 8 4 7 9 12 7 0 10 4 11 5 -10 1 
56
2
7 15
13 6
12 4
6 13
14
6 5 10
16 10 12
16 2 16
1 15 16
10 1 11
16 14 12
6 14 10
13 14 10
3 9 12
3 17 16
18 4 16
9 18 11
3 5 12
13 5 10
0
