20 16
3 1 0 1 1 3 2 1 2 1 0 -1 2 3 1 3 
2 3 0 3 3 2 3 1 2 -1 1 1 3 1 3 -2 
-1 -3 0 0 2 1 -3 0 3 2 3 3 1 2 -3 3 
0 -2 -3 0 -2 2 1 -2 0 -2 3 1 -3 2 1 0 
1 -3 3 1 1 0 0 3 2 1 3 -2 -2 1 -3 -2 
3 1 3 2 3 1 3 0 -2 0 2 3 0 3 1 3 
0 2 3 0 0 2 0 1 0 -2 -2 -3 3 -3 2 2 
2 0 2 0 1 2 1 2 2 3 2 -3 3 1 1 0 
0 3 1 3 1 3 -1 1 3 0 2 1 -3 2 0 2 
3 2 -3 2 0 1 2 1 1 3 0 1 -2 1 2 -1 
-1 2 1 -2 1 0 3 1 1 2 1 0 2 -3 2 3 
2 0 2 -3 1 2 0 3 1 -1 3 1 3 1 3 0 
0 1 1 3 -3 2 3 2 2 1 2 1 0 2 0 2 
2 2 -3 3 -3 -2 -2 0 1 0 2 0 0 3 2 0 
3 1 3 0 3 2 0 -2 0 3 1 3 2 3 1 3 
-2 -3 1 -2 -2 3 1 2 3 0 0 1 1 3 -3 1 
0 1 2 -3 1 3 -2 0 -2 1 2 -2 0 -3 -2 0 
3 -3 2 1 3 3 2 3 0 -3 1 2 0 0 -3 -1 
-2 3 1 3 1 1 -1 2 1 3 2 3 3 0 3 2 
3 1 3 2 -1 0 1 2 1 2 3 1 1 0 1 3 
58
2
9 14
13 15
10 1
6 0
20
3 11 13
5 7 16
12 4 13
19 2 13
11 6 15
17 8 10
8 3 13
13 9 11
9 12 12
10 8 14
16 4 13
14 8 16
7 11 13
0 13 13
8 9 15
2 7 10
11 12 13
6 6 11
10 3 12
9 7 14
26
12 9
17 4
5 8
18 2
0 11
0 2
3 1
16 2
4 8
10 9
5 1
7 10
1 15
7 6
2 11
14 7
1 13
19 4
19 13
16 14
3 13
15 7
9 6
14 14
12 5
18 0
