16 18
3 11 -17 13 -10 16 9 14 4 20 14 9 4 18 -14 4 17 16 
-12 9 9 17 -1 5 15 12 20 -8 16 15 19 12 -21 4 11 4 
20 -3 15 14 16 8 6 13 16 5 1 -21 5 -8 6 8 4 12 
0 19 21 4 18 21 -7 -12 -12 21 21 -15 21 -21 21 13 6 15 
-18 0 3 0 9 16 17 5 17 6 -8 19 21 14 -4 0 8 8 
19 19 -17 9 -13 12 -3 2 15 14 21 -10 -18 1 14 -6 6 3 
15 19 14 -19 8 4 5 12 8 18 4 11 2 9 17 18 14 18 
21 10 15 4 19 0 18 11 7 18 -17 12 7 8 -15 6 6 19 
19 6 6 -15 8 7 12 -17 18 7 11 18 0 19 4 15 10 21 
18 14 18 17 9 2 11 4 18 8 12 5 4 8 -19 14 19 15 
3 6 -6 14 1 -18 -10 21 14 15 2 -3 12 -13 9 -17 19 19 
8 8 0 -4 14 21 19 -8 6 17 5 17 16 9 0 3 0 -18 
15 6 13 21 -21 21 -15 21 21 -12 -12 -7 21 18 4 21 19 0 
12 4 8 6 -8 5 -21 1 5 16 13 6 8 16 14 15 -3 20 
4 11 4 -21 12 19 15 16 -8 20 12 15 5 -1 17 9 9 -12 
16 17 4 -14 18 4 9 14 20 4 14 9 16 -10 13 -17 11 3 
39
3
10 2
14 8
10 3
5 15
1 9
5 14
16
7 8 15
7 5 8
6 16 8
12 1 11
7 12 13
14 7 11
8 15 15
3 2 8
8 9 15
8 12 8
9 1 8
3 16 11
8 5 13
1 10 11
7 2 15
12 15 8
28
8 0
10 12
15 5
12 13
11 8
14 5
0 15
11 2
6 7
12 7
12 6
1 11
5 12
0 4
7 17
5 5
0 12
3 4
4 9
1 12
15 2
4 15
9 10
3 10
3 11
14 6
10 5
15 13
