20 20
-13 13 0 3 13 7 6 -3 5 1 5 9 3 13 10 -1 10 -2 5 -3 
-8 12 12 7 -13 7 10 5 -3 -13 0 -9 13 5 3 9 2 1 3 4 
5 5 0 6 10 0 5 2 8 10 8 2 6 13 -11 4 6 11 3 12 
-6 -1 10 11 9 13 8 -5 8 6 12 4 2 12 5 -13 8 13 8 5 
-6 10 13 7 6 -1 -1 12 3 4 -13 -9 4 12 9 -10 -7 -3 6 -6 
13 5 -8 8 7 -12 10 1 10 -9 13 11 11 0 13 -13 0 8 10 1 
-5 -9 1 10 3 5 -11 5 3 8 3 -10 2 0 9 1 -3 11 -9 -4 
12 10 0 -10 12 3 -9 10 8 1 -1 -3 8 7 2 -12 -5 11 5 -5 
-10 10 -2 3 9 -10 -13 9 3 6 5 -2 7 -9 -4 10 10 7 9 5 
3 8 6 -5 7 10 7 -4 11 -13 1 13 10 -1 1 -12 12 5 -12 9 
9 -12 5 12 -12 1 -1 10 13 1 -13 11 -4 7 10 7 -5 6 8 3 
5 9 7 10 10 -4 -9 7 -2 5 6 3 9 -13 -10 9 3 -2 10 -10 
-5 5 11 -5 -12 2 7 8 -3 -1 1 8 10 -9 3 12 -10 0 10 12 
-4 -9 11 -3 1 9 0 2 -10 3 8 3 5 -11 5 3 10 1 -9 -5 
1 10 8 0 -13 13 0 11 11 13 -9 10 1 10 -12 7 8 -8 5 13 
-6 6 -3 -7 -10 9 12 4 -9 -13 4 3 12 -1 -1 6 7 13 10 -6 
5 8 13 8 -13 5 12 2 4 12 6 8 -5 8 13 9 11 10 -1 -6 
12 3 11 6 4 -11 13 6 2 8 10 8 2 5 0 10 6 0 5 5 
4 3 1 2 9 3 5 13 -9 0 -13 -3 5 10 7 -13 7 12 12 -8 
-3 5 -2 10 -1 10 13 3 9 5 1 5 -3 6 7 13 3 0 13 -13 
57
5
16 11
0 10
11 6
19 13
11 16
3 8
19 9
8 13
0 6
8 3
8
8 4 14
18 11 13
15 1 10
8 10 15
11 15 14
1 8 13
4 18 10
11 9 15
0
