15 14
5 6 0 3 7 6 4 2 5 1 5 2 4 0 
1 0 5 7 7 2 -5 1 1 2 2 6 5 3 
2 -2 2 -1 1 -2 2 5 6 5 5 2 2 4 
7 6 7 2 5 6 7 1 -7 -3 5 -1 -5 4 
2 -3 4 4 1 5 -1 5 4 3 4 1 6 5 
3 3 6 -7 1 3 5 6 4 3 0 5 -3 1 
5 -3 5 4 4 2 4 -2 -7 6 -7 -7 -1 -7 
-5 0 6 1 -7 0 5 5 0 -7 1 6 0 -5 
-7 -1 -7 -7 6 -7 -2 4 2 4 4 5 -3 5 
1 -3 5 0 3 4 6 5 3 1 -7 6 3 3 
5 6 1 4 3 4 5 -1 5 1 4 4 -3 2 
4 -5 -1 5 -3 -7 1 7 6 5 2 7 6 7 
4 2 2 5 5 6 5 2 -2 1 -1 2 -2 2 
3 5 6 2 2 1 1 -5 2 7 7 5 0 1 
0 4 2 5 1 5 2 4 6 7 3 0 6 5 
49
3
5 4
12 3
7 8
9 9
2 10
7 5
18
7 6 9
5 6 14
8 2 12
6 2 14
6 12 14
8 4 15
14 6 13
4 1 16
11 10 14
7 7 9
9 7 14
6 11 12
8 11 14
8 1 14
6 9 15
0 7 13
10 12 16
3 3 14
14
12 6
4 0
12 4
13 12
3 0
1 13
1 5
2 7
10 13
2 9
1 1
11 13
13 0
13 8
