13 15
0 -9 10 2 -7 -1 0 -9 4 7 -10 11 10 -6 -10 
6 12 -6 2 7 -6 7 0 1 12 1 5 8 7 9 
6 3 6 5 10 4 0 -1 5 3 3 -2 -7 -7 8 
-4 0 2 4 -7 11 7 -2 4 -5 9 12 7 0 4 
5 6 -11 6 2 5 -3 9 -8 5 -1 1 11 1 6 
-8 9 6 12 -12 9 1 8 4 7 5 -8 1 -8 2 
6 12 12 12 8 0 7 3 7 0 8 12 12 12 6 
2 -8 1 -8 5 7 4 8 1 9 -12 12 6 9 -8 
6 1 11 1 -1 5 -8 9 -3 5 2 6 -11 6 5 
4 0 7 12 9 -5 4 -2 7 11 -7 4 2 0 -4 
8 -7 -7 -2 3 3 5 -1 0 4 10 5 6 3 6 
9 7 8 5 1 12 1 0 7 -6 7 2 -6 12 6 
-10 -6 10 11 -10 7 4 -9 0 -1 -7 2 10 -9 0 
45
3
11 8
4 10
7 0
1 6
8 4
5 14
20
0 3 15
7 6 8
8 5 10
9 4 9
2 1 14
4 5 14
8 12 8
5 0 15
10 6 15
4 8 16
12 11 15
5 8 8
4 9 10
3 10 9
10 13 14
8 9 14
4 2 8
7 14 15
2 8 15
8 6 16
12
5 6
4 11
6 12
5 12
0 8
10 8
7 8
8 3
6 2
7 2
12 6
2 6
