20 20
3 7 2 3 12 6 0 12 8 4 6 7 12 -6 2 6 11 3 12 4 
1 11 -7 1 7 12 5 -6 -1 2 6 8 9 2 4 10 -5 -5 -10 1 
4 11 10 5 2 -12 5 -6 2 9 7 9 11 -1 4 10 12 12 5 -6 
-7 -5 5 3 -6 5 10 4 11 -2 4 7 -4 6 11 -7 3 5 11 0 
12 8 10 1 0 12 4 3 4 12 -8 7 1 8 -8 9 9 -12 3 4 
0 -4 12 -1 1 8 5 9 2 7 -2 10 2 -10 10 3 0 4 -7 11 
-10 -10 9 7 -9 5 4 10 5 8 7 -1 3 -8 2 2 2 1 2 10 
-10 -4 9 8 -9 -5 2 7 -3 11 -1 4 -11 12 10 -1 -6 -6 2 5 
7 6 7 5 11 -12 -10 12 0 -2 -11 4 9 -6 -5 8 8 9 6 -6 
6 2 4 4 2 9 7 5 7 10 4 4 4 3 6 6 -5 -9 2 -9 
-9 2 -9 -5 6 6 3 4 4 4 10 7 5 7 9 2 4 4 2 6 
-6 6 9 8 8 -5 -6 9 4 -11 -2 0 12 -10 -12 11 5 7 6 7 
5 2 -6 -6 -1 10 12 -11 4 -1 11 -3 7 2 -5 -9 8 9 -4 -10 
10 2 1 2 2 2 -8 3 -1 7 8 5 10 4 5 -9 7 9 -10 -10 
11 -7 4 0 3 10 -10 2 10 -2 7 2 9 5 8 1 -1 12 -4 0 
4 3 -12 9 9 -8 8 1 7 -8 12 4 3 4 12 0 1 10 8 12 
0 11 5 3 -7 11 6 -4 7 4 -2 11 4 10 5 -6 3 5 -5 -7 
-6 5 12 12 10 4 -1 11 9 7 9 2 -6 5 -12 2 5 10 11 4 
1 -10 -5 -5 10 4 2 9 8 6 2 -1 -6 5 12 7 1 -7 11 1 
4 12 3 11 6 2 -6 12 7 6 4 8 12 0 6 12 3 2 7 3 
56
5
15 3
12 8
4 14
13 6
10 19
4 16
7 11
15 5
6 13
9 0
20
19 7 13
18 1 13
11 8 10
9 17 15
5 18 10
2 12 9
6 9 13
16 19 16
2 19 16
14 12 15
0 12 13
1 18 13
8 11 10
10 2 15
14 1 10
17 7 9
13 10 13
3 0 16
17 0 16
5 7 15
0
