12 13
1 3 0 3 3 -4 0 1 4 2 -4 3 -1 
3 3 2 4 4 -1 3 -4 1 3 1 -2 4 
4 2 1 1 -2 4 3 2 -2 0 1 2 4 
-4 3 1 -3 -2 0 0 -1 3 -4 1 3 3 
2 4 0 0 4 2 -2 0 2 -2 2 -2 -4 
2 0 3 -1 4 0 -1 -3 2 2 2 -1 2 
2 -1 2 2 2 -3 -1 0 4 -1 3 0 2 
-4 -2 2 -2 2 0 -2 2 4 0 0 4 2 
3 3 1 -4 3 -1 0 0 -2 -3 1 3 -4 
4 2 1 0 -2 2 3 4 -2 1 1 2 4 
4 -2 1 3 1 -4 3 -1 4 4 2 3 3 
-1 3 -4 2 4 1 0 -4 3 3 0 3 1 
47
7
1 3
11 5
0 12
7 6
7 10
10 3
8 5
10 9
0 7
11 0
4 6
4 2
1 9
3 7
10
6 8 13
10 1 14
10 6 14
3 10 14
9 0 14
5 4 13
1 11 14
1 6 14
8 2 14
2 12 14
12
0 11
9 8
9 5
7 11
1 0
8 3
11 1
2 4
2 7
4 1
10 12
3 9
