14 16
-3 1 3 -6 8 8 -8 0 -6 -4 -4 7 4 -8 -1 2 
-4 6 2 -6 -3 5 -5 6 5 1 8 -5 6 -1 8 -1 
3 0 -2 -2 5 -6 7 1 -8 0 -3 4 -8 6 8 7 
-6 4 7 -7 8 2 5 -2 -7 7 -5 4 1 -6 1 2 
8 2 5 -2 5 6 4 5 1 6 8 1 2 -7 8 6 
2 7 -5 -2 5 -6 -7 8 1 8 1 7 -2 1 2 3 
3 -3 1 6 -8 -5 0 -4 1 8 7 8 -7 3 -5 1 
1 -5 3 -7 8 7 8 1 -4 0 -5 -8 6 1 -3 3 
3 2 1 -2 7 1 8 1 8 -7 -6 5 -2 -5 7 2 
6 8 -7 2 1 8 6 1 5 4 6 5 -2 5 2 8 
2 1 -6 1 4 -5 7 -7 -2 5 2 8 -7 7 4 -6 
7 8 6 -8 4 -3 0 -8 1 7 -6 5 -2 -2 0 3 
-1 8 -1 6 -5 8 1 5 6 -5 5 -3 -6 2 6 -4 
2 -1 -8 4 7 -4 -4 -6 0 -8 8 8 -6 3 1 -3 
58
4
2 5
0 7
4 0
10 15
11 10
13 8
9 15
3 0
16
13 3 8
1 4 12
1 5 10
1 10 10
9 13 14
9 10 9
4 6 11
8 6 14
0 12 8
12 11 12
12 10 10
12 5 10
4 2 14
4 5 9
9 9 11
5 9 14
20
1 6
4 10
10 0
13 6
10 12
3 1
4 11
12 1
0 11
8 0
12 9
9 5
3 15
0 9
3 3
10 14
9 4
1 14
13 4
5 15
