20 20
5 3 6 10 9 1 -8 10 -9 -2 8 5 1 6 4 1 3 2 2 4 
0 10 11 4 -6 11 4 5 -4 -3 8 12 -5 -12 10 10 -2 5 6 5 
11 11 5 11 1 8 -5 12 8 4 10 9 4 9 12 -6 -9 3 11 6 
4 -10 9 -1 12 2 0 9 11 10 3 3 6 5 2 10 0 11 7 10 
-8 6 9 3 -6 -10 -2 3 7 5 -12 2 8 1 7 10 -5 -3 6 4 
0 4 -11 -1 -12 -11 -5 2 6 1 12 -6 -4 6 3 3 11 1 12 9 
8 8 9 1 3 7 1 1 7 6 -8 6 2 3 -5 1 12 12 6 4 
4 3 10 11 10 -12 -1 -3 6 4 2 4 6 1 9 -9 10 7 3 8 
9 4 3 11 8 7 4 6 12 -6 11 -6 2 2 4 5 -1 12 -6 2 
-4 5 1 10 6 10 -8 10 12 1 -12 8 12 -9 -7 -6 11 10 11 -7 
-7 11 10 11 -6 -7 -9 12 8 -12 1 12 10 -8 10 6 10 1 5 -4 
2 -6 12 -1 5 4 2 2 -6 11 -6 12 6 4 7 8 11 3 4 9 
8 3 7 10 -9 9 1 6 4 2 4 6 -3 -1 -12 10 11 10 3 4 
4 6 12 12 1 -5 3 2 6 -8 6 7 1 1 7 3 1 9 8 8 
9 12 1 11 3 3 6 -4 -6 12 1 6 2 -5 -11 -12 -1 -11 4 0 
4 6 -3 -5 10 7 1 8 2 -12 5 7 3 -2 -10 -6 3 9 6 -8 
10 7 11 0 10 2 5 6 3 3 10 11 9 0 2 12 -1 9 -10 4 
6 11 3 -9 -6 12 9 4 9 10 4 8 12 -5 8 1 11 5 11 11 
5 6 5 -2 10 10 -12 -5 12 8 -3 -4 5 4 11 -6 4 11 10 0 
4 2 2 3 1 4 6 1 5 8 -2 -9 10 -8 1 9 10 6 3 5 
33
2
11 2
11 18
8 17
8 1
20
6 4 12
10 5 10
13 2 10
14 19 9
11 3 11
5 18 16
8 11 8
11 15 8
6 9 10
16 8 16
13 15 12
9 14 10
6 17 10
5 0 9
8 16 11
14 1 16
11 8 8
8 4 8
13 10 10
3 11 16
0
