15 10
1 1 6 1 1 6 0 -1 1 1 
7 1 1 -3 2 4 1 4 -6 1 
5 5 1 -2 5 0 6 -4 3 0 
4 6 7 2 -5 3 1 3 3 -7 
2 3 6 -2 7 -2 1 1 6 7 
-4 -3 4 2 3 1 -5 5 7 2 
5 3 0 6 0 4 2 -1 3 1 
4 1 0 -2 2 2 -2 0 1 4 
1 3 -1 2 4 0 6 0 3 5 
2 7 5 -5 1 3 2 4 -3 -4 
7 6 1 1 -2 7 -2 6 3 2 
-7 3 3 1 3 -5 2 7 6 4 
0 3 -4 6 0 5 -2 1 5 5 
1 -6 4 1 4 2 -3 1 1 7 
1 1 -1 0 6 1 1 6 1 1 
37
8
0 4
14 4
12 7
10 8
1 0
7 0
13 2
10 1
14 5
0 5
2 2
4 1
13 9
7 9
1 7
4 8
8
5 0 12
10 0 15
3 4 16
12 2 12
9 9 12
4 9 15
11 5 16
2 7 12
14
14 7
9 3
6 5
3 1
4 6
8 2
14 2
0 2
5 6
8 4
11 8
10 3
6 7
0 7
