12 15
13 3 -10 10 6 3 11 10 15 2 8 14 12 1 7 
-12 15 3 4 -11 19 3 6 15 -13 14 14 12 16 6 
8 1 19 -15 -1 4 9 13 10 4 1 7 15 15 10 
4 13 -4 8 7 7 10 7 13 15 7 8 -1 8 -1 
3 15 16 17 4 1 17 17 9 2 1 10 19 8 9 
1 18 12 19 12 17 13 12 -18 14 12 -8 15 -17 17 
17 -17 15 -8 12 14 -18 12 13 17 12 19 12 18 1 
9 8 19 10 1 2 9 17 17 1 4 17 16 15 3 
-1 8 -1 8 7 15 13 7 10 7 7 8 -4 13 4 
10 15 15 7 1 4 10 13 9 4 -1 -15 19 1 8 
6 16 12 14 14 -13 15 6 3 19 -11 4 3 15 -12 
7 1 12 14 8 2 15 10 11 3 6 10 -10 3 13 
39
6
7 0
0 13
10 6
11 14
10 9
8 11
4 14
11 1
1 8
0 0
1 5
3 3
6
8 9 10
5 1 16
6 14 11
3 5 10
6 13 16
5 0 11
18
0 14
2 9
10 13
2 0
10 14
3 7
8 10
3 11
11 13
11 0
9 5
1 1
9 14
1 0
8 7
3 4
8 3
0 1
