13 17
-2 3 5 3 -2 1 2 0 -3 4 5 2 4 1 0 0 4 
-5 1 5 -4 -3 3 0 1 1 2 5 -1 2 0 2 1 4 
1 2 2 2 3 3 0 1 0 5 0 1 3 2 0 -2 2 
2 5 5 0 1 4 4 5 3 5 1 -1 2 0 1 5 -3 
0 5 0 -4 0 0 0 5 4 3 4 2 2 2 3 0 1 
2 5 4 4 5 1 -1 1 1 2 3 -5 -2 2 1 1 5 
0 0 3 4 1 0 -1 -2 4 -2 -1 0 1 4 3 0 0 
5 1 1 2 -2 -5 3 2 1 1 -1 1 5 4 4 5 2 
1 0 3 2 2 2 4 3 4 5 0 0 0 -4 0 5 0 
-3 5 1 0 2 -1 1 5 3 5 4 4 1 0 5 5 2 
2 -2 0 2 3 1 0 5 0 1 0 3 3 2 2 2 1 
4 1 2 0 2 -1 5 2 1 1 0 3 -3 -4 5 1 -5 
4 0 0 1 4 2 5 4 -3 0 2 1 -2 3 5 3 -2 
56
2
1 7
7 5
11 9
5 11
14
3 13 9
11 8 9
4 1 12
8 0 13
9 4 12
4 15 12
11 13 13
9 3 9
1 8 9
8 15 12
4 16 13
3 12 12
8 1 12
1 3 13
22
2 15
4 3
5 6
2 5
12 14
10 0
11 4
5 13
9 11
2 13
8 3
10 1
8 13
7 10
10 11
0 2
2 16
1 12
7 3
3 5
10 3
4 13
