12 13
0 1 2 -1 1 2 3 2 1 2 2 -1 1 
3 -1 0 2 3 3 3 3 1 1 1 3 0 
2 -3 3 -1 2 1 2 -3 2 2 -2 0 -3 
-2 -2 2 1 2 3 1 1 1 -2 2 2 2 
3 1 1 3 2 3 3 2 3 1 2 3 -2 
2 -3 0 -1 -2 2 0 1 3 0 0 -2 3 
3 -2 0 0 3 1 0 2 -2 -1 0 -3 2 
-2 3 2 1 3 2 3 3 2 3 1 1 3 
2 2 2 -2 1 1 1 3 2 1 2 -2 -2 
-3 0 -2 2 2 -3 2 1 2 -1 3 -3 2 
0 3 1 1 1 3 3 3 3 2 0 -1 3 
1 -1 2 2 1 2 3 2 1 -1 2 1 0 
50
3
5 6
5 10
11 2
6 6
6 2
0 10
18
3 2 14
7 6 8
0 3 11
10 1 13
5 0 11
6 7 8
6 3 15
7 1 12
3 8 11
8 10 14
4 6 8
11 9 11
1 11 13
6 12 11
5 5 8
5 9 15
4 11 12
8 4 11
14
8 5
4 8
8 2
7 11
1 12
1 2
7 0
3 7
7 4
3 10
4 1
10 0
10 10
4 12
