18 17
4 5 2 5 6 0 3 4 2 10 -9 3 3 0 0 6 6 
-9 10 10 3 -3 2 4 -8 1 -11 11 6 4 2 10 7 11 
-9 5 10 9 -10 10 -10 -1 2 9 10 4 8 -5 9 7 4 
9 0 4 -11 5 -9 10 4 3 11 6 4 11 1 8 3 6 
11 2 2 2 11 -11 1 2 11 9 10 9 -3 8 -6 -8 8 
8 11 8 -10 -3 4 3 8 -6 1 -6 8 7 5 1 11 -3 
5 10 4 5 -9 6 7 9 10 7 4 4 4 8 6 -4 9 
3 6 9 0 8 7 5 9 1 11 11 -8 -3 10 -7 2 -8 
7 2 11 6 6 -5 8 -5 6 2 -6 5 2 5 7 -9 2 
2 -9 7 5 2 5 -6 2 6 -5 8 -5 6 6 11 2 7 
-8 2 -7 10 -3 -8 11 11 1 9 5 7 8 0 9 6 3 
9 -4 6 8 4 4 4 7 10 9 7 6 -9 5 4 10 5 
-3 11 1 5 7 8 -6 1 -6 8 3 4 -3 -10 8 11 8 
8 -8 -6 8 -3 9 10 9 11 2 1 -11 11 2 2 2 11 
6 3 8 1 11 4 6 11 3 4 10 -9 5 -11 4 0 9 
4 7 9 -5 8 4 10 9 2 -1 -10 10 -10 9 10 5 -9 
11 7 10 2 4 6 11 -11 1 -8 4 2 -3 3 10 10 -9 
6 6 0 0 3 3 -9 10 2 4 3 0 6 5 2 5 4 
59
7
4 0
3 4
14 5
0 6
17 12
1 10
10 14
13 16
14 12
3 11
17 10
0 4
16 6
7 2
14
10 3 8
6 2 8
1 3 11
14 4 14
5 4 8
10 1 10
3 1 11
7 13 8
11 14 8
16 13 11
3 12 14
12 12 8
7 15 10
14 15 11
22
8 12
7 10
2 16
6 16
8 11
6 1
17 8
13 8
6 5
8 1
5 0
9 4
10 6
15 0
11 0
9 5
11 15
0 8
4 8
11 11
9 15
12 16
