16 19
10 -5 2 7 14 11 9 -5 -2 15 5 4 3 9 11 5 -1 15 -13 
13 15 9 12 -9 7 15 11 8 -7 9 -11 1 2 13 2 8 -5 11 
-13 12 2 5 4 9 4 -6 8 4 6 5 -4 13 6 14 2 12 15 
3 0 2 11 2 -7 12 13 -15 4 6 5 -8 6 9 -9 -7 7 4 
14 14 12 -15 13 7 3 12 -7 7 -7 3 11 4 -1 14 14 0 11 
11 9 0 -6 15 9 9 -7 10 1 8 0 -2 12 -4 5 3 -7 -11 
12 12 11 -7 1 4 7 7 8 5 12 -12 15 -12 14 4 -3 2 3 
15 14 14 5 7 7 12 13 4 3 10 3 11 -8 6 12 -12 4 14 
14 4 -12 12 6 -8 11 3 10 3 4 13 12 7 7 5 14 14 15 
3 2 -3 4 14 -12 15 -12 12 5 8 7 7 4 1 -7 11 12 12 
-11 -7 3 5 -4 12 -2 0 8 1 10 -7 9 9 15 -6 0 9 11 
11 0 14 14 -1 4 11 3 -7 7 -7 12 3 7 13 -15 12 14 14 
4 7 -7 -9 9 6 -8 5 6 4 -15 13 12 -7 2 11 2 0 3 
15 12 2 14 6 13 -4 5 6 4 8 -6 4 9 4 5 2 12 -13 
11 -5 8 2 13 2 1 -11 9 -7 8 11 15 7 -9 12 9 15 13 
-13 15 -1 5 11 9 3 4 5 15 -2 -5 9 11 14 7 2 -5 10 
32
5
12 14
1 8
0 10
9 16
14 3
3 4
14 10
15 8
6 2
1 15
10
5 4 16
10 8 13
3 17 11
14 6 16
15 18 16
10 14 16
5 10 13
12 1 11
1 12 16
0 0 16
22
0 8
1 7
11 0
5 6
5 8
12 13
7 9
13 14
12 9
8 12
4 11
15 10
14 11
4 18
10 12
10 10
3 5
8 9
2 4
3 9
7 6
11 7
