20 20
7 4 3 4 4 3 -6 3 -8 -5 8 7 -2 -5 4 8 3 2 2 -6 
3 3 -8 7 7 7 8 0 0 4 5 -6 0 -8 8 8 4 0 2 1 
4 2 -1 -2 2 3 0 -8 7 -1 -8 4 3 0 8 -8 -2 5 3 8 
1 8 4 3 6 1 -7 -2 5 4 2 6 8 2 -7 -8 4 3 -2 7 
1 0 2 5 1 7 8 6 -6 1 1 5 2 0 1 2 3 3 5 1 
1 -3 6 -5 5 -7 8 1 2 0 1 2 7 8 2 5 3 -3 -2 5 
8 8 5 1 -1 2 7 2 1 5 6 1 -4 7 -6 2 -6 5 1 6 
8 4 2 3 1 -3 4 8 4 -8 0 6 7 8 -6 6 0 4 0 4 
2 1 -6 4 3 -4 4 7 -7 2 -1 -8 8 -8 7 3 8 0 -5 4 
2 7 3 -3 3 0 3 7 6 2 4 -5 0 2 1 3 8 -4 2 1 
1 2 -4 8 3 1 2 0 -5 4 2 6 7 3 0 3 -3 3 7 2 
4 -5 0 8 3 7 -8 8 -8 -1 2 -7 7 4 -4 3 4 -6 1 2 
4 0 4 0 6 -6 8 7 6 0 -8 4 8 4 -3 1 3 2 4 8 
6 1 5 -6 2 -6 7 -4 1 6 5 1 2 7 2 -1 1 5 8 8 
5 -2 -3 3 5 2 8 7 2 1 0 2 1 8 -7 5 -5 6 -3 1 
1 5 3 3 2 1 0 2 5 1 1 -6 6 8 7 1 5 2 0 1 
7 -2 3 4 -8 -7 2 8 6 2 4 5 -2 -7 1 6 3 4 8 1 
8 3 5 -2 -8 8 0 3 4 -8 -1 7 -8 0 3 2 -2 -1 2 4 
1 2 0 4 8 8 -8 0 -6 5 4 0 0 8 7 7 7 -8 3 3 
-6 2 2 3 8 4 -5 -2 7 8 -5 -8 3 -6 3 4 4 3 4 7 
56
8
6 19
1 10
16 13
1 0
13 7
3 10
15 18
15 9
13 0
18 9
3 6
18 19
6 12
16 9
4 1
4 10
6
16 10 8
8 12 8
19 9 14
3 9 8
11 7 8
0 10 14
0
