15 11
8 2 -5 8 3 0 0 4 -3 -2 7 
2 0 7 2 -3 -5 7 8 1 3 -9 
-6 -7 4 8 6 0 2 3 1 6 0 
2 1 4 1 0 4 1 9 1 -2 6 
4 -3 -4 7 4 6 1 6 -8 2 -2 
7 0 -5 8 1 -4 8 0 3 -4 8 
1 -6 7 1 7 6 6 9 1 1 3 
8 1 -4 2 5 8 5 2 -4 1 8 
3 1 1 9 6 6 7 1 7 -6 1 
8 -4 3 0 8 -4 1 8 -5 0 7 
-2 2 -8 6 1 6 4 7 -4 -3 4 
6 -2 1 9 1 4 0 1 4 1 2 
0 6 1 3 2 0 6 8 4 -7 -6 
-9 3 1 8 7 -5 -3 2 7 0 2 
7 -2 -3 4 0 0 3 8 -5 2 8 
58
5
8 7
14 4
6 4
11 7
7 5
6 3
0 6
8 6
3 3
7 5
12
10 9 8
12 5 11
6 5 8
1 7 12
7 9 13
9 0 13
4 1 8
2 5 11
8 5 8
13 3 12
7 1 13
5 10 13
12
11 3
6 9
14 8
2 10
3 5
12 2
3 7
8 1
0 2
12 0
11 5
2 8
