12 11
28 -28 27 19 13 8 -12 24 25 18 -11 
26 13 3 -6 19 3 18 -24 24 -7 -19 
13 27 12 21 13 28 25 0 -27 2 19 
25 21 -12 -26 24 -18 4 -14 -9 8 -28 
13 -17 -17 3 24 24 11 14 25 12 25 
23 29 -9 18 -24 -17 5 8 -27 15 28 
28 15 -27 8 5 -17 -24 18 -9 29 23 
25 12 25 14 11 24 24 3 -17 -17 13 
-28 8 -9 -14 4 -18 24 -26 -12 21 25 
19 2 -27 0 25 28 13 21 12 27 13 
-19 -7 24 -24 18 3 19 -6 3 13 26 
-11 18 25 24 -12 8 13 19 27 -28 28 
35
2
3 2
5 7
8 8
6 3
8
11 2 14
8 5 16
5 3 12
1 9 10
0 8 14
3 5 16
6 7 12
10 1 10
8
5 2
10 6
2 1
11 0
6 8
1 4
9 9
0 10
