18 15
7 1 -12 8 12 10 -12 5 7 -14 14 14 1 1 7 
5 4 0 8 2 8 4 5 6 3 5 -10 8 1 13 
5 1 14 6 8 -1 6 13 12 8 9 -7 4 9 5 
10 11 2 13 -9 14 -4 1 14 3 9 5 9 3 8 
-8 -2 -9 -10 9 11 3 11 5 6 13 6 8 12 -7 
9 7 6 -8 11 12 1 10 11 9 10 6 -12 -11 6 
2 -12 8 -4 -12 1 6 -12 1 2 10 7 -12 4 -2 
-2 12 3 13 2 4 2 5 7 13 2 -5 7 9 7 
3 4 -11 -4 -2 8 -3 9 -1 9 4 8 14 13 10 
10 13 14 8 4 9 -1 9 -3 8 -2 -4 -11 4 3 
7 9 7 -5 2 13 7 5 2 4 2 13 3 12 -2 
-2 4 -12 7 10 2 1 -12 6 1 -12 -4 8 -12 2 
6 -11 -12 6 10 9 11 10 1 12 11 -8 6 7 9 
-7 12 8 6 13 6 5 11 3 11 9 -10 -9 -2 -8 
8 3 9 5 9 3 14 1 -4 14 -9 13 2 11 10 
5 9 4 -7 9 8 12 13 6 -1 8 6 14 1 5 
13 1 8 -10 5 3 6 5 4 8 2 8 0 4 5 
7 1 1 14 14 -14 7 5 -12 10 12 8 -12 1 7 
44
3
6 4
14 12
1 11
11 10
3 2
16 3
16
1 5 14
11 14 15
17 9 9
8 3 13
10 0 14
0 7 9
2 6 12
15 7 14
16 9 14
6 0 15
0 5 9
9 11 13
7 14 14
17 7 9
15 8 12
2 7 14
26
15 11
8 6
4 14
3 11
16 1
12 8
2 14
4 7
13 2
1 3
14 11
1 14
0 13
2 3
9 8
13 0
14 3
1 13
5 6
15 0
13 7
4 12
16 11
3 3
16 0
17 1
