14 20
1 1 -3 1 1 2 3 2 -1 1 3 -2 1 2 0 3 3 0 -1 1 
-3 1 0 1 0 3 2 1 3 1 3 2 1 -3 2 2 1 -1 -2 3 
1 3 1 1 2 1 3 3 2 2 2 3 -2 2 0 3 3 1 2 2 
-2 0 1 -1 2 -3 3 3 3 0 1 3 0 3 0 0 2 3 -3 -3 
2 2 -1 2 -3 0 3 -1 3 2 2 2 1 2 -3 3 3 3 2 1 
1 1 3 3 0 2 0 0 -2 0 2 3 1 1 3 0 2 2 3 1 
3 0 3 0 0 2 0 2 2 2 -2 -3 -1 2 1 2 3 3 -1 2 
2 -1 3 3 2 1 2 -1 -3 -2 2 2 2 0 2 0 0 3 0 3 
1 3 2 2 0 3 1 1 3 2 0 -2 0 0 2 0 3 3 1 1 
1 2 3 3 3 -3 2 1 2 2 2 3 -1 3 0 -3 2 -1 2 2 
-3 -3 3 2 0 0 3 0 3 1 0 3 3 3 -3 2 -1 1 0 -2 
2 2 1 3 3 0 2 -2 3 2 2 2 3 3 1 2 1 1 3 1 
3 -2 -1 1 2 2 -3 1 2 3 1 3 1 2 3 0 1 0 1 -3 
1 -1 0 3 3 0 2 1 -2 3 1 -1 2 3 2 1 1 -3 1 1 
41
3
2 12
13 2
6 7
11 7
0 17
7 12
20
12 10 14
4 17 16
9 1 11
6 11 14
13 15 14
4 0 10
1 13 14
7 19 13
6 18 10
5 8 9
1 9 14
9 2 16
4 18 11
7 8 14
0 4 14
9 19 10
12 6 14
6 0 13
7 1 10
8 11 9
24
5 12
3 0
5 0
0 6
12 19
12 18
6 1
0 11
0 2
10 7
12 4
2 17
8 7
10 19
8 19
13 13
1 0
1 1
7 18
13 8
13 17
3 12
1 15
11 2
