12 19
1 -5 5 6 4 -4 6 -3 2 2 4 5 0 5 -6 2 -2 -3 5 
2 5 5 -6 3 -7 7 -1 4 7 6 4 3 3 -4 6 7 6 -6 
2 1 3 1 2 5 7 -5 4 5 -5 4 -2 -5 1 -6 1 -7 6 
4 0 1 -3 3 5 5 -5 -6 3 -4 1 -7 1 2 5 7 3 -1 
0 5 0 4 2 4 0 3 -7 3 -6 4 -2 1 7 -6 0 0 1 
-4 -5 -7 0 3 0 1 2 7 0 -6 5 3 3 -3 7 2 6 -6 
-6 6 2 7 -3 3 3 5 -6 0 7 2 1 0 3 0 -7 -5 -4 
1 0 0 -6 7 1 -2 4 -6 3 -7 3 0 4 2 4 0 5 0 
-1 3 7 5 2 1 -7 1 -4 3 -6 -5 5 5 3 -3 1 0 4 
6 -7 1 -6 1 -5 -2 4 -5 5 4 -5 7 5 2 1 3 1 2 
-6 6 7 6 -4 3 3 4 6 7 4 -1 7 -7 3 -6 5 5 2 
5 -3 -2 2 -6 5 0 5 4 2 2 -3 6 -4 4 6 5 -5 1 
59
3
7 6
7 12
6 2
4 12
4 6
5 16
20
0 3 15
2 4 11
3 2 8
9 8 9
11 4 14
3 6 16
10 3 13
7 1 11
6 13 8
10 12 9
11 15 15
9 14 11
8 16 8
2 10 9
0 14 14
8 12 16
1 15 13
4 17 11
5 5 8
1 6 9
18
6 7
8 14
1 14
10 13
10 16
9 17
1 10
5 2
0 7
5 11
3 4
10 4
1 5
1 2
2 1
10 8
6 16
11 11
