13 11
-10 -5 1 5 8 -3 12 16 0 10 5 
14 -3 -5 9 4 16 -14 16 -5 7 -1 
2 7 -11 4 -5 6 7 14 -4 3 0 
-8 10 4 -10 -2 -1 16 2 1 10 14 
6 13 9 -10 14 8 6 5 10 -11 16 
3 11 7 4 3 4 16 10 7 13 -14 
-11 1 14 14 9 1 9 14 14 1 -11 
-14 13 7 10 16 4 3 4 7 11 3 
16 -11 10 5 6 8 14 -10 9 13 6 
14 10 1 2 16 -1 -2 -10 4 10 -8 
0 3 -4 14 7 6 -5 4 -11 7 2 
-1 7 -5 16 -14 16 4 9 -5 -3 14 
5 10 0 16 12 -3 8 5 1 -5 -10 
55
6
11 2
2 5
3 8
9 10
9 3
11 9
1 8
10 5
9 2
3 0
3 7
1 1
16
10 7 12
8 5 11
12 6 11
12 0 8
8 10 14
12 5 9
8 4 8
7 3 12
2 3 12
4 5 11
0 4 11
0 10 8
4 0 14
0 5 9
4 6 8
5 7 12
12
5 10
6 5
5 1
4 3
8 0
3 4
7 0
6 5
7 9
8 7
4 10
9 6
