12 14
0 1 3 2 3 3 -3 3 2 3 1 3 1 3 
2 0 -3 1 2 -3 3 1 -3 3 1 0 -3 3 
-1 0 2 3 3 -1 -3 -1 1 2 0 0 -1 2 
-3 1 2 2 3 2 1 -2 1 1 2 -2 3 2 
3 0 3 3 1 3 -1 2 3 2 1 1 2 3 
3 2 3 1 0 3 0 -3 0 0 3 -2 1 1 
1 1 -2 3 0 0 -3 0 3 0 1 3 2 3 
3 2 1 1 2 3 2 -1 3 1 3 3 0 3 
2 3 -2 2 1 1 -2 1 2 3 2 2 1 -3 
2 -1 0 0 2 1 -1 -3 -1 3 3 2 0 -1 
3 -3 0 1 3 -3 1 3 -3 2 1 -3 0 2 
3 1 3 1 3 2 3 -3 3 3 2 3 1 0 
59
8
6 13
2 10
8 12
8 11
0 7
8 13
0 4
10 2
5 0
9 3
3 1
3 2
11 6
3 0
11 9
1 11
12
10 9 15
11 5 12
1 7 14
6 8 10
11 10 14
3 9 16
1 4 15
0 8 12
10 6 14
5 5 10
0 3 14
8 4 16
14
0 10
4 10
4 3
10 0
0 2
6 7
9 1
11 3
7 3
7 10
1 13
11 11
5 6
2 12
