13 12
-3 6 24 20 7 5 25 19 4 2 21 12 
-9 -6 21 24 18 13 -18 15 10 14 14 11 
19 18 19 15 18 0 -24 24 19 9 -1 25 
2 16 17 20 4 25 1 -14 -17 25 16 12 
8 18 14 2 1 23 9 -16 18 24 -19 -3 
17 16 19 10 5 14 21 5 -14 0 23 1 
20 24 10 23 21 -22 -22 21 23 10 24 20 
1 23 0 -14 5 21 14 5 10 19 16 17 
-3 -19 24 18 -16 9 23 1 2 14 18 8 
12 16 25 -17 -14 1 25 4 20 17 16 2 
25 -1 9 19 24 -24 0 18 15 19 18 19 
11 14 14 10 15 -18 13 18 24 21 -6 -9 
12 21 2 4 19 25 5 7 20 24 6 -3 
30
2
11 1
11 2
1 10
1 9
18
0 6 16
6 1 9
10 7 9
12 7 12
9 6 14
1 3 8
7 9 9
2 6 11
6 11 11
12 5 16
6 10 9
2 4 9
0 4 12
3 5 14
11 8 8
5 2 9
10 5 11
6 0 11
10
7 3
12 2
4 8
5 6
10 9
5 8
0 9
8 3
7 5
2 2
