20 20
-4 3 1 -4 6 -2 -2 6 2 0 -3 2 6 5 -2 3 1 -1 6 6 
3 -3 -3 -2 4 6 6 3 -5 0 -3 -2 3 5 6 -3 1 0 5 3 
2 4 4 4 4 2 2 -6 0 2 0 5 3 4 -1 3 6 1 0 3 
2 2 4 3 2 0 -5 5 3 4 5 -1 2 6 5 5 1 0 -3 -6 
-5 -3 1 5 1 -5 -5 5 5 3 -1 4 -6 -3 -3 -4 2 6 6 -2 
0 5 0 -4 4 1 5 -5 -4 2 2 6 1 3 6 1 -4 2 6 3 
0 -6 -5 2 6 2 4 1 4 0 -1 2 -5 3 1 4 -3 5 0 5 
5 6 4 5 5 0 2 4 -1 5 0 -6 0 1 -2 6 1 5 -1 6 
1 6 -4 5 4 3 4 5 4 5 2 5 4 1 1 3 2 -2 -3 2 
5 -2 6 5 -1 5 4 6 4 1 3 5 0 5 6 -3 2 4 5 -3 
-3 5 4 2 -3 6 5 0 5 3 1 4 6 4 5 -1 5 6 -2 5 
2 -3 -2 2 3 1 1 4 5 2 5 4 5 4 3 4 5 -4 6 1 
6 -1 5 1 6 -2 1 0 -6 0 5 -1 4 2 0 5 5 4 6 5 
5 0 5 -3 4 1 3 -5 2 -1 0 4 1 4 2 6 2 -5 -6 0 
3 6 2 -4 1 6 3 1 6 2 2 -4 -5 5 1 4 -4 0 5 0 
-2 6 6 2 -4 -3 -3 -6 4 -1 3 5 5 -5 -5 1 5 1 -3 -5 
-6 -3 0 1 5 5 6 2 -1 5 4 3 5 -5 0 2 3 4 2 2 
3 0 1 6 3 -1 4 3 5 0 2 0 -6 2 2 4 4 4 4 2 
3 5 0 1 -3 6 5 3 -2 -3 0 -5 3 6 6 4 -2 -3 -3 3 
6 6 -1 1 3 -2 5 6 2 -3 0 2 6 -2 -2 6 -4 1 3 -4 
45
7
15 3
8 9
2 6
16 18
14 8
4 13
15 17
4 16
11 10
17 13
3 1
5 11
15 6
4 2
12
14 9 13
18 6 12
11 6 10
8 17 9
9 4 10
0 9 16
5 10 13
1 13 12
8 13 10
11 2 9
10 15 10
19 10 16
0
