20 20
-9 12 2 13 12 -1 11 13 10 7 8 5 4 10 -6 6 3 6 -11 9 
-13 7 7 13 4 4 -11 2 2 12 12 3 12 6 1 -12 -3 -1 11 9 
-10 -9 4 1 -8 -10 11 0 2 8 12 5 -2 4 7 8 13 1 -7 12 
-1 4 2 5 -3 6 -12 8 -6 13 8 7 11 12 3 5 8 9 13 -9 
3 5 -10 10 -6 6 -2 11 10 -13 10 6 -5 -5 11 -13 9 1 4 13 
7 7 13 -10 -5 7 13 -6 5 6 11 12 2 -4 6 3 1 -2 11 4 
0 -4 -4 11 4 -7 13 11 5 5 9 -13 8 -5 -3 7 3 -1 10 -9 
-1 6 -2 8 4 10 2 5 7 4 4 1 7 2 0 8 3 5 6 12 
2 11 13 10 -4 -12 13 9 11 1 1 11 9 13 3 11 -7 4 3 -7 
13 1 12 4 -9 2 7 9 -1 2 12 11 2 6 10 -6 1 9 4 2 
2 4 9 1 -6 10 6 2 11 12 2 -1 9 7 2 -9 4 12 1 13 
-7 3 4 -7 11 3 13 9 11 1 1 11 9 13 -12 -4 10 13 11 2 
12 6 5 3 8 0 2 7 1 4 4 7 5 2 10 4 8 -2 6 -1 
-9 10 -1 3 7 -3 -5 8 -13 9 5 5 11 13 -7 4 11 -4 -4 0 
4 11 -2 1 3 6 -4 2 12 11 6 5 -6 13 7 -5 -10 13 7 7 
13 4 1 9 -13 11 -5 -5 6 10 -13 10 11 -2 6 -6 10 -10 5 3 
-9 13 9 8 5 3 12 11 7 8 13 -6 8 -12 6 -3 5 2 4 -1 
12 -7 1 13 8 7 4 -2 5 12 8 2 0 11 -10 -8 1 4 -9 -10 
9 11 -1 -3 -12 1 6 12 3 12 12 2 2 -11 4 4 13 7 7 -13 
9 -11 6 3 6 -6 10 4 5 8 7 10 13 11 -1 12 13 2 12 -9 
53
8
2 3
18 10
16 12
16 18
2 0
19 3
1 13
9 11
17 16
1 9
3 7
3 1
17 19
0 16
18 6
10 8
8
4 12 15
10 7 13
3 19 14
0 7 8
15 7 15
9 12 13
16 0 14
19 12 8
0
