19 10
3 1 -5 8 1 6 6 -4 6 0 
-3 -2 1 2 -2 5 0 4 6 4 
0 7 2 -6 7 1 3 7 5 -7 
5 1 3 5 8 1 7 -4 -1 3 
2 6 3 3 6 3 -4 8 -4 4 
5 -1 4 7 3 3 -4 5 2 3 
-3 2 5 3 3 -5 6 7 8 4 
-3 4 1 5 -6 0 -2 7 7 2 
-3 3 7 3 1 5 7 7 3 6 
1 7 2 7 4 4 7 2 7 1 
6 3 7 7 5 1 3 7 3 -3 
2 7 7 -2 0 -6 5 1 4 -3 
4 8 7 6 -5 3 3 5 2 -3 
3 2 5 -4 3 3 7 4 -1 5 
4 -4 8 -4 3 6 3 3 6 2 
3 -1 -4 7 1 8 5 3 1 5 
-7 5 7 3 1 7 -6 2 7 0 
4 6 4 0 5 -2 2 1 -2 -3 
0 6 -4 6 6 1 8 -5 1 3 
42
5
5 9
16 8
3 7
11 6
8 6
13 0
2 1
15 2
7 3
10 3
8
13 6 14
13 4 8
6 4 11
2 3 14
5 3 14
5 5 8
12 5 11
16 6 14
18
10 9
13 8
14 7
0 6
18 6
5 4
10 5
7 0
5 0
8 0
5 1
4 2
18 3
0 3
13 5
8 4
11 9
13 9
