20 20
8 -12 -5 10 9 3 9 2 5 6 1 3 -5 -1 -13 8 -6 2 -12 -6 
7 -2 6 9 7 2 -8 -8 5 2 9 14 13 -14 -4 0 4 7 8 -5 
7 7 5 5 10 3 -4 0 -2 9 4 11 13 2 8 10 4 2 2 8 
2 7 11 -10 -13 11 -1 1 6 4 5 11 -1 8 0 4 3 -14 -7 8 
2 7 12 -6 9 12 -9 12 6 -11 2 8 7 2 -14 9 -2 1 12 4 
4 2 -13 5 -11 13 5 2 0 -5 -4 -13 1 13 9 -3 12 3 -8 3 
12 0 10 14 9 1 2 14 14 3 0 2 8 -4 7 -7 -5 6 -11 9 
-10 -12 -8 0 -4 8 13 2 4 7 5 5 3 -5 7 7 14 9 14 -8 
2 3 5 5 14 3 -12 6 7 10 -13 11 9 3 -3 6 1 8 9 8 
-7 13 8 6 7 4 10 7 -13 1 -14 10 12 12 8 -1 -1 4 -12 5 
5 -12 4 -1 -1 8 12 12 10 -14 1 -13 7 10 4 7 6 8 13 -7 
8 9 8 1 6 -3 3 9 11 -13 10 7 6 -12 3 14 5 5 3 2 
-8 14 9 14 7 7 -5 3 5 5 7 4 2 13 8 -4 0 -8 -12 -10 
9 -11 6 -5 -7 7 -4 8 2 0 3 14 14 2 1 9 14 10 0 12 
3 -8 3 12 -3 9 13 1 -13 -4 -5 0 2 5 13 -11 5 -13 2 4 
4 12 1 -2 9 -14 2 7 8 2 -11 6 12 -9 12 9 -6 12 7 2 
8 -7 -14 3 4 0 8 -1 11 5 4 6 1 -1 11 -13 -10 11 7 2 
8 2 2 4 10 8 2 13 11 4 9 -2 0 -4 3 10 5 5 7 7 
-5 8 7 4 0 -4 -14 13 14 9 2 5 -8 -8 2 7 9 6 -2 7 
-6 -12 2 -6 8 -13 -1 -5 3 1 6 5 2 9 3 9 10 -5 -12 8 
41
6
6 13
9 10
7 2
3 2
1 0
4 9
13 6
10 9
12 17
16 17
18 19
15 10
18
18 17 15
16 8 13
15 18 9
19 18 15
15 9 14
10 1 15
18 10 14
15 13 9
0 4 10
1 2 15
3 11 13
4 1 9
0 1 15
4 10 14
9 18 15
1 9 14
4 6 9
19 15 10
0
