20 15
11 -8 3 8 0 5 3 -9 5 7 -9 7 1 5 8 
9 -1 5 11 3 9 11 0 -10 -2 4 0 1 -2 11 
4 7 7 10 9 9 11 7 6 9 11 11 7 11 -8 
-1 6 5 2 5 11 11 -7 5 9 -3 -6 8 10 -2 
3 11 7 5 4 11 -1 10 5 6 3 6 2 2 1 
3 -2 11 4 -1 2 3 1 -2 2 8 2 1 5 9 
8 8 5 1 10 3 0 5 9 0 2 -2 8 -2 3 
0 5 -10 -10 1 1 8 4 -1 -9 8 -2 0 5 11 
-10 -3 9 10 1 7 6 -5 -3 7 9 -9 -10 4 -10 
3 -10 2 5 6 -1 -10 11 4 -9 1 11 2 5 11 
11 5 2 11 1 -9 4 11 -10 -1 6 5 2 -10 3 
-10 4 -10 -9 9 7 -3 -5 6 7 1 10 9 -3 -10 
11 5 0 -2 8 -9 -1 4 8 1 1 -10 -10 5 0 
3 -2 8 -2 2 0 9 5 0 3 10 1 5 8 8 
9 5 1 2 8 2 -2 1 3 2 -1 4 11 -2 3 
1 2 2 6 3 6 5 10 -1 11 4 5 7 11 3 
-2 10 8 -6 -3 9 5 -7 11 11 5 2 5 6 -1 
-8 11 7 11 11 9 6 7 11 9 9 10 7 7 4 
11 -2 1 0 4 -2 -10 0 11 9 3 11 5 -1 9 
8 5 1 7 -9 7 5 -9 3 5 0 8 3 -8 11 
39
4
3 13
11 8
1 5
14 10
16 1
8 6
18 9
5 4
8
16 0 13
17 4 11
0 10 12
2 11 9
3 14 13
2 10 11
19 4 12
17 3 9
26
5 7
6 5
0 2
13 4
19 9
18 12
0 1
4 3
2 4
1 8
3 11
12 13
12 10
14 7
13 9
19 12
6 10
0 5
1 2
19 13
15 11
17 10
18 6
16 3
7 1
7 4
