17 17
9 21 21 12 25 11 1 6 -1 12 19 14 14 -19 25 15 -12 
19 13 25 -3 7 10 1 17 15 -8 6 -5 15 20 -9 9 10 
20 11 -21 -4 0 22 4 12 0 9 -20 1 23 7 -1 20 22 
1 -9 3 20 19 8 24 8 1 5 8 24 0 0 -6 10 7 
22 19 24 -25 0 11 -23 -6 12 -23 -13 14 17 1 -10 -6 15 
20 -18 10 -2 -1 8 22 24 -3 15 15 6 -2 -1 2 -2 -15 
-25 20 -14 22 17 12 -2 1 17 2 8 4 21 -15 -24 -19 15 
17 16 -7 25 14 4 7 -4 -21 15 8 5 17 12 12 -23 14 
4 -18 9 21 3 4 17 10 17 10 17 4 3 21 9 -18 4 
14 -23 12 12 17 5 8 15 -21 -4 7 4 14 25 -7 16 17 
15 -19 -24 -15 21 4 8 2 17 1 -2 12 17 22 -14 20 -25 
-15 -2 2 -1 -2 6 15 15 -3 24 22 8 -1 -2 10 -18 20 
15 -6 -10 1 17 14 -13 -23 12 -6 -23 11 0 -25 24 19 22 
7 10 -6 0 0 24 8 5 1 8 24 8 19 20 3 -9 1 
22 20 -1 7 23 1 -20 9 0 12 4 22 0 -4 -21 11 20 
10 9 -9 20 15 -5 6 -8 15 17 1 10 7 -3 25 13 19 
-12 15 25 -19 14 14 19 12 -1 6 1 11 25 12 21 21 9 
33
3
11 15
1 13
12 16
5 1
15 3
4 0
12
6 1 10
10 2 14
15 9 8
10 6 16
11 1 11
16 13 14
10 15 10
6 14 14
1 7 8
6 10 16
5 15 11
0 3 14
26
8 10
6 7
11 4
16 15
4 9
0 10
4 15
13 12
2 6
1 0
11 14
12 9
8 7
8 6
10 9
5 12
0 1
12 7
16 6
12 1
3 4
14 10
15 16
5 2
4 7
8 9
