20 20
7 7 -3 9 -3 3 -4 -8 9 -5 1 9 11 7 0 0 4 2 -1 -11 
8 8 -11 8 3 -6 6 5 3 10 -5 3 2 10 3 11 -4 1 -7 4 
7 3 11 9 6 -1 -10 -9 11 -8 -5 9 -7 8 11 9 7 10 4 1 
4 0 11 9 5 8 -7 11 9 9 0 11 11 0 10 4 2 2 1 3 
-8 3 7 -2 1 9 -8 11 2 -3 8 -3 10 5 2 0 6 -5 2 5 
4 3 -9 0 0 -9 5 11 -11 1 0 7 9 4 7 1 3 11 -7 8 
-5 0 10 10 7 4 3 4 1 4 9 8 6 1 3 8 7 10 -1 7 
5 9 -9 4 10 -1 -11 -1 11 10 7 2 -6 2 11 11 10 10 9 2 
1 2 8 4 11 9 -7 10 10 -8 -2 4 -3 -1 6 11 0 4 11 4 
4 4 -11 2 -8 2 -1 2 2 -6 10 3 11 9 3 4 5 3 2 3 
3 2 3 5 4 3 9 11 3 10 -6 2 2 -1 2 -8 2 -11 4 4 
4 11 4 0 11 6 -1 -3 4 -2 -8 10 10 -7 9 11 4 8 2 1 
2 9 10 10 11 11 2 -6 2 7 10 11 -1 -11 -1 10 4 -9 9 5 
7 -1 10 7 8 3 1 6 8 9 4 1 4 3 4 7 10 10 0 -5 
8 -7 11 3 1 7 4 9 7 0 1 -11 11 5 -9 0 0 -9 3 4 
5 2 -5 6 0 2 5 10 -3 8 -3 2 11 -8 9 1 -2 7 3 -8 
3 1 2 2 4 10 0 11 11 0 9 9 11 -7 8 5 9 11 0 4 
1 4 10 7 9 11 8 -7 9 -5 -8 11 -9 -10 -1 6 9 11 3 7 
4 -7 1 -4 11 3 10 2 3 -5 10 3 5 6 -6 3 8 -11 8 8 
-11 -1 2 4 0 0 7 11 9 1 -5 9 -8 -4 3 -3 9 -3 7 7 
49
7
3 8
18 3
11 16
13 10
14 3
11 2
15 4
16 11
1 16
8 3
6 9
5 16
8 17
4 15
18
13 17 15
14 11 15
7 5 16
11 0 14
15 3 10
7 1 8
11 14 8
15 12 9
5 4 10
6 2 15
5 8 15
12 14 16
8 19 14
4 16 10
12 18 8
8 5 8
4 7 9
14 15 10
0
