19 16
3 1 4 4 -1 4 -3 1 2 4 -4 4 0 2 1 -3 
-2 4 4 2 3 1 3 3 0 -2 2 2 4 0 -3 -4 
2 2 4 2 -3 -2 1 4 4 2 -2 4 2 0 4 1 
3 -4 3 4 3 3 4 3 1 1 2 3 -1 3 4 -2 
4 3 2 -1 4 -1 -3 -3 3 3 4 4 0 1 -1 1 
3 4 1 4 3 4 1 3 -4 1 3 1 1 4 1 3 
2 4 -4 1 2 2 -2 4 0 1 -4 1 1 3 4 -3 
-4 2 0 3 -2 4 1 3 -2 0 -3 0 -1 2 2 1 
2 1 -4 2 4 2 -3 -2 1 2 -1 3 -3 0 2 1 
2 0 -2 1 0 2 3 2 2 3 2 0 1 -2 0 2 
1 2 0 -3 3 -1 2 1 -2 -3 2 4 2 -4 1 2 
1 2 2 -1 0 -3 0 -2 3 1 4 -2 3 0 2 -4 
-3 4 3 1 1 -4 1 0 4 -2 2 2 1 -4 4 2 
3 1 4 1 1 3 1 -4 3 1 4 3 4 1 4 3 
1 -1 1 0 4 4 3 3 -3 -3 -1 4 -1 2 3 4 
-2 4 3 -1 3 2 1 1 3 4 3 3 4 3 -4 3 
1 4 0 2 4 -2 2 4 4 1 -2 -3 2 4 2 2 
-4 -3 0 4 2 2 -2 0 3 3 1 3 2 4 4 -2 
-3 1 2 0 4 -4 4 2 1 -3 4 -1 4 4 1 3 
55
4
6 10
18 12
17 2
11 8
12 5
0 3
1 13
7 7
6
2 1 14
12 10 16
10 11 10
16 14 14
6 5 16
8 4 10
20
11 6
13 11
13 6
18 14
11 7
12 7
11 3
0 12
14 12
10 13
7 9
5 4
5 9
0 1
7 8
6 8
7 12
18 3
4 3
8 2
