20 13
2 5 -6 4 7 6 -5 4 6 0 -4 7 0 
5 2 5 1 4 5 1 1 1 3 3 -3 3 
-7 0 -1 6 4 0 6 6 6 6 6 -4 0 
3 2 -7 7 -7 6 3 2 5 -7 -1 7 4 
5 1 1 -1 4 -3 2 -2 2 -6 6 1 -3 
5 5 2 7 0 6 0 3 -6 4 7 4 2 
2 -2 6 4 5 2 6 -5 7 -2 5 3 -2 
4 -1 1 4 7 7 4 0 5 1 7 3 5 
-3 4 1 2 -1 2 3 6 5 6 -4 0 7 
7 6 3 -2 1 -4 3 3 2 5 -4 3 3 
3 3 -4 5 2 3 3 -4 1 -2 3 6 7 
7 0 -4 6 5 6 3 2 -1 2 1 4 -3 
5 3 7 1 5 0 4 7 7 4 1 -1 4 
-2 3 5 -2 7 -5 6 2 5 4 6 -2 2 
2 4 7 4 -6 3 0 6 0 7 2 5 5 
-3 1 6 -6 2 -2 2 -3 4 -1 1 1 5 
4 7 -1 -7 5 2 3 6 -7 7 -7 2 3 
0 -4 6 6 6 6 6 0 4 6 -1 0 -7 
3 -3 3 3 1 1 1 5 4 1 5 2 5 
0 7 -4 0 6 4 -5 6 7 4 -6 5 2 
43
5
8 4
8 6
10 2
15 10
17 8
11 8
11 6
9 10
4 2
2 4
14
9 7 13
17 1 14
12 2 16
14 4 16
1 4 9
2 0 14
12 3 15
10 5 13
2 11 14
7 10 16
5 8 16
18 8 9
17 12 14
7 9 15
16
16 5
12 6
6 10
9 2
9 8
17 2
0 4
5 4
3 7
7 6
13 2
10 10
10 4
2 10
19 8
14 8
