17 18
2 12 -17 10 19 -2 18 9 2 2 15 19 8 9 15 18 8 3 
-4 -2 4 7 2 19 14 12 15 8 6 -2 -6 18 10 2 5 7 
10 2 11 -6 4 0 3 4 10 7 -14 10 0 19 5 -5 1 -15 
6 7 19 8 -3 -19 16 19 -9 19 -15 15 19 9 10 7 12 17 
19 4 -12 -18 17 7 13 -18 10 4 18 14 7 7 7 19 8 9 
-8 -19 12 10 -8 -8 0 -12 5 15 2 17 3 -10 -18 14 5 15 
11 1 13 2 4 6 16 18 -6 8 16 17 19 1 15 -12 5 -10 
1 16 -12 5 6 -3 17 1 16 10 15 -10 3 5 4 -3 12 -10 
-7 14 -16 11 19 7 -8 5 2 2 5 -8 7 19 11 -16 14 -7 
-10 12 -3 4 5 3 -10 15 10 16 1 17 -3 6 5 -12 16 1 
-10 5 -12 15 1 19 17 16 8 -6 18 16 6 4 2 13 1 11 
15 5 14 -18 -10 3 17 2 15 5 -12 0 -8 -8 10 12 -19 -8 
9 8 19 7 7 7 14 18 4 10 -18 13 7 17 -18 -12 4 19 
17 12 7 10 9 19 15 -15 19 -9 19 16 -19 -3 8 19 7 6 
-15 1 -5 5 19 0 10 -14 7 10 4 3 0 4 -6 11 2 10 
7 5 2 10 18 -6 -2 6 8 15 12 14 19 2 7 4 -2 -4 
3 8 18 15 9 8 19 15 2 2 9 18 -2 19 10 -17 12 2 
31
3
10 11
10 4
9 1
6 6
6 13
7 16
18
4 3 11
0 7 11
9 4 8
16 8 12
16 6 10
11 9 14
15 16 8
4 6 8
9 0 10
12 14 11
16 10 11
7 13 8
0 9 12
0 11 10
5 8 14
1 1 8
12 11 8
7 17 10
30
9 14
0 8
1 8
14 16
9 10
14 1
9 3
9 16
4 14
5 17
3 9
16 4
9 5
13 5
9 15
7 3
16 9
15 9
2 1
7 7
2 16
7 14
7 1
12 3
11 0
13 8
0 13
7 12
3 12
7 2
