20 11
10 -1 -15 18 -22 19 12 7 12 19 6 
17 -16 18 4 -5 13 1 22 25 -2 26 
3 18 -22 6 22 11 1 25 -9 21 6 
25 15 26 1 23 13 11 10 -26 -23 -26 
7 12 15 16 21 -23 12 3 -21 0 2 
7 12 19 3 7 -8 -7 1 -25 24 20 
-16 15 12 5 18 -10 -16 21 18 1 11 
-15 11 26 10 13 17 4 17 14 -16 23 
18 10 -5 23 13 9 5 22 5 3 17 
-8 23 -8 1 22 23 13 0 4 4 -22 
-22 4 4 0 13 23 22 1 -8 23 -8 
17 3 5 22 5 9 13 23 -5 10 18 
23 -16 14 17 4 17 13 10 26 11 -15 
11 1 18 21 -16 -10 18 5 12 15 -16 
20 24 -25 1 -7 -8 7 3 19 12 7 
2 0 -21 3 12 -23 21 16 15 12 7 
-26 -23 -26 10 11 13 23 1 26 15 25 
6 21 -9 25 1 11 22 6 -22 18 3 
26 -2 25 22 1 13 -5 4 18 -16 17 
6 19 12 7 12 19 -22 18 -15 -1 10 
51
5
18 4
8 4
7 0
3 8
2 1
1 6
11 6
12 10
16 2
17 9
8
11 8 14
9 0 8
4 0 8
0 4 12
8 2 14
10 10 8
15 10 8
19 6 12
22
1 0
19 5
17 1
6 0
16 5
12 9
15 2
1 9
13 3
10 1
13 8
18 10
0 5
2 9
13 10
3 5
7 1
4 8
18 1
6 7
9 9
6 2
