10 19
1 1 -5 5 -4 1 4 7 -6 1 -3 3 -6 8 7 1 -3 -8 4 
8 4 5 2 -2 5 -3 5 1 1 4 -2 4 6 8 8 0 8 5 
8 2 3 -5 3 6 1 -6 8 -4 0 1 3 0 7 -3 4 3 8 
8 -3 5 0 2 1 0 -8 4 3 3 -7 5 3 3 7 7 5 0 
8 4 7 7 -1 7 -1 6 3 1 0 -1 5 -3 -8 0 -3 1 1 
1 1 -3 0 -8 -3 5 -1 0 1 3 6 -1 7 -1 7 7 4 8 
0 5 7 7 3 3 5 -7 3 3 4 -8 0 1 2 0 5 -3 8 
8 3 4 -3 7 0 3 1 0 -4 8 -6 1 6 3 -5 3 2 8 
5 8 0 8 8 6 4 -2 4 1 1 5 -3 5 -2 2 5 4 8 
4 -8 -3 1 7 8 -6 3 -3 1 -6 7 4 1 -4 5 -5 1 1 
59
3
7 13
5 0
2 4
2 5
4 18
7 14
12
4 8 8
6 0 8
6 18 14
5 8 8
8 2 14
6 5 12
5 10 8
3 18 8
3 0 14
4 10 8
1 16 14
3 13 12
16
3 1
7 9
9 16
0 15
8 13
3 9
0 8
1 7
6 17
2 9
0 2
9 3
1 5
6 9
9 10
8 11
