17 16
5 3 1 -7 -3 -6 -2 7 -6 -1 3 8 5 0 6 9 
9 -3 5 6 1 1 9 8 -8 9 6 4 2 1 7 5 
4 2 1 2 7 9 -5 1 -7 3 -3 0 8 7 6 5 
7 4 -9 6 9 5 -6 9 -1 2 -1 -8 4 -5 -7 6 
6 1 8 0 5 6 8 9 1 3 8 6 3 -5 8 0 
1 2 2 4 -8 8 -6 0 4 1 2 -3 -9 1 -4 8 
4 -8 8 -5 3 0 2 6 7 5 4 -9 4 8 7 -6 
2 -8 5 6 -3 2 6 8 4 9 9 8 8 -4 -1 4 
3 -2 3 0 -2 6 4 6 6 4 6 -2 0 3 -2 3 
4 -1 -4 8 8 9 9 4 8 6 2 -3 6 5 -8 2 
-6 7 8 4 -9 4 5 7 6 2 0 3 -5 8 -8 4 
8 -4 1 -9 -3 2 1 4 0 -6 8 -8 4 2 2 1 
0 8 -5 3 6 8 3 1 9 8 6 5 0 8 1 6 
6 -7 -5 4 -8 -1 2 -1 9 -6 5 9 6 -9 4 7 
5 6 7 8 0 -3 3 -7 1 -5 9 7 2 1 2 4 
5 7 1 2 4 6 9 -8 8 9 1 1 6 5 -3 9 
9 6 0 5 8 3 -1 -6 7 -2 -6 -3 -7 1 3 5 
34
3
0 11
10 6
16 14
16 4
6 9
0 1
12
4 10 8
5 10 9
9 10 11
13 3 13
16 6 16
3 15 8
12 5 8
11 5 9
7 5 11
3 12 13
0 9 16
13 0 8
26
15 10
5 8
2 1
5 11
3 2
6 13
9 14
6 0
10 11
1 15
0 10
12 7
13 12
1 5
11 7
14 14
11 4
13 13
10 2
7 1
10 15
6 4
15 0
16 5
4 8
3 3
