18 15
-5 1 1 8 -6 0 -9 11 -1 5 1 1 -6 -8 5 
-9 -8 7 1 2 4 7 8 7 1 5 4 1 1 10 
11 8 7 8 1 11 2 7 9 -2 3 1 3 8 1 
-4 5 -4 -2 0 5 -8 8 6 6 2 10 -2 4 2 
-3 -9 11 -7 7 10 -4 0 10 6 -8 3 -6 -1 1 
-7 11 4 9 -6 7 -2 6 5 7 5 10 -2 6 -9 
-10 11 8 11 8 4 -10 2 5 2 11 3 11 -8 4 
1 9 4 6 10 5 -6 6 0 -4 -8 7 3 -8 11 
4 1 11 8 10 8 2 9 -7 -9 5 -4 6 7 10 
10 7 6 -4 5 -9 -7 9 2 8 10 8 11 1 4 
11 -8 3 7 -8 -4 0 6 -6 5 10 6 4 9 1 
4 -8 11 3 11 2 5 2 -10 4 8 11 8 11 -10 
-9 6 -2 10 5 7 5 6 -2 7 -6 9 4 11 -7 
1 -1 -6 3 -8 6 10 0 -4 10 7 -7 11 -9 -3 
2 4 -2 10 2 6 6 8 -8 5 0 -2 -4 5 -4 
1 8 3 1 3 -2 9 7 2 11 1 8 7 8 11 
10 1 1 4 5 1 7 8 7 4 2 1 7 -8 -9 
5 -8 -6 1 1 5 -1 11 -9 0 -6 8 1 1 -5 
44
5
1 8
13 4
11 8
15 6
8 10
16 6
4 10
6 6
2 8
9 4
20
12 7 8
16 5 12
8 4 15
6 0 11
11 4 16
9 13 16
8 12 14
11 2 13
0 3 12
4 5 9
5 7 8
1 9 12
9 10 15
11 14 11
6 10 16
8 1 16
9 2 14
6 12 13
17 11 12
13 9 9
20
3 2
0 7
10 9
6 4
16 14
13 7
3 9
17 1
15 0
15 12
14 12
17 7
7 5
11 10
1 0
4 7
14 5
0 13
2 14
2 2
