14 10
1 6 6 -3 -4 -5 2 4 3 4 
4 6 3 4 3 2 3 -2 -2 1 
6 3 -4 -3 -4 5 5 -3 1 2 
2 -3 4 6 5 -2 1 4 6 5 
6 6 0 3 2 3 3 0 4 -6 
1 6 4 2 1 4 4 0 5 1 
-4 0 1 0 1 2 0 0 -4 4 
4 -4 0 0 2 1 0 1 0 -4 
1 5 0 4 4 1 2 4 6 1 
-6 4 0 3 3 2 3 0 6 6 
5 6 4 1 -2 5 6 4 -3 2 
2 1 -3 5 5 -4 -3 -4 3 6 
1 -2 -2 3 2 3 4 3 6 4 
4 3 4 2 -5 -4 -3 6 6 1 
55
4
1 0
0 1
3 2
0 2
12 9
13 8
10 7
13 7
14
7 3 15
12 5 14
4 3 10
4 0 8
2 7 10
9 0 12
8 7 10
6 6 15
1 4 14
9 6 10
9 9 8
11 2 10
4 9 12
5 2 10
14
9 4
1 8
11 7
11 1
8 3
9 5
13 3
4 5
12 1
2 2
2 8
5 6
4 4
0 6
