20 20
0 12 2 4 -1 3 1 7 -8 0 10 2 6 0 2 7 12 0 7 -5 
-7 2 -8 1 12 2 3 5 10 -5 9 4 -10 9 -1 -7 4 2 -9 6 
9 3 2 5 -12 7 -12 6 12 1 7 7 3 12 3 6 9 5 12 11 
0 7 11 8 -9 -9 1 2 5 6 2 1 -6 6 -7 3 10 7 6 5 
-4 10 11 -10 12 11 1 11 10 12 8 10 8 3 10 1 4 11 10 -6 
-5 4 -5 -12 8 3 -10 -10 -5 9 -12 10 4 4 -2 8 2 -1 4 7 
1 5 9 -2 -6 12 1 9 5 -2 1 6 -6 12 -5 1 11 6 9 10 
9 -2 -5 -7 10 0 6 5 11 7 -10 -4 6 10 5 12 -7 2 2 4 
2 3 1 1 -9 11 5 -12 1 -6 -12 10 -1 8 5 12 1 11 -4 6 
6 9 -9 7 12 3 1 7 8 -2 -2 9 5 -3 7 11 -12 4 -6 7 
7 -6 4 -12 11 7 -3 5 9 -2 -2 8 7 1 3 12 7 -9 9 6 
6 -4 11 1 12 5 8 -1 10 -12 -6 1 -12 5 11 -9 1 1 3 2 
4 2 2 -7 12 5 10 6 -4 -10 7 11 5 6 0 10 -7 -5 -2 9 
10 9 6 11 1 -5 12 -6 6 1 -2 5 9 1 12 -6 -2 9 5 1 
7 4 -1 2 8 -2 4 4 10 -12 9 -5 -10 -10 3 8 -12 -5 4 -5 
-6 10 11 4 1 10 3 8 10 8 12 10 11 1 11 12 -10 11 10 -4 
5 6 7 10 3 -7 6 -6 1 2 6 5 2 1 -9 -9 8 11 7 0 
11 12 5 9 6 3 12 3 7 7 1 12 6 -12 7 -12 5 2 3 9 
6 -9 2 4 -7 -1 9 -10 4 9 -5 10 5 3 2 12 1 -8 2 -7 
-5 7 0 12 7 2 0 6 2 10 0 -8 7 1 3 -1 4 2 12 0 
44
7
9 7
3 5
14 9
2 5
12 3
19 10
1 3
10 12
16 14
5 10
17 14
7 16
0 9
18 16
10
3 9 16
10 8 11
6 15 13
12 19 11
13 12 10
16 10 16
9 11 11
13 4 13
7 0 11
6 7 10
0
