18 14
19 8 7 -26 20 10 30 21 -28 -6 -16 6 8 12 
-7 23 11 -27 20 10 9 -8 11 6 -12 -2 29 19 
-30 20 9 14 8 0 15 20 20 -9 9 28 29 20 
-2 -19 25 29 10 8 18 15 4 1 27 16 -25 29 
-16 2 15 7 17 7 22 5 -27 1 4 4 20 21 
13 20 17 -23 28 -21 25 1 -25 2 -7 -17 19 -26 
25 -1 12 30 -11 -1 6 3 22 18 20 -9 -20 12 
20 15 -9 -25 21 21 -4 12 27 7 5 15 11 14 
16 -29 6 10 3 8 7 20 27 -8 15 18 21 -2 
-2 21 18 15 -8 27 20 7 8 3 10 6 -29 16 
14 11 15 5 7 27 12 -4 21 21 -25 -9 15 20 
12 -20 -9 20 18 22 3 6 -1 -11 30 12 -1 25 
-26 19 -17 -7 2 -25 1 25 -21 28 -23 17 20 13 
21 20 4 4 1 -27 5 22 7 17 7 15 2 -16 
29 -25 16 27 1 4 15 18 8 10 29 25 -19 -2 
20 29 28 9 -9 20 20 15 0 8 14 9 20 -30 
19 29 -2 -12 6 11 -8 9 10 20 -27 11 23 -7 
12 8 6 -16 -6 -28 21 30 10 20 -26 7 8 19 
31
7
2 12
10 9
7 9
1 9
3 7
4 2
14 2
15 1
7 4
10 4
16 4
14 6
13 11
3 11
16
8 13 14
6 3 15
7 0 12
14 1 11
12 2 16
9 10 11
7 11 12
10 6 14
9 0 14
11 10 15
10 13 12
3 12 11
5 11 16
8 3 11
10 2 12
7 7 14
24
12 0
11 6
13 10
6 8
0 3
9 13
17 4
17 1
8 11
9 3
13 7
16 9
5 13
6 7
4 3
11 5
17 10
8 0
0 9
0 12
9 2
8 10
4 6
1 4
