17 18
5 0 4 -4 3 -4 2 5 4 -3 -3 4 3 2 0 5 4 5 
2 1 -1 -3 -2 -1 -3 3 -4 4 -3 5 1 5 -2 5 5 -3 
0 4 -5 0 -2 2 -2 -3 1 1 4 5 5 2 -3 3 5 4 
4 4 4 4 1 -3 -5 5 4 4 1 2 -2 4 2 5 1 1 
0 -3 3 3 5 5 5 4 3 0 -1 -3 4 1 1 -2 1 1 
2 2 -4 0 2 4 -4 0 0 2 -3 5 5 2 2 4 2 1 
0 0 -3 1 1 2 4 -3 -1 1 0 2 0 5 -2 3 -1 3 
3 -3 4 0 5 -1 -4 -5 -2 -4 1 -2 3 5 3 5 -1 -2 
1 5 3 -5 2 1 5 2 5 5 2 5 1 2 -5 3 5 1 
-2 -1 5 3 5 3 -2 1 -4 -2 -5 -4 -1 5 0 4 -3 3 
3 -1 3 -2 5 0 2 0 1 -1 -3 4 2 1 1 -3 0 0 
1 2 4 2 2 5 5 -3 2 0 0 -4 4 2 0 -4 2 2 
1 1 -2 1 1 4 -3 -1 0 3 4 5 5 5 3 3 -3 0 
1 1 5 2 4 -2 2 1 4 4 5 -5 -3 1 4 4 4 4 
4 5 3 -3 2 5 5 4 1 1 -3 -2 2 -2 0 -5 4 0 
-3 5 5 -2 5 1 5 -3 4 -4 3 -3 -1 -2 -3 -1 1 2 
5 4 5 0 2 3 4 -3 -3 4 5 2 -4 3 -4 4 0 5 
52
2
5 7
10 7
11 10
6 10
12
13 16 8
14 8 13
15 6 14
7 3 10
11 5 15
13 4 10
3 1 8
2 9 13
1 11 14
9 14 10
5 12 15
3 13 10
26
3 10
2 15
1 12
16 14
5 8
2 16
10 12
11 6
8 6
12 14
14 3
4 8
3 9
13 7
14 2
15 5
0 3
11 9
14 1
6 5
5 11
8 11
4 3
2 14
12 9
13 8
