15 10
-4 1 3 5 -2 4 1 0 -4 1 
0 -1 0 1 3 2 3 1 3 3 
-4 5 -1 -2 3 3 0 -3 2 2 
-5 3 -3 2 2 5 4 3 5 3 
0 5 3 2 5 3 -3 0 -4 2 
1 5 4 3 4 -3 5 3 5 2 
3 3 -3 2 -5 3 1 3 3 0 
-5 3 -5 3 4 4 3 -5 3 -5 
0 3 3 1 3 -5 2 -3 3 3 
2 5 3 5 -3 4 3 4 5 1 
2 -4 0 -3 3 5 2 3 5 0 
3 5 3 4 5 2 2 -3 3 -5 
2 2 -3 0 3 3 -2 -1 5 -4 
3 3 1 3 2 3 1 0 -1 0 
1 -4 0 1 4 -2 5 3 1 -4 
50
2
5 3
3 2
9 6
11 7
18
9 5 11
8 5 12
12 6 15
14 4 9
13 0 16
2 5 11
7 9 14
8 4 8
10 1 11
5 4 11
6 4 12
2 3 15
0 5 9
1 9 16
12 4 11
7 0 14
6 5 8
4 8 11
14
2 7
6 0
13 3
11 4
2 8
11 5
9 1
12 2
8 9
1 6
3 5
12 1
3 4
5 8
