20 20
-4 -3 4 0 0 2 -1 3 0 4 -4 3 2 0 0 1 2 0 2 2 
2 -4 3 2 -3 3 4 -2 4 1 -1 2 2 1 2 3 4 4 3 -4 
2 1 1 -3 3 0 3 4 2 2 -1 -4 4 4 -1 4 3 2 0 4 
0 -2 -1 2 1 -2 0 1 3 0 4 1 -1 2 -3 3 4 -2 2 -1 
4 0 0 0 3 3 1 1 -2 -2 2 -2 4 4 -3 3 2 -1 2 1 
4 -2 4 1 4 3 1 4 4 1 3 0 3 -4 2 -3 4 4 4 2 
2 1 2 2 4 2 1 -4 3 -4 2 1 3 4 4 2 3 1 4 -1 
0 3 4 2 4 1 1 1 0 -1 -1 2 1 3 -4 1 0 3 -3 2 
-4 2 1 2 0 1 1 0 4 4 4 3 3 0 3 -2 -2 -4 3 4 
2 1 2 -4 3 1 -1 3 -4 1 -1 -1 2 4 3 0 -1 2 4 0 
0 4 2 -1 0 3 4 2 -1 -1 1 -4 3 -1 1 3 -4 2 1 2 
4 3 -4 -2 -2 3 0 3 3 4 4 4 0 1 1 0 2 1 2 -4 
2 -3 3 0 1 -4 3 1 2 -1 -1 0 1 1 1 4 2 4 3 0 
-1 4 1 3 2 4 4 3 1 2 -4 3 -4 1 2 4 2 2 1 2 
2 4 4 4 -3 2 -4 3 0 3 1 4 4 1 3 4 1 4 -2 4 
1 2 -1 2 3 -3 4 4 -2 2 -2 -2 1 1 3 3 0 0 0 4 
-1 2 -2 4 3 -3 2 -1 1 4 0 3 1 0 -2 1 2 -1 -2 0 
4 0 2 3 4 -1 4 4 -4 -1 2 2 4 3 0 3 -3 1 1 2 
-4 3 4 4 3 2 1 2 2 -1 1 4 -2 4 3 -3 2 3 -4 2 
2 2 0 2 1 0 0 2 3 -4 4 0 3 -1 2 0 0 4 -3 -4 
40
8
11 0
15 19
2 13
5 6
3 4
13 4
9 11
6 7
8 19
4 0
17 6
14 13
16 15
6 15
10 8
13 12
18
16 13 14
6 5 15
3 10 16
7 3 11
15 5 11
18 13 16
12 11 10
5 9 15
8 12 11
3 6 14
13 14 15
16 9 16
12 16 11
4 14 11
1 6 16
7 8 10
14 10 15
11 7 11
0
