15 17
22 21 -24 26 14 -2 20 5 26 -16 5 10 20 27 -4 -6 24 
29 9 -9 19 26 13 0 17 -26 27 -23 12 14 -6 3 0 -1 
-29 -27 -29 2 25 -26 0 3 26 -19 10 12 -9 1 -10 22 25 
13 3 12 -2 26 -4 7 23 -1 16 -15 23 6 8 9 2 4 
9 21 -13 13 1 6 -15 -8 25 21 15 -25 5 2 10 7 16 
19 -17 15 7 -21 10 1 15 -24 22 0 23 24 23 15 28 24 
2 1 21 22 -17 -5 6 26 15 26 13 -13 -2 11 -22 22 -1 
-4 15 27 18 16 28 10 -4 -11 -4 10 28 16 18 27 15 -4 
-1 22 -22 11 -2 -13 13 26 15 26 6 -5 -17 22 21 1 2 
24 28 15 23 24 23 0 22 -24 15 1 10 -21 7 15 -17 19 
16 7 10 2 5 -25 15 21 25 -8 -15 6 1 13 -13 21 9 
4 2 9 8 6 23 -15 16 -1 23 7 -4 26 -2 12 3 13 
25 22 -10 1 -9 12 10 -19 26 3 0 -26 25 2 -29 -27 -29 
-1 0 3 -6 14 12 -23 27 -26 17 0 13 26 19 -9 9 29 
24 -6 -4 27 20 10 5 -16 26 5 20 -2 14 26 -24 21 22 
39
3
3 6
3 9
10 4
11 10
11 7
4 12
14
3 12 13
5 1 10
2 10 16
7 16 15
10 8 16
0 15 13
6 3 13
11 4 13
9 15 10
12 6 16
7 0 15
4 8 16
14 1 13
8 13 13
22
4 0
8 14
4 3
12 13
11 0
3 2
7 2
0 11
5 8
4 5
2 13
10 16
6 2
10 13
2 3
3 16
11 14
7 14
14 5
9 8
10 11
12 3
