16 15
0 3 2 3 3 -1 1 0 -2 -2 3 1 1 1 2 
3 3 0 0 3 2 0 2 -2 1 -3 2 -3 3 1 
0 2 3 3 1 1 2 3 3 1 3 1 1 0 -2 
3 0 3 2 3 2 -3 -2 0 -1 3 -3 2 2 3 
3 -2 -2 2 2 0 3 3 1 -1 -2 2 2 2 -1 
1 2 2 2 3 0 2 2 3 0 1 3 3 -3 1 
2 -3 2 1 0 3 1 2 -2 2 -3 -1 -1 2 0 
2 2 2 2 -2 -1 1 -2 -3 3 1 1 3 2 -2 
-2 2 3 1 1 3 -3 -2 1 -1 -2 2 2 2 2 
0 2 -1 -1 -3 2 -2 2 1 3 0 1 2 -3 2 
1 -3 3 3 1 0 3 2 2 0 3 2 2 2 1 
-1 2 2 2 -2 -1 1 3 3 0 2 2 -2 -2 3 
3 2 2 -3 3 -1 0 -2 -3 2 3 2 3 0 3 
-2 0 1 1 3 1 3 3 2 1 1 3 3 2 0 
1 3 -3 2 -3 1 -2 2 0 2 3 0 0 3 3 
2 1 1 1 3 -2 -2 0 1 -1 3 3 2 3 0 
37
2
9 13
9 12
6 1
6 2
20
6 3 16
4 13 14
12 1 14
4 14 9
3 11 14
4 2 9
8 7 16
12 5 8
12 11 10
10 9 8
9 11 16
11 1 14
3 13 14
11 0 9
12 3 14
11 12 9
7 7 16
3 9 8
3 3 10
5 5 8
24
12 7
11 10
13 10
9 10
10 13
2 0
9 6
3 8
9 14
7 10
5 12
7 14
3 7
4 4
2 4
6 4
5 1
13 14
6 8
12 6
6 0
8 4
10 2
8 0
