20 20
-1 10 9 -5 -10 7 -6 0 6 -5 0 3 10 -3 14 13 -14 -4 10 -4 
3 2 -10 -6 12 8 -11 1 3 -2 11 1 10 9 3 2 3 14 12 13 
2 11 12 -5 1 -6 -13 12 -13 -5 13 9 2 4 1 -12 -9 13 -2 -14 
9 -6 12 7 6 11 -6 0 11 10 1 11 14 4 9 9 -1 6 4 3 
0 3 3 -11 8 2 3 11 -14 -4 5 14 4 13 8 2 12 9 9 -11 
10 -8 6 -5 0 -2 -6 7 5 -8 9 4 4 8 12 8 10 -13 1 2 
12 4 -5 10 14 13 2 11 7 3 4 5 4 -9 4 1 9 7 4 -4 
12 4 -1 9 -8 -9 7 12 -12 -11 13 9 13 8 9 -4 7 -7 6 5 
6 6 11 6 14 -7 6 -9 -7 11 12 1 8 12 -12 13 10 2 12 0 
-7 5 10 8 6 2 0 12 9 -8 14 9 9 0 14 14 11 10 8 7 
7 8 10 11 14 14 0 9 9 14 -8 9 12 0 2 6 8 10 5 -7 
0 12 2 10 13 -12 12 8 1 12 11 -7 -9 6 -7 14 6 11 6 6 
5 6 -7 7 -4 9 8 13 9 13 -11 -12 12 7 -9 -8 9 -1 4 12 
-4 4 7 9 1 4 -9 4 5 4 3 7 11 2 13 14 10 -5 4 12 
2 1 -13 10 8 12 8 4 4 9 -8 5 7 -6 -2 0 -5 6 -8 10 
-11 9 9 12 2 8 13 4 14 5 -4 -14 11 3 2 8 -11 3 3 0 
3 4 6 -1 9 9 4 14 11 1 10 11 0 -6 11 6 7 12 -6 9 
-14 -2 13 -9 -12 1 4 2 9 13 -5 -13 12 -13 -6 1 -5 12 11 2 
13 12 14 3 2 3 9 10 1 11 -2 3 1 -11 8 12 -6 -10 2 3 
-4 10 -4 -14 13 14 -3 10 3 0 -5 6 0 -6 7 -10 -5 9 10 -1 
48
6
10 11
15 2
15 4
13 4
11 9
2 19
9 8
4 17
4 15
6 15
8 10
17 0
14
0 6 8
9 5 13
12 11 11
16 5 9
18 6 9
5 1 10
7 2 8
19 13 8
10 14 13
7 8 11
3 14 9
1 13 9
14 18 10
12 17 8
0
