20 15
5 4 8 13 -1 15 -3 -8 17 -12 0 -1 11 9 17 
4 6 -5 -13 -11 7 1 -11 11 -10 -15 1 15 -8 7 
3 10 11 5 10 1 -16 10 6 0 2 11 13 -6 13 
1 -4 12 -9 -11 10 12 12 0 12 16 2 11 10 0 
14 10 1 10 14 2 -8 5 13 2 -12 14 -10 11 16 
17 7 5 6 -1 9 3 0 5 -3 16 -5 -10 4 13 
5 16 2 -8 -11 -8 2 6 9 9 16 10 9 5 -11 
11 14 12 1 1 4 7 10 -4 6 1 13 10 -1 13 
6 15 6 14 11 5 10 11 9 15 11 15 12 5 -3 
5 10 16 15 9 1 -3 6 3 17 10 9 17 4 7 
7 4 17 9 10 17 3 6 -3 1 9 15 16 10 5 
-3 5 12 15 11 15 9 11 10 5 11 14 6 15 6 
13 -1 10 13 1 6 -4 10 7 4 1 1 12 14 11 
-11 5 9 10 16 9 9 6 2 -8 -11 -8 2 16 5 
13 4 -10 -5 16 -3 5 0 3 9 -1 6 5 7 17 
16 11 -10 14 -12 2 13 5 -8 2 14 10 1 10 14 
0 10 11 2 16 12 0 12 12 10 -11 -9 12 -4 1 
13 -6 13 11 2 0 6 10 -16 1 10 5 11 10 3 
7 -8 15 1 -15 -10 11 -11 1 7 -11 -13 -5 6 4 
17 9 11 -1 0 -12 17 -8 -3 15 -1 13 8 4 5 
45
7
3 0
12 5
19 10
3 11
6 13
14 9
10 8
16 14
7 9
0 4
16 3
13 1
5 5
9 6
8
18 7 14
2 12 8
8 14 10
13 0 10
1 7 14
17 2 8
11 0 10
6 14 10
26
15 14
2 9
3 9
3 1
16 9
18 13
10 4
3 13
14 5
10 3
4 6
3 6
1 13
4 0
17 5
16 5
16 13
3 5
1 1
9 10
16 1
5 9
9 11
15 8
16 8
18 1
