15 16
3 -6 5 5 0 5 -2 6 2 -4 6 6 6 1 0 6 
6 -2 -6 6 -6 -1 4 -6 -4 0 2 3 1 2 4 4 
4 -6 -4 -4 -6 3 6 1 2 1 6 -2 -6 2 -1 4 
-6 4 0 -6 2 6 -2 4 3 3 3 3 -2 1 2 3 
3 1 1 -3 3 6 2 4 3 1 6 2 4 6 4 -5 
0 4 -4 3 5 4 3 2 -5 3 1 2 6 2 -4 2 
5 2 -3 5 1 6 3 -1 -3 3 6 4 5 1 5 -1 
4 -1 3 3 -5 6 5 4 4 5 6 -5 3 3 -1 4 
-1 5 1 5 4 6 3 -3 -1 3 6 1 5 -3 2 5 
2 -4 2 6 2 1 3 -5 2 3 4 5 3 -4 4 0 
-5 4 6 4 2 6 1 3 4 2 6 3 -3 1 1 3 
3 2 1 -2 3 3 3 3 4 -2 6 2 -6 0 4 -6 
4 -1 2 -6 -2 6 1 2 1 6 3 -6 -4 -4 -6 4 
4 4 2 1 3 2 0 -4 -6 4 -1 -6 6 -6 -2 6 
6 0 1 6 6 6 -4 2 6 -2 5 0 5 5 -6 3 
57
3
7 0
13 10
13 15
7 15
1 5
1 0
16
1 9 16
6 13 15
5 3 9
1 15 8
6 2 8
5 0 12
9 5 9
0 10 9
13 6 16
8 2 15
9 12 9
13 0 8
8 13 8
9 15 12
5 10 9
14 5 9
16
1 7
8 9
1 4
10 7
1 2
1 10
12 6
5 12
13 8
6 6
13 11
4 8
13 13
13 5
2 9
9 3
