20 20
16 19 17 13 1 -16 -20 23 18 3 3 10 13 7 -12 -20 5 -22 7 6 
0 15 8 2 9 22 17 21 0 6 0 16 11 10 22 18 16 -16 -5 22 
13 4 4 5 12 17 22 2 2 3 20 12 19 19 -23 -21 19 5 18 13 
10 19 15 -4 19 -17 10 19 6 10 15 -7 11 15 14 -9 2 -7 -1 21 
5 20 17 2 14 23 -2 19 22 14 7 -21 15 10 -8 11 1 0 -4 -14 
-15 -3 18 8 10 -21 19 12 19 -14 -11 0 -14 0 -22 17 1 -1 23 10 
-1 -20 -20 14 0 2 -15 -21 15 21 -2 -16 6 11 23 1 3 10 -22 -23 
16 -21 10 1 -21 -21 22 21 7 10 5 -15 13 19 8 -1 20 22 -2 2 
9 6 16 -5 20 10 15 -22 11 0 11 7 10 -2 6 20 5 22 2 7 
2 20 -16 19 17 2 21 16 15 2 12 -16 11 10 8 13 20 -14 18 21 
21 18 -14 20 13 8 10 11 -16 12 2 15 16 21 2 17 19 -16 20 2 
7 2 22 5 20 6 -2 10 7 11 0 11 -22 15 10 20 -5 16 6 9 
2 -2 22 20 -1 8 19 13 -15 5 10 7 21 22 -21 -21 1 10 -21 16 
-23 -22 10 3 1 23 11 6 -16 -2 21 15 -21 -15 2 0 14 -20 -20 -1 
10 23 -1 1 17 -22 0 -14 0 -11 -14 19 12 19 -21 10 8 18 -3 -15 
-14 -4 0 1 11 -8 10 15 -21 7 14 22 19 -2 23 14 2 17 20 5 
21 -1 -7 2 -9 14 15 11 -7 15 10 6 19 10 -17 19 -4 15 19 10 
13 18 5 19 -21 -23 19 19 12 20 3 2 2 22 17 12 5 4 4 13 
22 -5 -16 16 18 22 10 11 16 0 6 0 21 17 22 9 2 8 15 0 
6 7 -22 5 -20 -12 7 13 10 3 3 18 23 -20 -16 1 13 17 19 16 
44
5
5 15
8 15
0 2
13 3
19 0
14 4
11 4
19 17
6 16
0 19
10
6 7 15
14 11 9
8 18 8
0 15 16
12 9 15
13 12 15
5 8 9
11 1 8
19 4 16
7 10 15
38
7 12
17 5
1 2
4 6
11 5
11 2
3 11
18 0
17 3
1 4
4 13
18 10
4 0
8 9
6 5
16 14
6 19
1 10
19 6
12 7
2 14
18 17
15 13
8 14
8 17
16 8
1 19
2 16
18 15
15 6
1 9
15 19
11 10
13 14
3 5
13 0
18 9
0 13
