20 20
4 0 0 1 4 3 4 1 1 4 -2 3 5 2 1 4 1 -2 4 2 
2 3 3 3 -5 1 -1 5 -1 4 -3 4 5 -2 4 2 5 1 1 0 
0 2 -5 2 3 5 0 -2 2 4 5 3 -3 -3 4 -5 4 2 2 -4 
5 2 5 2 1 2 0 3 5 4 -2 0 2 5 1 2 2 1 5 1 
3 1 -1 -3 1 4 2 3 3 -2 5 5 5 3 -3 2 -3 0 -2 2 
-1 -3 4 0 2 4 -1 5 0 -4 -2 5 2 2 3 5 4 1 4 -5 
1 3 3 1 1 1 1 3 3 4 0 2 -3 4 2 -4 0 1 4 4 
-2 4 0 4 3 5 4 -4 4 4 5 1 -1 5 0 0 -3 1 -3 1 
1 -4 2 -5 -4 4 -5 -5 -4 4 3 0 2 1 1 2 0 -2 5 5 
2 -5 1 3 1 -1 0 4 -2 1 -5 0 3 2 2 5 4 2 -4 3 
3 -4 2 4 5 2 2 3 0 -5 1 -2 4 0 -1 1 3 1 -5 2 
5 5 -2 0 2 1 1 2 0 3 4 -4 -5 -5 4 -4 -5 2 -4 1 
1 -3 1 -3 0 0 5 -1 1 5 4 4 -4 4 5 3 4 0 4 -2 
4 4 1 0 -4 2 4 -3 2 0 4 3 3 1 1 1 1 3 3 1 
-5 4 1 4 5 3 2 2 5 -2 -4 0 5 -1 4 2 0 4 -3 -1 
2 -2 0 -3 2 -3 3 5 5 5 -2 3 3 2 4 1 -3 -1 1 3 
1 5 1 2 2 1 5 2 0 -2 4 5 3 0 2 1 2 5 2 5 
-4 2 2 4 -5 4 -3 -3 3 5 4 2 -2 0 5 3 2 -5 2 0 
0 1 1 5 2 4 -2 5 4 -3 4 -1 5 -1 1 -5 3 3 3 2 
2 4 -2 1 4 1 2 5 3 -2 4 1 1 4 3 4 1 0 0 4 
51
2
11 17
14 18
8 2
5 1
12
11 6 9
14 17 14
1 4 9
13 5 10
11 13 16
13 1 13
8 13 9
5 2 14
18 15 9
6 14 10
8 6 16
6 18 13
0
