18 12
6 6 5 6 -5 -1 8 5 2 8 2 7 
1 2 8 7 1 -8 2 8 6 6 4 5 
7 7 -1 6 8 4 2 7 3 8 -4 1 
-4 1 4 3 7 3 -8 7 3 3 -8 8 
-5 3 3 4 1 -1 0 -2 1 2 -2 -2 
7 -2 2 4 3 3 3 6 8 8 6 -1 
5 5 -3 7 2 4 5 8 3 8 -6 2 
-8 2 -3 6 7 1 1 3 1 -8 5 5 
6 7 -3 -5 7 -1 7 6 3 8 6 1 
1 6 8 3 6 7 -1 7 -5 -3 7 6 
5 5 -8 1 3 1 1 7 6 -3 2 -8 
2 -6 8 3 8 5 4 2 7 -3 5 5 
-1 6 8 8 6 3 3 3 4 2 -2 7 
-2 -2 2 1 -2 0 -1 1 4 3 3 -5 
8 -8 3 3 7 -8 3 7 3 4 1 -4 
1 -4 8 3 7 2 4 8 6 -1 7 7 
5 4 6 6 8 2 -8 1 7 8 2 1 
7 2 8 2 5 8 -1 -5 6 5 6 6 
34
4
17 0
1 8
16 0
6 2
0 11
16 3
1 11
11 9
14
9 3 8
12 7 11
8 10 15
2 7 15
14 8 16
9 8 13
15 5 11
8 8 8
5 4 11
9 1 15
15 4 15
3 3 16
8 3 13
2 6 11
16
17 6
1 4
7 4
10 3
4 5
13 2
5 0
17 1
0 5
16 7
10 7
7 8
13 6
4 9
12 11
0 10
