20 20
-4 3 2 4 1 -1 -2 1 0 3 4 -3 2 3 0 2 4 2 3 2 
3 3 1 1 1 3 1 -3 0 1 -3 3 1 3 0 1 -4 4 4 4 
3 1 4 1 4 -3 0 -4 1 -4 -4 -4 2 -2 3 4 -4 2 -4 1 
0 1 1 2 -2 1 1 2 0 3 -4 2 3 3 4 -4 2 2 4 2 
-1 1 3 1 2 4 -1 0 2 4 3 4 1 -3 -1 -4 1 2 4 1 
-4 4 1 1 3 -1 3 -2 -4 3 1 1 1 2 4 2 -1 4 2 2 
1 -3 3 1 1 -1 1 3 3 3 4 2 -3 2 1 1 -3 -4 3 3 
4 3 0 1 -3 3 3 4 2 2 4 4 2 -3 2 -3 2 4 -4 3 
1 0 1 4 2 3 -4 1 3 4 1 -1 -2 3 3 1 4 -1 1 0 
4 0 3 2 3 0 0 -2 -2 -3 -4 1 2 -4 4 3 2 0 3 -1 
-1 3 0 2 3 4 -4 2 1 -4 -3 -2 -2 0 0 3 2 3 0 4 
0 1 -1 4 1 3 3 -2 -1 1 4 3 1 -4 3 2 4 1 0 1 
3 -4 4 2 -3 2 -3 2 4 4 2 2 4 3 3 -3 1 0 3 4 
3 3 -4 -3 1 1 2 -3 2 4 3 3 3 1 -1 1 1 3 -3 1 
2 2 4 -1 2 4 2 1 1 1 3 -4 -2 3 -1 3 1 1 4 -4 
1 4 2 1 -4 -1 -3 1 4 3 4 2 0 -1 4 2 1 3 1 -1 
2 4 2 2 -4 4 3 3 2 -4 3 0 2 1 1 -2 2 1 1 0 
1 -4 2 -4 4 3 -2 2 -4 -4 -4 1 -4 0 -3 4 1 4 1 3 
4 4 4 -4 1 0 3 1 3 -3 1 0 -3 1 3 1 1 1 3 3 
2 3 2 4 2 0 3 2 -3 4 3 0 1 -2 -1 1 4 2 3 -4 
30
4
3 17
11 4
13 10
17 16
16 2
8 15
6 9
2 3
10
10 13 9
6 10 11
18 19 12
18 17 11
6 15 14
9 6 9
13 9 11
1 0 12
1 2 11
13 4 14
0
