10 19
2 2 5 7 6 10 6 4 4 2 -2 -1 9 0 2 3 -11 -9 11 
3 5 9 8 6 5 2 8 -2 4 4 9 -1 -7 -3 -2 6 4 6 
11 -1 0 5 10 -3 7 9 9 7 3 2 11 5 9 7 7 6 5 
9 9 -1 2 5 -8 1 8 3 -3 -8 7 5 -4 1 11 4 -2 10 
-5 11 3 3 1 -4 -6 3 7 1 5 5 2 7 -3 7 4 5 11 
11 5 4 7 -3 7 2 5 5 1 7 3 -6 -4 1 3 3 11 -5 
10 -2 4 11 1 -4 5 7 -8 -3 3 8 1 -8 5 2 -1 9 9 
5 6 7 7 9 5 11 2 3 7 9 9 7 -3 10 5 0 -1 11 
6 4 6 -2 -3 -7 -1 9 4 4 -2 8 2 5 6 8 9 5 3 
11 -9 -11 3 2 0 9 -1 -2 2 4 4 6 10 6 7 5 2 2 
38
6
5 10
5 8
3 6
4 2
2 13
4 3
4 8
4 10
6 12
5 16
7 5
5 15
12
0 16 10
6 16 16
5 4 9
5 17 14
4 0 11
1 13 8
9 2 10
3 2 16
4 14 9
4 1 14
5 18 11
8 5 8
14
7 16
8 7
7 18
4 7
6 17
0 10
1 18
2 2
1 11
2 0
5 11
3 1
9 8
8 0
