20 20
5 5 6 2 5 0 6 6 5 -4 1 -2 6 5 2 6 1 1 0 -2 
-5 3 5 2 0 5 -1 5 3 3 2 -1 4 0 0 -4 4 3 5 4 
-1 4 2 0 4 -5 6 -1 0 5 -2 -1 4 1 2 1 5 -5 6 -2 
-3 5 1 2 6 3 5 -2 6 2 -4 -2 0 -2 5 2 2 3 2 0 
-4 5 1 3 4 2 2 0 -1 2 1 3 -6 -4 1 4 6 2 4 3 
0 4 1 -5 1 1 2 6 3 2 1 -2 -6 -4 2 2 -2 4 1 1 
-3 6 5 3 6 6 -6 3 5 -1 3 3 1 2 1 -5 3 0 4 6 
6 6 -3 6 2 1 0 6 4 -1 -1 -2 5 1 1 -2 3 1 2 0 
1 -2 5 3 2 -2 3 1 6 0 5 2 1 2 4 4 3 4 6 5 
2 3 1 1 -1 1 6 -4 4 -1 2 3 6 4 0 1 3 -5 1 -6 
-6 1 -5 3 1 0 4 6 3 2 -1 4 -4 6 1 -1 1 1 3 2 
5 6 4 3 4 4 2 1 2 5 0 6 1 3 -2 2 3 5 -2 1 
0 2 1 3 -2 1 1 5 -2 -1 -1 4 6 0 1 2 6 -3 6 6 
6 4 0 3 -5 1 2 1 3 3 -1 5 3 -6 6 6 3 5 6 -3 
1 1 4 -2 2 2 -4 -6 -2 1 2 3 6 2 1 1 -5 1 4 0 
3 4 2 6 4 1 -4 -6 3 1 2 -1 0 2 2 4 3 1 5 -4 
0 2 3 2 2 5 -2 0 -2 -4 2 6 -2 5 3 6 2 1 5 -3 
-2 6 -5 5 1 2 1 4 -1 -2 5 0 -1 6 -5 4 0 2 4 -1 
4 5 3 4 -4 0 0 4 -1 2 3 3 5 -1 5 0 2 5 3 -5 
-2 0 1 1 6 2 5 6 -2 1 -4 5 6 6 0 5 2 6 5 5 
57
5
3 8
12 14
14 13
11 7
15 5
16 11
7 5
5 6
8 12
4 14
14
13 19 10
2 18 14
15 13 8
17 8 14
9 4 8
18 13 13
9 8 8
6 0 10
17 1 14
4 6 8
2 11 14
10 15 8
1 6 13
10 11 8
0
