20 13
11 20 20 -12 21 0 6 15 7 7 4 -13 7 
18 1 2 1 -22 -3 5 22 19 4 3 16 7 
1 -17 18 19 15 8 21 6 3 5 4 4 9 
11 -9 9 0 -11 11 17 6 -18 12 -12 1 6 
13 -12 16 14 19 6 18 9 23 13 20 17 -18 
19 23 1 -6 9 16 -18 -3 7 20 18 -9 15 
10 9 7 8 4 -11 -1 2 11 15 -7 12 -12 
-18 -22 14 -2 20 3 -19 9 4 -23 16 6 10 
-14 22 7 20 4 12 20 11 18 18 -4 0 17 
5 0 16 15 18 16 21 15 -21 -22 -19 -13 -14 
-14 -13 -19 -22 -21 15 21 16 18 15 16 0 5 
17 0 -4 18 18 11 20 12 4 20 7 22 -14 
10 6 16 -23 4 9 -19 3 20 -2 14 -22 -18 
-12 12 -7 15 11 2 -1 -11 4 8 7 9 10 
15 -9 18 20 7 -3 -18 16 9 -6 1 23 19 
-18 17 20 13 23 9 18 6 19 14 16 -12 13 
6 1 -12 12 -18 6 17 11 -11 0 9 -9 11 
9 4 4 5 3 6 21 8 15 19 18 -17 1 
7 16 3 4 19 22 5 -3 -22 1 2 1 18 
7 -13 4 7 7 15 6 0 21 -12 20 20 11 
40
8
15 4
5 3
16 0
19 2
18 1
2 6
19 6
17 8
4 8
14 9
3 12
0 10
1 11
17 6
0 6
2 4
6
11 4 15
11 5 13
19 7 10
8 8 15
8 7 13
0 5 10
22
5 9
11 9
8 6
14 4
15 6
8 9
1 5
13 10
8 0
3 7
1 6
14 3
8 3
11 6
5 8
4 6
11 3
18 7
6 2
11 12
16 5
18 6
