15 15
3 4 1 -4 3 4 -4 0 -2 -4 0 2 4 0 -4 
0 2 -1 -4 1 1 0 0 -4 2 -1 3 2 1 3 
4 0 0 3 0 1 3 4 1 1 1 4 2 3 3 
4 1 1 1 1 1 0 1 -4 3 1 3 1 -1 1 
-2 2 2 4 4 4 4 3 -4 3 1 3 0 -2 -3 
2 0 -2 4 1 -3 0 1 2 -4 -1 1 3 4 0 
2 0 3 4 4 3 -2 1 3 0 1 0 1 0 3 
4 -4 -1 0 3 3 -1 1 -1 3 3 0 -1 -4 4 
3 0 1 0 1 0 3 1 -2 3 4 4 3 0 2 
0 4 3 1 -1 -4 2 1 0 -3 1 4 -2 0 2 
-3 -2 0 3 1 3 -4 3 4 4 4 4 2 2 -2 
1 -1 1 3 1 3 -4 1 0 1 1 1 1 1 4 
3 3 2 4 1 1 1 4 3 1 0 3 0 0 4 
3 1 2 3 -1 2 -4 0 0 1 1 -4 -1 2 0 
-4 0 4 2 0 -4 -2 0 -4 4 3 -4 1 4 3 
57
4
1 8
0 9
8 0
4 14
13 6
14 5
6 14
10 0
16
3 2 16
8 4 11
5 2 14
2 12 10
13 2 9
4 7 16
7 11 8
1 5 13
11 12 16
6 10 11
9 12 14
12 2 10
1 12 9
10 7 16
7 3 8
13 9 13
22
7 10
0 3
3 5
6 8
11 6
2 13
0 5
12 10
9 5
5 10
9 0
7 4
14 11
11 9
8 6
3 8
12 1
14 9
2 4
5 9
9 4
5 14
