20 20
4 5 5 -5 0 2 4 5 1 3 6 3 5 4 -2 -4 6 5 5 -2 
1 2 2 -1 4 4 -5 -3 0 1 -6 1 2 5 3 6 2 5 4 1 
4 4 4 4 4 0 5 3 2 1 6 3 0 3 -2 6 1 -4 2 6 
4 -3 -1 3 3 -5 1 6 3 0 5 1 4 2 -2 0 -2 2 3 0 
-2 4 0 0 1 1 4 3 -6 2 1 6 6 6 -1 -2 2 1 0 -5 
5 -5 0 1 4 4 6 -6 6 3 0 2 3 -6 -1 3 4 3 -3 2 
5 -3 -5 -5 -4 2 2 3 1 4 1 1 0 0 3 6 -5 1 2 0 
6 3 5 5 0 6 1 1 3 4 4 0 5 0 6 -2 4 -3 1 4 
4 6 -2 -6 3 4 -2 -5 4 1 4 2 3 6 6 -4 3 6 1 1 
5 5 5 6 -6 0 5 4 6 -1 4 -5 6 1 1 -1 3 1 2 5 
5 2 1 3 -1 1 1 6 -5 4 -1 6 4 5 0 -6 6 5 5 5 
1 1 6 3 -4 6 6 3 2 4 1 4 -5 -2 4 3 -6 -2 6 4 
4 1 -3 4 -2 6 0 5 0 4 4 3 1 1 6 0 5 5 3 6 
0 2 1 -5 6 3 0 0 1 1 4 1 3 2 2 -4 -5 -5 -3 5 
2 -3 3 4 3 -1 -6 3 2 0 3 6 -6 6 4 4 1 0 -5 5 
-5 0 1 2 -2 -1 6 6 6 1 2 -6 3 4 1 1 0 0 4 -2 
0 3 2 -2 0 -2 2 4 1 5 0 3 6 1 -5 3 3 -1 -3 4 
6 2 -4 1 6 -2 3 0 3 6 1 2 3 5 0 4 4 4 4 4 
1 4 5 2 6 3 5 2 1 -6 1 0 -3 -5 4 4 -1 2 2 1 
-2 5 5 6 -4 -2 4 5 3 6 3 1 5 4 2 0 -5 5 5 4 
42
3
6 12
13 11
17 19
13 7
6 8
2 0
20
18 14 15
2 5 14
4 0 15
0 14 14
4 5 10
10 19 12
16 11 10
10 11 9
2 6 12
18 5 8
1 5 15
17 14 14
15 19 15
19 5 14
15 14 10
9 0 12
3 8 10
9 8 9
17 13 12
1 14 8
0
