18 13
9 10 6 11 -2 2 -4 4 11 -8 6 2 11 
3 -1 11 11 9 4 4 2 -8 5 11 10 11 
3 2 6 2 2 6 8 6 9 1 7 0 1 
10 5 10 9 10 4 -9 8 5 3 -4 11 -8 
-9 7 2 9 8 10 5 8 8 -3 6 3 -5 
4 0 8 10 -3 -6 -11 3 8 7 2 1 -3 
6 -2 2 8 7 -3 -9 -6 9 -10 -7 9 3 
-3 1 7 5 10 8 3 3 -7 1 8 5 3 
1 6 -5 1 10 0 3 9 -8 3 -2 -6 7 
7 -6 -2 3 -8 9 3 0 10 1 -5 6 1 
3 5 8 1 -7 3 3 8 10 5 7 1 -3 
3 9 -7 -10 9 -6 -9 -3 7 8 2 -2 6 
-3 1 2 7 8 3 -11 -6 -3 10 8 0 4 
-5 3 6 -3 8 8 5 10 8 9 2 7 -9 
-8 11 -4 3 5 8 -9 4 10 9 10 5 10 
1 0 7 1 9 6 8 6 2 2 6 2 3 
11 10 11 5 -8 2 4 4 9 11 11 -1 3 
11 2 6 -8 11 4 -4 2 -2 11 6 10 9 
59
7
17 8
11 4
6 3
7 10
14 7
7 1
6 2
0 4
6 8
11 9
10 2
3 5
10 11
11 10
12
9 1 14
7 2 9
3 6 10
9 7 13
4 11 9
5 1 8
8 11 14
10 10 9
14 6 10
8 5 13
13 1 9
12 11 8
18
4 6
8 9
0 10
13 3
12 2
1 12
16 12
10 7
15 0
13 6
9 3
17 2
4 9
5 10
16 0
1 0
7 5
2 12
