20 20
9 0 7 -4 3 13 8 1 7 -7 8 -4 0 -3 2 2 8 5 2 0 
7 2 7 6 5 -5 0 4 10 5 -13 13 6 1 9 6 -10 0 -9 8 
7 -3 6 6 1 11 1 -4 11 3 10 3 13 6 10 5 5 8 -3 9 
13 6 10 0 4 2 3 8 11 9 7 0 2 11 -10 9 13 10 9 -6 
0 4 6 13 7 10 -8 1 13 5 1 3 10 4 4 -9 12 -2 6 10 
12 -8 9 -13 0 11 12 5 1 10 10 8 -6 4 -10 12 5 2 6 7 
7 -4 7 6 -4 12 -11 10 8 1 11 5 7 11 1 2 1 12 6 -2 
10 1 10 0 5 8 9 13 9 12 10 13 4 11 9 2 4 12 -4 7 
-4 6 7 13 -4 2 13 1 10 6 1 9 12 3 9 5 -12 4 8 13 
8 2 11 -13 10 8 9 12 13 13 2 -12 5 5 -13 6 -13 11 6 -2 
-2 6 11 -13 6 -13 5 5 -12 2 13 13 12 9 8 10 -13 11 2 8 
13 8 4 -12 5 9 3 12 9 1 6 10 1 13 2 -4 13 7 6 -4 
7 -4 12 4 2 9 11 4 13 10 12 9 13 9 8 5 0 10 1 10 
-2 6 12 1 2 1 11 7 5 11 1 8 10 -11 12 -4 6 7 -4 7 
7 6 2 5 12 -10 4 -6 8 10 10 1 5 12 11 0 -13 9 -8 12 
10 6 -2 12 -9 4 4 10 3 1 5 13 1 -8 10 7 13 6 4 0 
-6 9 10 13 9 -10 11 2 0 7 9 11 8 3 2 4 0 10 6 13 
9 -3 8 5 5 10 6 13 3 10 3 11 -4 1 11 1 6 6 -3 7 
8 -9 0 -10 6 9 1 6 13 -13 5 10 4 0 -5 5 6 7 2 7 
0 2 5 8 2 2 -3 0 -4 8 -7 7 1 8 13 3 -4 7 0 9 
59
5
16 2
16 12
16 1
10 12
5 12
3 17
3 7
3 18
9 7
14 7
6
10 2 9
4 16 13
13 7 8
9 17 9
15 3 13
6 12 8
0
