12 18
-11 -6 6 7 11 3 2 12 11 -8 -9 4 -7 -11 -9 11 2 -1 
10 8 7 10 8 11 9 4 -9 -1 8 8 8 11 4 4 6 13 
1 11 7 3 13 10 6 9 -12 10 -6 13 -9 12 8 2 -8 13 
6 8 -4 5 11 4 4 10 12 -2 -9 10 7 4 -2 3 -13 9 
-3 6 13 -9 2 4 11 6 -4 10 11 13 5 12 1 6 -7 11 
-6 8 12 2 -5 -3 1 -9 6 13 -8 10 9 0 6 11 -2 2 
2 -2 11 6 0 9 10 -8 13 6 -9 1 -3 -5 2 12 8 -6 
11 -7 6 1 12 5 13 11 10 -4 6 11 4 2 -9 13 6 -3 
9 -13 3 -2 4 7 10 -9 -2 12 10 4 4 11 5 -4 8 6 
13 -8 2 8 12 -9 13 -6 10 -12 9 6 10 13 3 7 11 1 
13 6 4 4 11 8 8 8 -1 -9 4 9 11 8 10 7 8 10 
-1 2 11 -9 -11 -7 4 -9 -8 11 12 2 3 11 7 6 -6 -11 
45
6
1 14
11 3
11 15
1 8
9 3
1 6
10 3
0 14
0 2
10 9
2 14
10 11
20
11 17 15
1 2 14
6 5 10
7 4 9
7 6 8
11 2 12
2 5 16
0 17 14
9 14 8
6 10 14
0 0 15
10 15 14
5 12 10
4 13 9
4 11 8
0 15 12
9 12 16
11 0 14
2 3 8
5 7 14
14
4 8
4 9
2 15
1 16
8 4
10 0
4 5
7 9
7 8
9 2
10 1
3 13
1 17
7 12
