20 20
5 1 -1 3 -5 5 -5 -2 3 1 0 -3 -6 1 5 5 0 3 -1 0 
6 -1 3 4 6 6 -2 -6 3 3 4 1 5 -6 -2 -6 4 2 -1 2 
-1 -6 -1 -5 1 4 0 3 -1 2 -1 2 -1 -3 6 6 1 4 0 2 
5 6 -2 0 6 1 -4 5 1 -5 -4 3 6 6 -5 5 1 2 2 6 
0 -4 0 6 0 2 1 1 3 6 3 5 4 4 3 -6 3 1 1 4 
-5 3 1 1 5 3 6 6 2 6 0 0 -3 1 5 1 6 -1 6 -5 
3 6 5 -4 1 5 -1 6 -3 4 6 1 2 2 -3 4 5 6 3 -2 
4 4 0 -3 1 -3 3 0 -4 4 1 -3 -1 -1 6 4 3 -1 6 1 
6 4 3 2 6 1 6 4 -3 0 3 -2 4 -2 0 6 -6 2 6 1 
5 4 3 2 5 -2 2 1 2 4 3 1 2 -6 0 0 3 -2 1 5 
5 1 -2 3 0 0 -6 2 1 3 4 2 1 2 -2 5 2 3 4 5 
1 6 2 -6 6 0 -2 4 -2 3 0 -3 4 6 1 6 2 3 4 6 
1 6 -1 3 4 6 -1 -1 -3 1 4 -4 0 3 -3 1 -3 0 4 4 
-2 3 6 5 4 -3 2 2 1 6 4 -3 6 -1 5 1 -4 5 6 3 
-5 6 -1 6 1 5 1 -3 0 0 6 2 6 6 3 5 1 1 3 -5 
4 1 1 3 -6 3 4 4 5 3 6 3 1 1 2 0 6 0 -4 0 
6 2 2 1 5 -5 6 6 3 -4 -5 1 5 -4 1 6 0 -2 6 5 
2 0 4 1 6 6 -3 -1 2 -1 2 -1 3 0 4 1 -5 -1 -6 -1 
2 -1 2 4 -6 -2 -6 5 1 4 3 3 -6 -2 6 6 4 3 -1 6 
0 -1 3 0 5 5 1 -6 -3 0 1 3 -2 -5 5 -5 3 -1 1 5 
43
7
18 12
11 2
7 19
16 6
15 6
0 7
3 4
1 7
8 17
12 0
3 13
4 13
19 12
16 15
6
10 13 9
19 11 15
4 11 12
9 6 9
0 8 15
15 8 12
0
