12 19
-4 -6 -9 8 0 4 -3 7 -7 -7 4 9 2 3 2 -6 7 -2 4 
1 8 10 -1 4 7 2 5 9 4 6 10 8 7 1 9 2 10 -9 
10 9 -7 5 7 4 1 7 7 6 -5 3 6 7 2 0 8 -4 6 
8 4 6 -2 5 -10 4 -8 4 5 9 7 -3 6 8 8 -9 -5 1 
9 2 1 3 9 -9 -6 2 4 1 -3 5 5 1 5 8 2 -10 10 
9 4 10 0 9 5 7 2 4 5 6 3 1 6 1 9 1 10 0 
0 10 1 9 1 6 1 3 6 5 4 2 7 5 9 0 10 4 9 
10 -10 2 8 5 1 5 5 -3 1 4 2 -6 -9 9 3 1 2 9 
1 -5 -9 8 8 6 -3 7 9 5 4 -8 4 -10 5 -2 6 4 8 
6 -4 8 0 2 7 6 3 -5 6 7 7 1 4 7 5 -7 9 10 
-9 10 2 9 1 7 8 10 6 4 9 5 2 7 4 -1 10 8 1 
4 -2 7 -6 2 3 2 9 4 -7 -7 7 -3 4 0 8 -9 -6 -4 
59
5
7 13
11 4
5 1
5 6
4 0
4 5
0 14
6 17
6 12
7 18
20
6 8 11
5 3 16
2 3 8
5 16 11
7 8 16
3 9 11
8 11 14
2 6 13
2 11 14
4 15 12
5 10 11
6 15 16
9 15 8
6 2 11
4 10 16
8 9 11
3 7 14
9 12 13
9 7 14
7 3 12
22
5 18
11 9
6 10
4 1
4 16
7 14
6 18
11 3
2 10
7 16
9 16
6 0
0 9
5 8
7 17
7 2
4 4
5 0
0 15
9 8
4 2
2 2
