20 20
10 6 -6 8 9 3 -14 6 9 -13 -12 -6 -14 -6 7 3 0 7 13 -14 
13 3 -12 11 -3 3 7 7 3 13 14 14 8 2 8 11 9 1 -1 10 
0 10 12 6 13 11 7 12 12 -3 -3 -9 8 13 4 1 4 -8 -8 -1 
-2 14 14 5 12 9 -10 10 1 5 -11 -8 14 10 10 -4 11 8 -12 -6 
3 14 -5 1 9 -4 4 9 14 -13 7 11 2 11 2 5 11 7 -11 9 
6 5 8 11 4 14 6 5 0 5 -3 10 -2 10 11 7 10 10 2 12 
13 1 14 1 12 3 1 13 3 13 13 14 -1 3 4 1 -7 13 0 -11 
9 -2 -9 -14 2 13 -1 -5 -7 -6 9 4 5 -4 -4 -4 4 9 -11 2 
2 5 -3 0 2 10 14 3 4 1 -10 8 6 4 -14 -1 -4 -8 3 3 
2 11 2 12 1 10 -14 -12 -14 14 6 4 -6 9 -1 0 10 14 -10 3 
3 -10 14 10 0 -1 9 -6 4 6 14 -14 -12 -14 10 1 12 2 11 2 
3 3 -8 -4 -1 -14 4 6 8 -10 1 4 3 14 10 2 0 -3 5 2 
2 -11 9 4 -4 -4 -4 5 4 9 -6 -7 -5 -1 13 2 -14 -9 -2 9 
-11 0 13 -7 1 4 3 -1 14 13 13 3 13 1 3 12 1 14 1 13 
12 2 10 10 7 11 10 -2 10 -3 5 0 5 6 14 4 11 8 5 6 
9 -11 7 11 5 2 11 2 11 7 -13 14 9 4 -4 9 1 -5 14 3 
-6 -12 8 11 -4 10 10 14 -8 -11 5 1 10 -10 9 12 5 14 14 -2 
-1 -8 -8 4 1 4 13 8 -9 -3 -3 12 12 7 11 13 6 12 10 0 
10 -1 1 9 11 8 2 8 14 14 13 3 7 7 3 -3 11 -12 3 13 
-14 13 7 0 3 7 -6 -14 -6 -12 -13 9 6 -14 3 9 8 -6 6 10 
40
5
1 0
7 10
3 13
2 8
8 16
18 19
12 9
16 6
17 11
11 3
10
9 12 13
3 11 13
2 6 15
2 16 13
18 4 15
10 7 13
16 8 13
17 13 15
17 3 13
1 15 15
0
