10 19
1 0 3 3 1 1 2 1 1 -1 0 1 0 1 3 2 3 3 3 
2 -2 1 3 2 0 3 -3 -2 2 2 1 1 2 -1 2 0 1 2 
-3 3 -3 1 -2 1 1 1 -1 3 2 3 0 -2 0 -1 -3 -3 3 
1 3 3 2 -3 -1 2 2 1 2 0 1 3 2 1 3 -1 3 2 
2 2 1 2 1 2 3 3 1 -1 3 1 1 -3 1 -2 1 3 2 
2 3 1 -2 1 -3 1 1 3 -1 1 3 3 2 1 2 1 2 2 
2 3 -1 3 1 2 3 1 0 2 1 2 2 -1 -3 2 3 3 1 
3 -3 -3 -1 0 -2 0 3 2 3 -1 1 1 1 -2 1 -3 3 -3 
2 1 0 2 -1 2 1 1 2 2 -2 -3 3 0 2 3 1 -2 2 
3 3 3 2 3 1 0 1 0 -1 1 1 2 1 1 3 3 0 1 
30
8
3 12
2 12
2 7
5 0
6 14
9 4
6 13
7 5
6 6
7 6
7 11
4 18
3 4
0 14
3 5
2 13
12
4 11 11
1 5 13
0 6 10
4 8 13
7 3 8
2 14 15
5 7 11
8 13 13
9 12 10
5 10 13
2 15 8
7 4 15
14
7 16
2 9
2 4
0 12
1 7
1 9
5 17
2 2
7 9
7 14
9 6
8 11
8 9
4 1
