19 16
9 9 -15 -2 -8 15 10 10 14 9 2 4 12 -8 5 -11 
5 8 6 7 12 6 -14 10 0 3 0 2 16 16 -11 -3 
6 11 3 9 15 -14 14 12 5 8 -1 10 0 12 6 -6 
-16 13 9 15 13 1 10 14 1 5 16 -3 13 13 -9 5 
-7 -3 15 -15 7 4 -13 9 -16 0 16 3 7 15 15 13 
-5 2 -12 -10 15 15 3 -2 10 11 12 -5 6 6 5 10 
9 14 0 4 -6 -16 -7 -15 7 3 0 15 12 1 8 0 
-1 0 3 15 -12 0 6 9 8 -13 4 6 13 13 -5 -9 
7 10 -9 15 5 1 12 12 13 6 -13 2 3 3 2 7 
12 -8 10 4 8 16 16 -11 -11 16 16 8 4 10 -8 12 
7 2 3 3 2 -13 6 13 12 12 1 5 15 -9 10 7 
-9 -5 13 13 6 4 -13 8 9 6 0 -12 15 3 0 -1 
0 8 1 12 15 0 3 7 -15 -7 -16 -6 4 0 14 9 
10 5 6 6 -5 12 11 10 -2 3 15 15 -10 -12 2 -5 
13 15 15 7 3 16 0 -16 9 -13 4 7 -15 15 -3 -7 
5 -9 13 13 -3 16 5 1 14 10 1 13 15 9 13 -16 
-6 6 12 0 10 -1 8 5 12 14 -14 15 9 3 11 6 
-3 -11 16 16 2 0 3 0 10 -14 6 12 7 6 8 5 
-11 5 -8 12 4 2 9 14 10 10 15 -8 -2 -15 9 9 
38
6
16 14
16 0
1 14
1 15
6 2
8 0
2 1
2 15
17 1
17 0
12 13
10 15
8
1 5 12
1 2 12
17 3 15
4 14 14
17 10 12
17 13 12
1 12 15
14 1 14
22
12 8
7 3
0 13
13 9
7 15
14 0
16 4
17 6
9 0
13 6
13 5
6 7
11 12
18 2
5 6
11 0
4 15
2 11
1 9
9 15
5 9
5 10
