12 17
20 15 20 -27 11 8 26 18 19 13 -19 13 25 -19 -17 22 10 
27 0 14 27 5 -2 23 -25 18 3 -16 -28 10 14 14 2 -22 
21 -7 9 -7 3 13 -27 -20 -19 14 -5 22 21 12 12 -23 -17 
8 17 8 -16 4 28 -3 22 17 14 16 -3 25 13 4 5 9 
12 9 -21 14 -9 17 -3 -17 5 8 21 15 0 18 10 27 21 
10 6 15 25 1 17 16 9 -4 -20 9 12 12 -27 13 7 19 
19 7 13 -27 12 12 9 -20 -4 9 16 17 1 25 15 6 10 
21 27 10 18 0 15 21 8 5 -17 -3 17 -9 14 -21 9 12 
9 5 4 13 25 -3 16 14 17 22 -3 28 4 -16 8 17 8 
-17 -23 12 12 21 22 -5 14 -19 -20 -27 13 3 -7 9 -7 21 
-22 2 14 14 10 -28 -16 3 18 -25 23 -2 5 27 14 0 27 
10 22 -17 -19 25 13 -19 13 19 18 26 8 11 -27 20 15 20 
41
3
10 14
9 8
8 4
1 2
2 8
3 12
16
8 16 8
3 14 14
0 11 8
10 9 15
10 5 13
9 0 8
6 8 13
8 9 12
3 0 8
8 2 14
11 5 8
1 7 15
1 11 13
2 16 8
5 8 13
3 7 12
20
1 13
1 4
1 6
2 14
7 10
6 11
3 6
4 8
1 14
9 7
10 3
10 12
10 10
9 2
4 6
5 5
8 10
7 8
10 2
2 9
