14 14
-10 6 -9 4 3 -13 -13 10 9 8 5 3 13 11 
5 -13 10 6 10 -9 6 8 0 4 8 1 7 5 
-11 1 8 8 4 10 7 12 3 8 -6 -3 9 8 
13 6 7 8 5 -2 1 7 -6 -12 10 -4 3 -12 
10 0 4 9 1 6 -3 -12 4 3 1 13 4 2 
3 9 13 -9 5 4 -10 3 4 7 4 12 11 5 
2 2 -3 1 10 3 -13 -8 9 0 -4 9 0 -10 
-10 0 9 -4 0 9 -8 -13 3 10 1 -3 2 2 
5 11 12 4 7 4 3 -10 4 5 -9 13 9 3 
2 4 13 1 3 4 -12 -3 6 1 9 4 0 10 
-12 3 -4 10 -12 -6 7 1 -2 5 8 7 6 13 
8 9 -3 -6 8 3 12 7 10 4 8 8 1 -11 
5 7 1 8 4 0 8 6 -9 10 6 10 -13 5 
11 13 3 5 8 9 10 -13 -13 3 4 -9 6 -10 
44
6
2 10
4 12
6 3
13 6
2 1
12 13
11 3
9 1
7 10
0 7
11 12
1 0
14
7 5 8
13 7 11
12 7 13
11 7 11
1 11 13
12 3 16
1 7 14
6 8 8
0 6 11
1 6 13
2 6 11
12 2 13
1 10 16
12 6 14
12
9 0
5 4
3 4
8 12
9 11
7 12
4 13
8 9
10 9
5 1
4 2
6 1
