20 20
9 -1 1 8 9 1 -9 5 6 -2 7 7 -6 8 9 -2 -4 2 -1 -2 
5 2 3 3 4 6 8 -4 4 6 -3 1 -5 4 3 4 -4 4 2 6 
0 -4 9 4 4 5 5 5 4 6 3 3 9 -6 2 6 1 1 9 4 
-8 2 1 0 4 8 -4 1 8 7 9 8 -5 8 2 9 6 1 -8 3 
3 0 5 7 -9 3 -1 7 8 -2 4 -2 1 5 3 -2 -9 1 -5 -7 
8 7 1 8 8 9 0 4 8 -8 7 9 3 7 7 1 9 4 -6 0 
2 2 5 3 8 4 1 3 5 8 3 7 -9 3 2 3 -7 8 9 4 
2 5 6 3 5 -8 5 8 2 6 -3 8 4 9 -2 6 5 -6 -7 -7 
-8 3 1 -4 -7 0 5 7 9 5 2 1 -5 6 -2 -2 5 7 9 9 
0 -5 -4 6 -2 1 3 5 -1 0 5 9 5 1 1 6 7 4 9 6 
6 9 4 7 6 1 1 5 9 5 0 -1 5 3 1 -2 6 -4 -5 0 
9 9 7 5 -2 -2 6 -5 1 2 5 9 7 5 0 -7 -4 1 3 -8 
-7 -7 -6 5 6 -2 9 4 8 -3 6 2 8 5 -8 5 3 6 5 2 
4 9 8 -7 3 2 3 -9 7 3 8 5 3 1 4 8 3 5 2 2 
0 -6 4 9 1 7 7 3 9 7 -8 8 4 0 9 8 8 1 7 8 
-7 -5 1 -9 -2 3 5 1 -2 4 -2 8 7 -1 3 -9 7 5 0 3 
3 -8 1 6 9 2 8 -5 8 9 7 8 1 -4 8 4 0 1 2 -8 
4 9 1 1 6 2 -6 9 3 3 6 4 5 5 5 4 4 9 -4 0 
6 2 4 -4 4 3 4 -5 1 -3 6 4 -4 8 6 4 3 3 2 5 
-2 -1 2 -4 -2 9 8 -6 7 7 -2 6 5 -9 1 9 8 1 -1 9 
46
5
2 18
5 13
17 8
13 9
16 13
17 1
14 6
2 11
6 10
3 6
10
19 2 12
17 4 15
13 0 9
17 16 16
17 9 9
0 17 12
2 15 15
6 19 9
2 3 16
2 10 9
0
