20 20
2 2 3 -1 1 -2 0 0 -2 0 1 3 2 2 2 3 1 0 3 3 
-2 -3 1 3 -2 3 0 -1 3 3 2 2 -1 2 3 2 1 3 2 0 
-2 3 3 0 1 2 3 -2 2 0 1 1 1 -2 3 -1 -2 2 -2 -3 
2 1 2 0 3 3 -3 3 3 2 3 3 3 1 3 1 3 2 1 3 
2 1 -2 0 2 -3 0 -1 2 -1 1 -3 3 1 0 2 0 2 1 2 
3 3 -1 2 1 3 -3 3 2 -2 0 0 -3 1 -2 -2 0 -2 3 3 
1 3 3 1 3 1 -2 1 3 3 0 2 3 3 3 0 3 -1 -3 3 
0 -1 0 3 2 2 1 1 2 2 0 3 0 0 -3 -2 1 3 2 0 
-1 3 2 -2 2 1 2 2 1 1 0 1 3 3 2 0 -1 1 3 -1 
2 -3 1 2 3 -2 2 2 0 3 -3 2 -3 -3 0 -2 -2 -2 2 0 
0 2 -2 -2 -2 0 -3 -3 2 -3 3 0 2 2 -2 3 2 1 -3 2 
-1 3 1 -1 0 2 3 3 1 0 1 1 2 2 1 2 -2 2 3 -1 
0 2 3 1 -2 -3 0 0 3 0 2 2 1 1 2 2 3 0 -1 0 
3 -3 -1 3 0 3 3 3 2 0 3 3 1 -2 1 3 1 3 3 1 
3 3 -2 0 -2 -2 1 -3 0 0 -2 2 3 -3 3 1 2 -1 3 3 
2 1 2 0 2 0 1 3 -3 1 -1 2 -1 0 -3 2 0 -2 1 2 
3 1 2 3 1 3 1 3 3 3 2 3 3 -3 3 3 0 2 1 2 
-3 -2 2 -2 -1 3 -2 1 1 1 0 2 -2 3 2 1 0 3 3 -2 
0 2 3 1 2 3 2 -1 2 2 3 3 -1 0 3 -2 3 1 -3 -2 
3 3 0 1 3 2 2 2 3 1 0 -2 0 0 -2 1 -1 3 2 2 
42
6
17 14
9 6
11 10
0 12
15 2
10 3
2 5
10 13
8 9
19 7
4 17
9 16
8
12 5 12
16 17 11
14 0 14
1 18 13
7 14 12
3 2 11
5 19 14
18 1 13
0
