16 16
18 -4 11 3 -16 -14 -17 19 -19 10 8 13 16 5 13 7 
1 20 6 13 -7 13 17 3 -9 9 14 8 14 7 -10 1 
17 -15 10 14 8 6 2 4 -9 18 9 4 3 4 13 6 
-7 7 -17 -19 12 12 0 2 13 19 11 -8 -6 15 17 -7 
-13 18 -5 -13 4 -20 6 12 -11 -9 -19 8 -15 6 10 12 
4 1 16 -2 17 13 -13 20 12 20 19 14 13 18 9 8 
-15 8 10 -1 -2 4 8 11 3 -10 10 20 9 14 3 1 
18 -16 -1 -4 7 -18 -13 -16 19 17 -14 7 4 16 10 -14 
-14 10 16 4 7 -14 17 19 -16 -13 -18 7 -4 -1 -16 18 
1 3 14 9 20 10 -10 3 11 8 4 -2 -1 10 8 -15 
8 9 18 13 14 19 20 12 20 -13 13 17 -2 16 1 4 
12 10 6 -15 8 -19 -9 -11 12 6 -20 4 -13 -5 18 -13 
-7 17 15 -6 -8 11 19 13 2 0 12 12 -19 -17 7 -7 
6 13 4 3 4 9 18 -9 4 2 6 8 14 10 -15 17 
1 -10 7 14 8 14 9 -9 3 17 13 -7 13 6 20 1 
7 13 5 16 13 8 10 -19 19 -17 -14 -16 3 11 -4 18 
48
4
5 15
8 9
7 1
0 8
10 0
7 6
8 14
15 7
18
7 11 16
7 4 16
9 8 13
10 12 16
5 6 9
2 8 13
10 8 11
4 9 9
10 6 11
8 4 16
8 11 16
6 7 13
5 3 16
10 9 9
13 7 13
5 7 11
11 6 9
5 9 11
16
2 5
0 14
7 14
13 8
7 10
0 13
10 3
12 2
13 10
15 1
8 1
2 7
8 5
15 2
5 12
3 13
