10 19
3 6 -1 -7 4 0 6 -7 1 -6 0 -2 5 1 3 7 0 8 7 
-7 1 4 5 -3 -5 0 -3 6 2 1 -5 5 -3 8 1 1 0 -3 
-3 2 -8 1 7 4 5 6 -8 5 4 1 -3 0 2 6 1 5 7 
1 8 0 5 0 4 4 0 5 -8 3 3 -4 1 5 1 -7 -5 3 
8 6 1 2 8 -2 1 1 -7 2 -5 5 4 2 -2 7 2 -8 3 
3 -8 2 7 -2 2 4 5 -5 2 -7 1 1 -2 8 2 1 6 8 
3 -5 -7 1 5 1 -4 3 3 -8 5 0 4 4 0 5 0 8 1 
7 5 1 6 2 0 -3 1 4 5 -8 6 5 4 7 1 -8 2 -3 
-3 0 1 1 8 -3 5 -5 1 2 6 -3 0 -5 -3 5 4 1 -7 
7 8 0 7 3 1 5 -2 0 -6 1 -7 6 0 4 -7 -1 6 3 
56
4
5 15
7 5
0 10
5 3
4 3
2 13
9 8
4 15
12
9 10 13
6 17 10
4 18 8
7 11 9
8 17 8
0 5 13
0 8 13
3 1 10
5 0 8
2 7 9
1 1 8
9 13 13
12
4 8
3 6
2 18
6 2
9 1
8 10
5 10
6 12
7 0
3 16
0 17
1 8
