16 10
-11 8 -4 0 11 10 10 13 12 -4 
0 -3 2 13 0 14 10 7 7 -6 
2 5 3 15 13 0 5 -3 -4 15 
-15 3 -13 -16 5 13 -8 7 6 11 
-7 5 2 5 -11 7 8 12 11 3 
9 6 3 7 10 14 11 3 -7 -10 
-9 9 8 0 16 3 8 13 -16 11 
-9 13 2 6 3 7 15 4 -7 12 
12 -7 4 15 7 3 6 2 13 -9 
11 -16 13 8 3 16 0 8 9 -9 
-10 -7 3 11 14 10 7 3 6 9 
3 11 12 8 7 -11 5 2 5 -7 
11 6 7 -8 13 5 -16 -13 3 -15 
15 -4 -3 5 0 13 15 3 5 2 
-6 7 7 10 14 0 13 2 -3 0 
-4 12 13 10 10 11 0 -4 8 -11 
55
8
11 9
13 6
1 0
2 6
12 8
13 4
3 9
0 8
4 0
2 3
14 9
13 3
3 1
2 5
12 0
15 1
10
3 7 9
15 6 10
12 7 13
6 9 11
7 9 14
12 2 9
0 3 10
3 2 13
9 0 11
8 0 14
10
5 3
11 8
5 8
4 9
14 1
10 6
4 1
10 1
11 0
1 8
