11 12
14 -11 -15 -3 -15 -8 7 4 -6 -9 3 9 
1 8 10 -2 13 0 12 5 -1 4 15 8 
6 3 1 15 4 5 9 -5 4 -5 3 5 
7 14 -15 11 14 9 11 12 8 14 5 8 
5 4 11 -6 9 15 11 8 15 -5 -11 -6 
3 11 8 8 11 11 11 11 8 8 11 3 
-6 -11 -5 15 8 11 15 9 -6 11 4 5 
8 5 14 8 12 11 9 14 11 -15 14 7 
5 3 -5 4 -5 9 5 4 15 1 3 6 
8 15 4 -1 5 12 0 13 -2 10 8 1 
9 3 -9 -6 4 7 -8 -15 -3 -15 -11 14 
36
6
8 7
9 10
3 4
0 11
6 0
3 8
2 4
1 1
7 7
10 0
4 11
7 3
16
1 4 11
5 1 11
1 0 11
3 5 12
3 6 8
5 11 11
6 11 8
9 2 13
9 7 11
5 10 11
9 11 11
7 6 12
7 5 8
5 0 11
4 0 8
1 9 13
10
0 6
10 2
3 7
7 1
0 8
10 5
0 9
7 4
3 10
10 3
