13 17
0 16 10 7 13 -12 2 13 6 16 10 13 10 11 2 14 15 
11 10 3 11 -14 9 1 6 5 14 5 -2 10 10 -12 13 12 
-14 -9 -15 -4 4 6 5 10 0 -13 10 8 -15 -4 13 4 -1 
-16 11 -12 14 -1 -2 0 -2 -16 -4 15 10 -16 -8 16 -13 -14 
-15 7 14 -4 -5 -16 16 13 14 13 2 -15 -15 3 14 4 -1 
-12 -10 -15 4 -14 -9 -9 -11 12 -8 1 0 14 9 2 15 -9 
15 15 0 -1 7 9 3 4 -16 4 3 9 7 -1 0 15 15 
-9 15 2 9 14 0 1 -8 12 -11 -9 -9 -14 4 -15 -10 -12 
-1 4 14 3 -15 -15 2 13 14 13 16 -16 -5 -4 14 7 -15 
-14 -13 16 -8 -16 10 15 -4 -16 -2 0 -2 -1 14 -12 11 -16 
-1 4 13 -4 -15 8 10 -13 0 10 5 6 4 -4 -15 -9 -14 
12 13 -12 10 10 -2 5 14 5 6 1 9 -14 11 3 10 11 
15 14 2 11 10 13 10 16 6 13 2 -12 13 7 10 16 0 
33
2
6 11
5 15
6 5
7 1
8
8 2 10
2 1 8
11 12 13
4 7 9
4 14 10
10 15 8
1 4 13
8 9 9
20
6 16
10 0
7 15
11 8
6 14
6 15
2 9
7 11
5 9
7 9
6 0
2 16
5 1
1 8
6 2
6 1
10 7
5 5
7 7
5 7
