11 18
12 -1 8 22 18 22 13 20 22 11 10 15 -21 0 -25 -18 12 3 
11 24 10 4 9 -15 7 13 12 -26 22 5 22 20 18 -21 22 -12 
10 -21 -2 15 26 6 -21 16 -9 19 -16 4 18 0 4 16 -4 22 
8 13 10 13 6 -11 15 -12 14 16 -3 19 12 24 9 12 7 -8 
11 21 21 -14 3 -26 16 5 23 17 8 -3 24 8 12 5 -5 13 
8 -14 -9 -22 -11 -11 4 -18 16 16 -18 4 -11 -11 -22 -9 -14 8 
13 -5 5 12 8 24 -3 8 17 23 5 16 -26 3 -14 21 21 11 
-8 7 12 9 24 12 19 -3 16 14 -12 15 -11 6 13 10 13 8 
22 -4 16 4 0 18 4 -16 19 -9 16 -21 6 26 15 -2 -21 10 
-12 22 -21 18 20 22 5 22 -26 12 13 7 -15 9 4 10 24 11 
3 12 -18 -25 0 -21 15 10 11 22 20 13 22 18 22 8 -1 12 
43
5
1 16
1 14
8 2
3 11
3 2
9 1
9 3
2 15
7 6
7 15
16
4 11 11
10 16 9
0 12 10
0 10 11
4 7 8
8 10 11
3 0 10
10 14 16
6 6 11
0 1 9
10 5 10
10 7 11
6 10 8
2 7 11
7 17 10
0 3 16
12
6 8
5 11
7 11
0 11
9 7
2 10
4 9
5 6
3 6
10 6
1 10
8 7
