11 13
17 -19 -6 7 16 7 3 -3 12 18 10 0 22 
-18 -13 -13 2 13 -12 16 21 16 7 3 21 11 
6 3 -11 11 16 7 5 16 15 6 20 14 5 
-20 -6 21 -15 15 18 22 18 -17 -9 -17 -11 12 
9 8 2 8 2 17 20 9 15 21 21 1 8 
-12 22 4 12 -13 14 15 14 -13 12 4 22 -12 
8 1 21 21 15 9 20 17 2 8 2 8 9 
12 -11 -17 -9 -17 18 22 18 15 -15 21 -6 -20 
5 14 20 6 15 16 5 7 16 11 -11 3 6 
11 21 3 7 16 21 16 -12 13 2 -13 -13 -18 
22 0 10 18 12 -3 3 7 16 7 -6 -19 17 
44
6
2 12
5 11
0 9
2 3
2 10
1 9
8 0
5 1
10 3
8 9
8 2
9 3
10
7 3 11
7 11 8
5 4 8
0 6 15
2 9 8
3 9 11
3 1 8
5 8 8
10 6 15
8 3 8
12
4 12
3 12
4 0
10 11
4 8
5 10
6 0
7 0
6 12
0 1
6 4
5 2
