15 18
17 12 14 7 16 2 16 0 14 3 2 -13 10 2 17 18 15 -8 
11 6 12 18 5 -15 -3 8 17 3 12 7 14 11 7 -2 13 11 
8 14 16 -5 -11 -3 10 6 14 8 12 11 15 7 -5 10 0 3 
5 11 15 4 0 17 2 9 12 -15 8 4 16 9 8 -18 5 13 
2 -4 15 10 9 14 14 0 12 8 -11 5 18 7 16 18 4 -18 
9 18 -12 -2 14 1 8 -6 15 9 6 17 10 7 12 7 -12 1 
11 -13 6 5 15 18 18 -5 15 2 3 -18 16 15 -8 18 1 13 
16 14 13 6 4 5 18 4 -9 -9 4 18 5 4 6 13 14 16 
13 1 18 -8 15 16 -18 3 2 15 -5 18 18 15 5 6 -13 11 
1 -12 7 12 7 10 17 6 9 15 -6 8 1 14 -2 -12 18 9 
-18 4 18 16 7 18 5 -11 8 12 0 14 14 9 10 15 -4 2 
13 5 -18 8 9 16 4 8 -15 12 9 2 17 0 4 15 11 5 
3 0 10 -5 7 15 11 12 8 14 6 10 -3 -11 -5 16 14 8 
11 13 -2 7 11 14 7 12 3 17 8 -3 -15 5 18 12 6 11 
-8 15 18 17 2 10 -13 2 3 14 0 16 2 16 7 14 12 17 
39
6
11 5
10 0
10 13
1 8
5 16
4 11
3 12
4 17
4 4
13 9
9 1
10 6
20
5 11 8
10 15 14
7 6 15
2 12 14
8 9 15
6 13 12
0 14 16
13 5 13
14 7 12
7 10 15
9 6 8
4 2 14
7 11 15
12 5 14
6 8 15
8 4 12
14 3 16
1 12 13
0 10 12
7 7 15
22
0 15
8 11
7 12
7 3
1 0
0 3
2 10
6 5
8 2
10 5
13 2
14 2
6 6
7 5
7 14
13 17
14 14
12 7
8 12
6 15
4 12
1 15
