13 13
1 13 5 -2 12 7 -1 10 6 4 12 1 4 
10 5 12 0 7 -6 -10 5 4 11 4 13 0 
10 11 0 2 14 1 -10 -1 7 10 6 -7 7 
-4 10 0 -10 4 3 4 10 -3 -3 0 -6 12 
1 10 8 12 14 1 3 -1 12 13 10 3 8 
-14 6 8 2 2 13 9 3 -4 0 -6 10 12 
3 12 1 12 6 1 10 1 6 12 1 12 3 
12 10 -6 0 -4 3 9 13 2 2 8 6 -14 
8 3 10 13 12 -1 3 1 14 12 8 10 1 
12 -6 0 -3 -3 10 4 3 4 -10 0 10 -4 
7 -7 6 10 7 -1 -10 1 14 2 0 11 10 
0 13 4 11 4 5 -10 -6 7 0 12 5 10 
4 1 12 4 6 10 -1 7 12 -2 5 13 1 
41
3
8 7
9 12
11 0
4 5
3 0
1 12
18
3 9 13
5 10 13
9 1 15
5 4 13
5 6 11
10 1 10
4 0 11
3 4 13
0 2 16
9 3 13
7 2 13
3 11 15
7 8 13
7 6 11
2 11 10
8 12 11
9 8 13
12 10 16
10
3 8
6 4
4 6
10 12
11 6
9 4
6 8
8 6
2 0
1 6
