14 11
-24 -11 2 3 4 12 16 13 9 25 25 
13 12 13 8 5 23 14 -20 10 6 14 
19 5 15 13 18 5 16 -20 16 -11 24 
8 9 -8 2 12 15 4 18 20 -16 24 
1 18 0 4 9 16 3 6 -5 25 -13 
5 -15 -23 4 -12 2 13 -22 21 1 23 
-11 21 10 1 6 -8 -5 16 22 -14 5 
5 -14 22 16 -5 -8 6 1 10 21 -11 
23 1 21 -22 13 2 -12 4 -23 -15 5 
-13 25 -5 6 3 16 9 4 0 18 1 
24 -16 20 18 4 15 12 2 -8 9 8 
24 -11 16 -20 16 5 18 13 15 5 19 
14 6 10 -20 14 23 5 8 13 12 13 
25 25 9 13 16 12 4 3 2 -11 -24 
30
5
1 2
10 4
12 4
0 2
8 6
12 8
3 6
1 6
13 8
5 4
6
10 5 8
2 10 12
10 8 15
3 5 8
11 0 12
3 2 15
14
2 9
6 3
4 0
13 7
11 7
13 0
12 5
11 1
7 7
9 10
0 3
2 3
0 10
1 5
