11 18
4 6 20 2 2 12 18 -8 19 12 -16 15 -18 7 17 13 0 5 
2 4 -9 11 17 6 12 3 17 11 6 -5 1 -15 20 9 3 6 
12 1 16 0 -12 7 21 8 -5 -2 4 -13 1 -8 4 8 7 -5 
3 17 12 7 8 20 3 10 11 -2 17 -12 -2 18 1 21 2 -12 
9 9 5 14 -8 -8 2 14 10 -1 16 21 4 16 16 7 1 18 
20 11 -16 -7 -21 12 2 21 8 8 21 2 12 -21 -7 -16 11 20 
18 1 7 16 16 4 21 16 -1 10 14 2 -8 -8 14 5 9 9 
-12 2 21 1 18 -2 -12 17 -2 11 10 3 20 8 7 12 17 3 
-5 7 8 4 -8 1 -13 4 -2 -5 8 21 7 -12 0 16 1 12 
6 3 9 20 -15 1 -5 6 11 17 3 12 6 17 11 -9 4 2 
5 0 13 17 7 -18 15 -16 12 19 -8 18 12 2 2 20 6 4 
42
3
7 12
10 11
9 10
3 5
0 6
1 7
12
4 6 14
9 12 11
6 4 12
6 7 12
1 10 8
3 11 13
6 11 14
1 5 11
4 13 12
4 10 12
9 7 8
7 6 13
18
6 15
2 17
4 12
5 4
5 1
2 10
2 11
7 1
10 6
4 2
8 0
6 5
5 13
5 16
8 7
8 6
3 16
0 11
