18 20
5 11 -10 2 -8 -8 11 4 -5 10 5 4 7 3 7 -5 14 1 -6 14 
6 11 8 11 14 3 -10 -11 10 9 12 6 -5 5 14 13 4 -2 11 0 
2 10 -5 10 1 4 -1 9 1 14 6 -12 3 -9 3 6 9 12 9 14 
5 -3 10 1 9 6 3 11 -3 0 4 7 11 2 -14 9 3 8 14 -3 
14 12 -5 3 14 8 11 13 -5 -10 5 12 13 11 1 7 9 10 7 -14 
8 -1 10 12 -6 13 7 10 9 -9 0 5 -12 4 14 5 13 1 -14 13 
10 14 5 14 12 -8 -9 7 10 -7 14 -1 -9 5 2 12 9 0 7 -8 
10 13 -11 -2 10 7 12 13 14 4 0 13 -8 9 12 6 2 6 7 14 
6 -8 12 9 5 1 3 6 10 -5 12 9 -4 -5 10 3 9 -5 -7 5 
5 -7 -5 9 3 10 -5 -4 9 12 -5 10 6 3 1 5 9 12 -8 6 
14 7 6 2 6 12 9 -8 13 0 4 14 13 12 7 10 -2 -11 13 10 
-8 7 0 9 12 2 5 -9 -1 14 -7 10 7 -9 -8 12 14 5 14 10 
13 -14 1 13 5 14 4 -12 5 0 -9 9 10 7 13 -6 12 10 -1 8 
-14 7 10 9 7 1 11 13 12 5 -10 -5 13 11 8 14 3 -5 12 14 
-3 14 8 3 9 -14 2 11 7 4 0 -3 11 3 6 9 1 10 -3 5 
14 9 12 9 6 3 -9 3 -12 6 14 1 9 -1 4 1 10 -5 10 2 
0 11 -2 4 13 14 5 -5 6 12 9 10 -11 -10 3 14 11 8 11 6 
14 -6 1 14 -5 7 3 7 4 5 10 -5 4 11 -8 -8 2 -10 11 5 
42
6
6 8
11 2
6 3
2 16
5 19
4 10
11 11
6 17
11 16
15 3
12 0
13 9
8
6 12 10
12 18 13
15 11 11
15 2 14
11 7 10
5 1 13
2 8 11
2 17 14
30
16 9
6 16
15 13
4 17
12 4
17 5
1 15
1 6
0 7
12 11
3 1
13 15
0 11
9 2
16 0
1 10
11 3
2 6
13 2
5 15
0 14
16 4
16 13
17 12
5 8
14 18
4 4
17 8
8 17
1 19
