20 20
1 3 -5 1 0 0 -3 5 4 0 5 2 5 -1 3 0 3 -2 -1 3 
4 4 3 2 -2 0 0 -4 2 0 4 2 -3 -2 2 3 5 2 4 4 
4 0 -3 -5 -4 -4 2 0 3 2 0 -2 3 2 3 -2 2 2 0 2 
4 4 1 1 2 0 -2 0 5 3 4 -2 4 -1 4 5 -5 1 -4 2 
4 -2 5 -3 4 1 5 5 5 2 5 4 3 0 3 -5 5 2 4 1 
2 2 3 4 -1 4 -2 0 -3 3 -5 1 0 -1 -1 4 4 3 -3 -1 
5 3 2 3 1 -4 5 2 2 2 5 1 2 1 4 0 3 4 1 -5 
1 0 2 5 4 -5 3 5 -5 2 3 5 5 5 1 5 4 4 3 4 
1 3 4 1 5 1 2 1 1 4 -4 3 3 1 1 2 1 1 1 3 
1 -1 -2 4 5 4 4 3 2 2 -3 3 3 0 -5 1 2 4 3 0 
0 3 4 2 1 -5 0 3 3 -3 2 2 3 4 4 5 4 -2 -1 1 
3 1 1 1 2 1 1 3 3 -4 4 1 1 2 1 5 1 4 3 1 
4 3 4 4 5 1 5 5 5 3 2 -5 5 3 -5 4 5 2 0 1 
-5 1 4 3 0 4 1 2 1 5 2 2 2 5 -4 1 3 2 3 5 
-1 -3 3 4 4 -1 -1 0 1 -5 3 -3 0 -2 4 -1 4 3 2 2 
1 4 2 5 -5 3 0 3 4 5 2 5 5 5 1 4 -3 5 -2 4 
2 -4 1 -5 5 4 -1 4 -2 4 3 5 0 -2 0 2 1 1 4 4 
2 0 2 2 -2 3 2 3 -2 0 2 3 0 2 -4 -4 -5 -3 0 4 
4 4 2 5 3 2 -2 -3 2 4 0 2 -4 0 0 -2 2 3 4 4 
3 -1 -2 3 0 3 -1 5 2 5 0 4 5 -3 0 0 1 -5 3 1 
60
6
14 2
19 5
11 17
10 8
7 13
5 4
5 17
0 14
8 2
9 11
12 6
14 15
18
17 12 16
17 19 14
6 18 9
5 14 12
13 5 13
18 19 11
18 13 16
3 0 12
3 13 9
2 7 16
2 0 14
13 1 9
14 5 12
6 14 13
1 0 11
1 6 16
16 19 12
16 6 9
0
