20 20
-1 -5 5 4 2 -4 1 -2 2 0 5 1 5 2 -1 3 2 -1 4 3 
1 3 1 4 1 0 5 1 4 4 2 3 -4 -1 2 -2 -5 0 4 4 
4 -4 3 0 2 1 -3 1 5 4 4 2 1 2 1 1 4 3 -2 -3 
4 2 2 1 -1 2 1 -1 3 4 -4 5 4 -4 3 4 2 2 5 0 
2 1 3 1 -3 -5 1 1 1 5 3 3 2 -1 0 4 3 5 -3 0 
0 -1 5 1 -3 4 3 -1 1 2 -3 5 -1 3 4 5 -2 -5 4 1 
2 1 5 -3 0 4 2 3 -3 4 -1 4 2 3 0 -1 2 -1 0 -5 
4 2 2 4 5 -1 -3 -4 2 4 5 4 4 0 1 4 5 0 2 1 
-3 1 2 4 -3 -1 2 -2 -1 5 2 -1 3 3 -1 2 3 5 2 2 
5 1 1 4 1 4 5 3 1 -4 2 3 5 2 0 1 2 5 2 4 
4 2 5 2 1 0 2 5 3 2 -4 1 3 5 4 1 4 1 1 5 
2 2 5 3 2 -1 3 3 -1 2 5 -1 -2 2 -1 -3 4 2 1 -3 
1 2 0 5 4 1 0 4 4 5 4 2 -4 -3 -1 5 4 2 2 4 
-5 0 -1 2 -1 0 3 2 4 -1 4 -3 3 2 4 0 -3 5 1 2 
1 4 -5 -2 5 4 3 -1 5 -3 2 1 -1 3 4 -3 1 5 -1 0 
0 -3 5 3 4 0 -1 2 3 3 5 1 1 1 -5 -3 1 3 1 2 
0 5 2 2 4 3 -4 4 5 -4 4 3 -1 1 2 -1 1 2 2 4 
-3 -2 3 4 1 1 2 1 2 4 4 5 1 -3 1 2 0 3 -4 4 
4 4 0 -5 -2 2 -1 -4 3 2 4 4 1 5 0 1 4 1 3 1 
3 4 -1 2 3 -1 2 5 1 5 0 2 -2 1 -4 2 4 5 -5 -1 
39
8
17 13
6 11
14 5
11 1
9 8
2 12
12 11
7 0
2 6
13 8
5 14
8 18
10 11
17 7
7 8
12 19
14
4 5 13
19 11 10
5 9 11
3 10 16
4 10 11
9 4 14
14 12 12
15 14 13
0 8 10
14 10 11
16 9 16
15 9 11
10 15 14
5 7 12
0
