11 13
11 -11 18 2 -16 12 18 -11 19 -7 3 -6 6 
12 19 1 16 6 9 13 3 15 11 -9 11 15 
17 17 -16 -6 5 14 9 -7 4 19 -4 12 3 
10 13 11 15 6 15 3 -18 4 8 16 14 17 
14 19 6 0 4 9 -6 11 -16 -7 18 18 0 
15 -9 17 -13 16 9 2 9 16 -13 17 -9 15 
0 18 18 -7 -16 11 -6 9 4 0 6 19 14 
17 14 16 8 4 -18 3 15 6 15 11 13 10 
3 12 -4 19 4 -7 9 14 5 -6 -16 17 17 
15 11 -9 11 15 3 13 9 6 16 1 19 12 
6 -6 3 -7 19 -11 18 12 -16 2 18 -11 11 
58
5
4 10
10 6
5 12
7 8
7 2
6 2
0 6
5 0
3 4
3 10
8
1 12 13
7 6 14
1 2 15
2 1 15
9 0 13
3 6 14
9 10 15
8 11 15
10
9 7
0 3
5 6
8 0
10 1
1 5
10 9
5 6
2 12
0 11
