18 20
1 -4 8 4 8 0 11 0 10 7 7 10 3 -11 -8 7 2 10 3 8 
6 7 4 5 2 7 3 2 0 10 6 1 4 10 -11 9 3 -6 11 0 
3 3 0 11 7 5 4 9 1 4 -5 11 9 -5 2 2 -3 -7 10 9 
-8 -1 -5 10 -2 4 3 10 7 -4 11 6 7 4 10 8 0 -3 10 10 
7 2 8 0 10 8 -9 6 5 10 10 -8 2 6 3 5 -7 -2 -7 1 
9 10 11 11 6 8 9 6 -4 -4 1 3 0 10 3 2 0 -3 11 6 
9 4 -5 2 -1 7 9 5 -9 -10 9 10 11 -9 -5 -2 5 7 3 4 
8 8 -10 7 3 9 5 6 -10 8 0 5 -11 -5 9 5 -6 1 -1 -4 
9 0 -7 4 6 -5 6 11 7 0 5 -4 -10 -7 2 -2 -2 -4 7 -7 
-7 7 -4 -2 -2 2 -7 -10 -4 5 0 7 11 6 -5 6 4 -7 0 9 
-4 -1 1 -6 5 9 -5 -11 5 0 8 -10 6 5 9 3 7 -10 8 8 
4 3 7 5 -2 -5 -9 11 10 9 -10 -9 5 9 7 -1 2 -5 4 9 
6 11 -3 0 2 3 10 0 3 1 -4 -4 6 9 8 6 11 11 10 9 
1 -7 -2 -7 5 3 6 2 -8 10 10 5 6 -9 8 10 0 8 2 7 
10 10 -3 0 8 10 4 7 6 11 -4 7 10 3 4 -2 10 -5 -1 -8 
9 10 -7 -3 2 2 -5 9 11 -5 4 1 9 4 5 7 11 0 3 3 
0 11 -6 3 9 -11 10 4 1 6 10 0 2 3 7 2 5 4 7 6 
8 3 10 2 7 -8 -11 3 10 7 7 10 0 11 0 8 4 8 -4 1 
53
4
11 4
5 16
13 14
15 6
6 15
12 3
4 5
2 13
12
11 19 13
1 2 14
8 1 15
3 13 11
7 17 15
1 9 12
6 0 13
16 17 14
9 18 15
14 6 11
10 2 15
16 10 12
26
12 1
10 5
1 3
11 3
6 4
0 14
14 17
13 9
3 11
6 9
1 15
12 4
8 2
5 18
7 14
16 16
6 16
11 15
17 5
3 2
4 10
14 8
11 10
16 4
5 15
9 17
