12 11
7 4 5 5 10 7 2 10 1 6 6 
8 11 13 -5 9 10 9 2 -10 13 -5 
9 5 4 8 4 3 3 13 3 -10 9 
11 9 5 7 4 10 6 7 4 -2 11 
-13 -6 13 4 12 5 13 3 13 -9 7 
3 -5 -5 1 5 3 11 8 4 -2 12 
12 -2 4 8 11 3 5 1 -5 -5 3 
7 -9 13 3 13 5 12 4 13 -6 -13 
11 -2 4 7 6 10 4 7 5 9 11 
9 -10 3 13 3 3 4 8 4 5 9 
-5 13 -10 2 9 10 9 -5 13 11 8 
6 6 1 10 2 7 10 5 5 4 7 
54
3
6 9
9 7
1 9
5 1
2 3
10 1
20
9 6 15
2 6 10
2 10 12
8 4 9
4 7 15
6 4 8
0 4 15
11 8 13
9 3 13
1 2 9
2 4 15
9 4 10
9 0 12
3 6 9
7 3 15
5 6 8
11 6 15
0 2 13
2 7 13
10 8 9
10
4 6
1 6
5 8
11 0
11 4
7 4
10 4
6 2
0 10
0 6
