10 15
4 6 -7 4 0 -1 4 1 0 4 8 7 4 0 1 
4 -2 -8 -3 8 6 -1 7 -8 1 5 -4 4 6 -7 
0 2 8 1 4 8 1 7 -3 5 -6 2 7 3 1 
2 -3 7 -6 6 5 -6 7 2 2 4 2 1 5 1 
5 4 8 3 8 6 6 -1 4 -6 4 8 6 6 3 
3 6 6 8 4 -6 4 -1 6 6 8 3 8 4 5 
1 5 1 2 4 2 2 7 -6 5 6 -6 7 -3 2 
1 3 7 2 -6 5 -3 7 1 8 4 1 8 2 0 
-7 6 4 -4 5 1 -8 7 -1 6 8 -3 -8 -2 4 
1 0 4 7 8 4 0 1 4 -1 0 4 -7 6 4 
33
7
8 13
7 13
6 9
8 7
2 4
9 8
9 7
1 1
2 1
3 5
1 7
7 10
0 6
0 7
14
4 2 12
3 9 8
2 13 12
2 10 16
7 11 10
7 12 15
5 7 10
5 12 12
6 5 8
7 1 12
7 4 16
2 3 10
2 2 15
4 7 10
12
3 11
2 8
6 14
4 12
7 3
2 14
6 3
7 6
3 0
5 2
2 11
7 0
