11 14
4 1 0 3 3 4 1 5 4 2 -3 3 4 -4 
5 -4 -2 4 4 5 3 0 2 4 0 3 5 1 
3 4 -2 4 -3 1 0 -3 0 1 3 2 5 5 
3 3 4 5 -3 -3 3 2 -5 3 3 2 5 4 
1 5 4 1 3 0 5 3 3 4 5 3 -3 3 
3 1 2 4 1 1 4 4 1 1 4 2 1 3 
3 -3 3 5 4 3 3 5 0 3 1 4 5 1 
4 5 2 3 3 -5 2 3 -3 -3 5 4 3 3 
5 5 2 3 1 0 -3 0 1 -3 4 -2 4 3 
1 5 3 0 4 2 0 3 5 4 4 -2 -4 5 
-4 4 3 -3 2 4 5 1 4 3 3 0 1 4 
51
4
8 10
8 6
5 7
8 9
2 3
2 7
5 6
2 4
18
7 13 12
4 8 14
7 5 15
7 9 11
6 7 12
8 11 10
6 11 9
1 8 9
2 8 11
3 0 12
6 5 14
3 8 15
3 4 11
4 6 12
2 2 10
4 2 9
9 5 9
8 5 11
14
3 10
5 4
0 1
10 3
3 2
1 5
3 12
7 3
5 9
10 12
0 10
7 11
9 8
7 1
