11 15
2 3 -2 6 -6 6 -5 1 5 4 -3 2 4 4 -6 
3 0 4 3 1 5 1 6 1 -6 6 1 -6 6 3 
5 1 5 0 1 -6 5 5 -2 5 4 2 3 1 5 
6 4 -6 4 1 0 4 -3 -1 4 3 -5 3 4 1 
-6 3 0 3 5 0 1 6 2 3 0 5 -5 2 0 
2 1 1 5 6 -1 -6 1 -6 -1 6 5 1 1 2 
0 2 -5 5 0 3 2 6 1 0 5 3 0 3 -6 
1 4 3 -5 3 4 -1 -3 4 0 1 4 -6 4 6 
5 1 3 2 4 5 -2 5 5 -6 1 0 5 1 5 
3 6 -6 1 6 -6 1 6 1 5 1 3 4 0 3 
-6 4 4 2 -3 4 5 1 -5 6 -6 6 -2 3 2 
49
8
3 4
6 0
7 5
1 2
3 8
4 3
0 1
9 2
7 10
4 14
3 9
9 12
7 6
6 11
10 13
1 12
14
0 5 10
5 0 10
9 6 16
8 12 9
1 13 15
8 11 14
5 7 14
10 9 10
5 14 10
1 8 16
2 2 9
9 1 15
2 3 14
5 7 14
14
10 8
3 5
7 3
7 0
4 9
3 13
3 2
0 6
7 9
3 11
3 14
6 5
7 1
7 12
