13 14
-6 2 3 5 0 -8 7 4 1 1 3 5 2 6 
8 4 9 -6 5 2 3 -9 0 0 1 4 5 4 
7 2 5 4 5 7 7 1 2 1 -7 5 6 0 
2 7 -4 4 -9 6 8 6 3 4 9 0 1 8 
2 5 0 -7 8 6 8 4 7 9 8 -7 6 6 
3 9 2 6 1 4 2 -3 7 8 3 7 -2 8 
4 -1 2 5 7 9 3 3 9 7 5 2 -1 4 
8 -2 7 3 8 7 -3 2 4 1 6 2 9 3 
6 6 -7 8 9 7 4 8 6 8 -7 0 5 2 
8 1 0 9 4 3 6 8 6 -9 4 -4 7 2 
0 6 5 -7 1 2 1 7 7 5 4 5 2 7 
4 5 4 1 0 0 -9 3 2 5 -6 9 4 8 
6 2 5 3 1 1 4 7 -8 0 5 3 2 -6 
54
3
10 6
2 6
10 2
2 7
10 7
2 11
14
7 8 13
9 4 11
1 3 8
7 3 14
12 13 14
7 2 9
12 5 9
5 5 13
3 9 11
11 10 8
5 10 14
0 0 14
5 11 9
0 8 9
12
0 13
8 10
6 1
9 11
11 1
2 3
12 0
4 3
6 12
3 2
1 12
10 10
