20 20
-6 9 7 4 1 7 9 6 6 8 -2 -8 3 5 7 4 7 4 -6 6 
8 -8 -5 -6 2 5 8 1 3 1 2 4 -4 7 7 1 4 -3 -5 -3 
-8 5 1 -9 8 1 -8 1 -3 6 8 0 3 -2 2 3 3 1 -6 -1 
0 2 5 5 3 1 -6 6 4 6 9 6 -3 -4 1 9 -3 -2 1 7 
3 -8 8 9 2 1 3 9 7 -8 -5 2 0 4 8 1 1 7 5 3 
-2 6 9 9 5 -2 -1 3 -8 1 4 -9 4 4 9 -4 7 9 -5 7 
9 2 -8 8 9 9 8 2 -6 9 6 -9 9 1 7 8 -8 5 -8 -7 
9 1 2 -3 -3 4 0 7 1 -9 6 3 -1 9 -2 -9 8 4 0 3 
7 9 -9 1 4 9 5 7 8 6 8 4 6 3 1 7 1 2 1 6 
1 -2 0 4 0 6 2 5 9 8 2 1 5 1 5 7 2 7 6 2 
2 6 7 2 7 5 1 5 1 2 8 9 5 2 6 0 4 0 -2 1 
6 1 2 1 7 1 3 6 4 8 6 8 7 5 9 4 1 -9 9 7 
3 0 4 8 -9 -2 9 -1 3 6 -9 1 7 0 4 -3 -3 2 1 9 
-7 -8 5 -8 8 7 1 9 -9 6 9 -6 2 8 9 9 8 -8 2 9 
7 -5 9 7 -4 9 4 4 -9 4 1 -8 3 -1 -2 5 9 9 6 -2 
3 5 7 1 1 8 4 0 2 -5 -8 7 9 3 1 2 9 8 -8 3 
7 1 -2 -3 9 1 -4 -3 6 9 6 4 6 -6 1 3 5 5 2 0 
-1 -6 1 3 3 2 -2 3 0 8 6 -3 1 -8 1 8 -9 1 5 -8 
-3 -5 -3 4 1 7 7 -4 4 2 1 3 1 8 5 2 -6 -5 -8 8 
6 -6 4 7 4 7 5 3 -8 -2 8 6 6 9 7 1 4 7 9 -6 
49
3
3 17
12 3
8 10
16 2
7 16
11 9
6
4 0 13
17 6 9
9 11 11
15 19 13
2 13 9
10 8 11
0
