20 20
5 1 3 5 6 6 6 -4 1 6 0 -4 -3 -3 6 4 -3 -5 6 0 
1 -2 5 6 1 -2 1 4 6 3 3 -4 -1 4 6 2 4 2 1 -4 
5 1 3 4 1 -3 4 2 6 -3 2 5 -2 6 1 2 3 2 6 6 
6 2 -2 2 -1 -6 -2 4 0 1 -1 -6 -4 5 -1 0 6 3 6 -5 
4 -4 1 1 -3 5 1 -3 3 6 -4 6 5 4 4 -2 6 6 6 6 
-3 -6 -5 4 6 6 -3 3 -2 4 6 2 -1 4 0 2 1 5 1 0 
2 5 6 1 5 2 -6 1 2 1 1 -2 -2 3 -1 5 -3 4 2 -5 
5 -3 2 4 2 2 1 -6 1 4 4 5 6 4 -5 6 2 5 -2 1 
-2 3 6 6 -5 3 -5 5 0 1 2 -2 6 -2 6 5 5 -6 1 4 
-5 -3 3 5 2 -6 -2 -6 2 6 5 1 3 -5 -5 4 1 6 5 6 
6 5 6 1 4 -5 -5 3 1 5 6 2 -6 -2 -6 2 5 3 -3 -5 
4 1 -6 5 5 6 -2 6 -2 2 1 0 5 -5 3 -5 6 6 3 -2 
1 -2 5 2 6 -5 4 6 5 4 4 1 -6 1 2 2 4 2 -3 5 
-5 2 4 -3 5 -1 3 -2 -2 1 1 2 1 -6 2 5 1 6 5 2 
0 1 5 1 2 0 4 -1 2 6 4 -2 3 -3 6 6 4 -5 -6 -3 
6 6 6 6 -2 4 4 5 6 -4 6 3 -3 1 5 -3 1 1 -4 4 
-5 6 3 6 0 -1 5 -4 -6 -1 1 0 4 -2 -6 -1 2 -2 2 6 
6 6 2 3 2 1 6 -2 5 2 -3 6 2 4 -3 1 4 3 1 5 
-4 1 2 4 2 6 4 -1 -4 3 3 6 4 1 -2 1 6 5 -2 1 
0 6 -5 -3 4 6 -3 -3 -4 0 6 1 -4 6 6 6 5 3 1 5 
48
8
16 8
1 8
6 0
8 12
11 9
2 7
9 8
7 6
3 11
18 11
13 19
11 7
8 10
17 12
10 11
12 13
10
3 15 9
18 17 9
2 3 9
4 8 15
6 15 9
16 4 9
1 2 9
17 16 9
15 11 15
13 4 9
0
