19 18
10 10 -7 14 11 -16 6 9 10 5 -8 14 -2 5 1 11 -9 5 
14 12 -12 2 3 10 10 5 -16 17 14 13 1 14 2 -14 -16 5 
3 -14 4 11 -16 2 -1 3 8 14 5 17 16 -16 -2 13 8 7 
14 0 13 10 16 -15 7 2 -5 11 13 9 -3 14 17 12 10 8 
8 14 11 5 5 3 5 9 -13 10 1 13 -10 4 8 10 12 2 
6 0 4 0 2 16 5 5 12 11 -10 -12 -3 13 11 -14 6 2 
10 5 9 7 4 -6 -11 -12 15 14 16 12 11 12 -5 4 6 9 
-8 8 -12 5 0 7 11 10 -3 11 9 7 2 2 0 -4 6 1 
8 -7 15 17 4 13 -13 1 1 0 -5 -16 2 11 1 1 -1 16 
3 14 15 8 11 5 2 -9 0 0 -9 2 5 11 8 15 14 3 
16 -1 1 1 11 2 -16 -5 0 1 1 -13 13 4 17 15 -7 8 
1 6 -4 0 2 2 7 9 11 -3 10 11 7 0 5 -12 8 -8 
9 6 4 -5 12 11 12 16 14 15 -12 -11 -6 4 7 9 5 10 
2 6 -14 11 13 -3 -12 -10 11 12 5 5 16 2 0 4 0 6 
2 12 10 8 4 -10 13 1 10 -13 9 5 3 5 5 11 14 8 
8 10 12 17 14 -3 9 13 11 -5 2 7 -15 16 10 13 0 14 
7 8 13 -2 -16 16 17 5 14 8 3 -1 2 -16 11 4 -14 3 
5 -16 -14 2 14 1 13 14 17 -16 5 10 10 3 2 -12 12 14 
5 -9 11 1 5 -2 14 -8 5 10 9 6 -16 11 14 -7 10 10 
37
5
18 0
14 8
6 10
16 10
1 17
0 17
4 9
12 7
2 7
17 0
12
18 5 15
14 7 8
18 10 13
3 8 8
3 4 13
10 9 14
0 12 15
4 10 8
0 7 13
15 9 8
15 13 13
8 8 14
28
8 14
16 2
5 1
18 9
3 6
15 6
10 8
12 1
6 0
4 13
12 9
6 5
4 2
8 15
10 3
2 15
13 16
0 8
15 11
3 11
8 9
6 16
12 17
14 4
6 8
12 12
14 15
10 2
