18 17
5 12 -11 7 20 2 -12 2 23 -1 4 20 24 23 8 1 0 
-16 26 0 -22 8 26 3 3 13 -5 9 -4 -16 -13 9 17 6 
26 16 27 -1 -5 -16 -21 23 -16 26 -27 26 12 3 1 1 22 
21 -27 9 22 1 27 20 25 0 26 6 -7 -14 -21 5 24 -1 
-13 18 7 13 1 8 17 27 19 7 15 -11 12 10 22 9 17 
-14 14 27 9 27 6 3 18 8 15 -17 -19 12 5 26 18 -2 
14 5 21 12 24 -18 -2 1 22 4 10 6 4 20 3 11 14 
-24 21 1 -20 0 3 -1 20 12 -10 1 20 16 22 19 16 27 
22 22 17 -18 25 17 9 14 -15 23 5 3 2 27 4 6 14 
14 6 4 27 2 3 5 23 -15 14 9 17 25 -18 17 22 22 
27 16 19 22 16 20 1 -10 12 20 -1 3 0 -20 1 21 -24 
14 11 3 20 4 6 10 4 22 1 -2 -18 24 12 21 5 14 
-2 18 26 5 12 -19 -17 15 8 18 3 6 27 9 27 14 -14 
17 9 22 10 12 -11 15 7 19 27 17 8 1 13 7 18 -13 
-1 24 5 -21 -14 -7 6 26 0 25 20 27 1 22 9 -27 21 
22 1 1 3 12 26 -27 26 -16 23 -21 -16 -5 -1 27 16 26 
6 17 9 -13 -16 -4 9 -5 13 3 3 26 8 -22 0 26 -16 
0 1 8 23 24 20 4 -1 23 2 -12 2 20 7 -11 12 5 
31
2
7 8
3 13
10 8
14 3
8
7 16 8
13 6 12
8 0 9
1 6 9
10 0 8
4 10 12
9 16 9
16 10 9
30
15 11
1 16
16 12
11 5
11 8
15 3
7 13
8 10
8 2
4 6
15 12
3 0
15 8
14 8
12 11
2 5
16 0
1 4
6 11
6 8
2 13
10 3
9 6
9 14
13 10
2 4
14 16
2 8
3 8
5 5
