17 11
3 -5 1 9 -6 5 2 -2 4 8 -8 
2 4 7 7 -9 0 3 -8 -2 5 3 
9 1 -5 2 -9 -7 3 3 -5 7 5 
6 -5 -7 0 -4 6 4 -6 -4 -7 1 
2 -4 1 2 2 1 9 -9 9 -6 4 
8 -8 6 -5 8 7 4 5 7 1 6 
2 1 -9 1 8 8 5 -8 1 9 0 
9 1 7 5 0 5 8 0 -8 1 4 
-7 -7 7 8 -2 5 -2 8 7 -7 -7 
4 1 -8 0 8 5 0 5 7 1 9 
0 9 1 -8 5 8 8 1 -9 1 2 
6 1 7 5 4 7 8 -5 6 -8 8 
4 -6 9 -9 9 1 2 2 1 -4 2 
1 -7 -4 -6 4 6 -4 0 -7 -5 6 
5 7 -5 3 3 -7 -9 2 -5 1 9 
3 5 -2 -8 3 0 -9 7 7 4 2 
-8 8 4 -2 2 5 -6 9 1 -5 3 
50
7
0 4
5 8
5 10
9 10
11 1
15 10
13 8
16 6
11 2
11 0
7 0
5 9
1 0
3 2
10
1 3 15
12 8 8
3 6 14
13 0 15
2 0 9
15 7 15
4 2 8
13 4 14
3 10 15
14 10 9
16
9 7
16 10
8 2
1 2
6 5
4 6
1 8
14 9
7 3
0 0
8 8
15 8
10 5
12 4
15 2
2 1
