11 19
2 -1 4 8 4 7 6 2 -4 1 7 -8 5 1 5 -6 -7 -7 3 
1 3 -4 7 8 3 2 7 1 3 6 3 0 1 8 8 7 8 5 
0 3 1 3 7 6 4 1 4 3 -2 1 2 -8 -4 7 7 7 2 
6 2 -4 7 -5 3 3 3 5 -3 7 5 -3 8 -2 2 0 5 -6 
5 8 2 8 8 2 -4 -5 4 -4 7 -4 2 0 6 5 -1 0 7 
0 -1 0 7 3 4 -6 4 3 -1 3 4 -6 4 3 7 0 -1 0 
7 0 -1 5 6 0 2 -4 7 -4 4 -5 -4 2 8 8 2 8 5 
-6 5 0 2 -2 8 -3 5 7 -3 5 3 3 3 -5 7 -4 2 6 
2 7 7 7 -4 -8 2 1 -2 3 4 1 4 6 7 3 1 3 0 
5 8 7 8 8 1 0 3 6 3 1 7 2 3 8 7 -4 3 1 
3 -7 -7 -6 5 1 5 -8 7 1 -4 2 6 7 4 8 4 -1 2 
45
6
1 14
0 12
5 3
7 2
8 2
8 10
9 4
10 6
5 15
3 16
2 16
2 8
8
8 15 11
10 12 15
5 17 11
10 4 10
2 3 11
0 6 15
5 1 11
0 14 10
16
0 7
9 11
3 15
1 4
3 5
9 16
7 6
10 7
10 11
1 7
7 3
9 14
7 13
1 2
3 12
0 11
