20 19
-7 1 12 -6 5 10 8 7 -9 1 12 2 6 -13 6 1 -12 -9 -9 
3 2 -8 11 0 1 7 11 -8 8 12 -7 -1 5 -6 8 9 13 5 
1 1 5 12 -1 -1 -5 1 -1 8 12 -11 11 -11 6 -8 -2 1 12 
5 10 -10 9 10 6 12 5 -12 12 13 8 1 13 10 -10 9 2 10 
9 13 9 13 8 2 8 11 4 -11 2 -9 9 4 11 7 5 9 0 
13 8 12 9 6 6 -12 12 8 4 7 13 4 2 4 -2 6 8 4 
13 2 0 2 -1 10 8 9 11 8 8 12 4 -11 -5 13 6 -5 13 
-6 5 2 -6 10 -3 -1 -8 9 13 -3 7 5 1 13 -4 -13 -4 12 
-10 -2 -8 -4 -10 12 11 12 3 -7 10 7 6 7 -6 -11 9 11 -11 
4 5 11 11 -9 5 12 0 6 10 4 13 5 2 -1 -5 4 -1 3 
3 -1 4 -5 -1 2 5 13 4 10 6 0 12 5 -9 11 11 5 4 
-11 11 9 -11 -6 7 6 7 10 -7 3 12 11 12 -10 -4 -8 -2 -10 
12 -4 -13 -4 13 1 5 7 -3 13 9 -8 -1 -3 10 -6 2 5 -6 
13 -5 6 13 -5 -11 4 12 8 8 11 9 8 10 -1 2 0 2 13 
4 8 6 -2 4 2 4 13 7 4 8 12 -12 6 6 9 12 8 13 
0 9 5 7 11 4 9 -9 2 -11 4 11 8 2 8 13 9 13 9 
10 2 9 -10 10 13 1 8 13 12 -12 5 12 6 10 9 -10 10 5 
12 1 -2 -8 6 -11 11 -11 12 8 -1 1 -5 -1 -1 12 5 1 1 
5 13 9 8 -6 5 -1 -7 12 8 -8 11 7 1 0 11 -8 2 3 
-9 -9 -12 1 6 -13 6 2 12 1 -9 7 8 10 5 -6 12 1 -7 
44
4
12 6
1 16
7 10
7 9
7 12
18 2
12 8
12 9
6
2 3 8
18 17 11
15 9 12
17 15 8
1 1 11
4 9 12
28
3 17
8 1
16 18
1 0
12 13
14 5
5 6
10 0
9 3
0 15
6 3
15 12
13 1
14 6
16 1
11 17
3 0
18 18
7 5
5 13
14 12
9 18
10 15
19 3
13 15
4 6
6 17
5 12
