12 20
11 -2 12 9 6 -3 10 3 0 13 2 7 -11 9 15 0 8 5 3 7 
9 1 -15 2 -7 16 3 15 10 -8 10 15 9 1 1 7 15 -9 -11 10 
11 12 13 2 1 -11 12 -9 -5 13 4 -7 15 5 3 6 -9 5 -6 -13 
-2 10 -15 6 -9 -14 9 10 -15 8 3 13 -1 -6 12 1 5 13 6 15 
-8 12 3 1 12 13 -5 9 7 8 10 1 -15 16 2 4 4 -6 -14 16 
-1 12 10 -9 2 -15 -3 6 15 11 15 11 1 10 9 4 9 15 -10 1 
1 -10 15 9 4 9 10 1 11 15 11 15 6 -3 -15 2 -9 10 12 -1 
16 -14 -6 4 4 2 16 -15 1 10 8 7 9 -5 13 12 1 3 12 -8 
15 6 13 5 1 12 -6 -1 13 3 8 -15 10 9 -14 -9 6 -15 10 -2 
-13 -6 5 -9 6 3 5 15 -7 4 13 -5 -9 12 -11 1 2 13 12 11 
10 -11 -9 15 7 1 1 9 15 10 -8 10 15 3 16 -7 2 -15 1 9 
7 3 5 8 0 15 9 -11 7 2 13 0 3 10 -3 6 9 12 -2 11 
47
7
10 14
5 18
8 14
8 1
7 2
8 5
5 9
1 5
6 1
3 5
3 18
4 17
3 14
6 10
8
2 14 11
4 7 10
9 13 12
6 16 12
9 5 11
7 12 10
2 6 12
5 3 12
16
11 8
9 10
6 19
8 3
0 13
3 10
9 18
1 10
0 11
2 9
5 0
3 16
11 6
8 9
2 1
10 9
