12 11
14 6 1 20 -8 -18 5 20 5 2 5 
3 11 -4 1 13 11 15 -5 -19 19 12 
18 18 2 12 4 -20 19 13 -16 7 8 
15 18 -16 -11 20 -10 19 1 12 18 7 
8 -11 14 -6 10 10 15 0 12 4 19 
8 -1 1 3 -2 18 7 4 16 1 10 
10 1 16 4 7 18 -2 3 1 -1 8 
19 4 12 0 15 10 10 -6 14 -11 8 
7 18 12 1 19 -10 20 -11 -16 18 15 
8 7 -16 13 19 -20 4 12 2 18 18 
12 19 -19 -5 15 11 13 1 -4 11 3 
5 2 5 20 5 -18 -8 20 1 6 14 
41
3
11 10
8 6
11 3
0 0
3 4
0 7
14
2 3 8
10 3 14
0 9 9
8 1 12
10 4 12
4 6 11
11 4 13
9 7 8
1 7 14
11 1 9
3 9 12
1 6 12
7 4 11
0 6 13
10
2 5
11 6
1 9
9 1
5 10
9 5
0 4
10 1
2 9
6 0
