19 16
-1 6 1 1 4 0 -6 3 -5 5 3 -2 6 7 6 5 
-2 4 7 -4 1 1 6 -1 0 7 -3 1 4 -1 -7 -5 
7 -3 7 4 5 1 0 2 6 2 -6 7 -5 1 -7 6 
4 7 5 6 4 -7 1 3 4 2 0 6 6 4 7 1 
-1 2 5 5 -7 6 3 2 6 3 -6 3 7 3 7 -4 
-1 4 4 2 7 2 4 -4 -2 4 2 -7 7 4 -1 5 
1 6 4 1 3 1 1 -6 -2 4 5 2 7 5 1 -2 
7 -6 4 3 6 2 2 -4 4 3 5 6 4 5 4 -2 
-3 -1 1 7 6 2 7 1 3 3 1 0 -5 6 7 1 
5 -3 0 2 -7 -3 2 5 5 2 -3 -7 2 0 -3 5 
1 7 6 -5 0 1 3 3 1 7 2 6 7 1 -1 -3 
-2 4 5 4 6 5 3 4 -4 2 2 6 3 4 -6 7 
-2 1 5 7 2 5 4 -2 -6 1 1 3 1 4 6 1 
5 -1 4 7 -7 2 4 -2 -4 4 2 7 2 4 4 -1 
-4 7 3 7 3 -6 3 6 2 3 6 -7 5 5 2 -1 
1 7 4 6 6 0 2 4 3 1 -7 4 6 5 7 4 
6 -7 1 -5 7 -6 2 6 2 0 1 5 4 7 -3 7 
-5 -7 -1 4 1 -3 7 0 -1 6 1 1 -4 7 4 -2 
5 6 7 6 -2 3 5 -5 3 -6 0 4 1 1 6 -1 
60
4
1 11
13 11
6 13
9 7
17 4
5 4
12 2
9 8
16
1 5 13
15 4 11
5 8 12
14 7 13
6 5 10
1 0 15
8 11 9
0 9 16
17 10 13
3 11 11
13 7 12
4 8 13
12 10 10
17 15 15
10 4 9
18 6 16
28
1 3
17 9
0 13
11 0
11 10
0 3
11 9
1 4
7 8
14 12
8 13
18 4
8 9
10 8
17 12
1 6
18 2
7 15
7 5
18 12
7 6
17 11
11 7
4 3
10 2
0 11
10 6
8 7
