20 20
6 2 11 -7 2 0 11 -2 0 9 5 -4 3 11 8 -2 10 10 2 3 
2 11 -11 5 5 -4 4 10 -7 6 8 4 -10 -4 9 -10 10 8 9 4 
8 1 9 3 1 -5 10 6 2 -5 4 9 -3 2 -11 1 -4 -10 8 6 
1 4 -2 -8 10 -8 7 6 6 4 -7 -5 -6 6 -6 7 5 7 4 -10 
2 11 8 7 2 -5 3 8 -8 10 -4 7 2 11 8 -2 4 2 -8 -3 
5 -1 1 3 6 1 10 5 -10 -6 7 9 3 7 8 9 -2 -8 10 5 
-2 2 4 0 7 2 7 6 11 3 5 -5 -2 2 6 11 5 6 0 5 
6 -11 2 9 -2 3 10 5 9 9 -11 11 8 7 9 11 9 -5 9 -10 
8 10 -4 -2 6 10 7 4 8 11 1 -6 -10 10 11 -10 5 4 -1 10 
-3 0 -3 10 -1 -5 10 2 -10 6 5 -2 3 -8 -8 -2 11 1 9 4 
4 9 1 11 -2 -8 -8 3 -2 5 6 -10 2 10 -5 -1 10 -3 0 -3 
10 -1 4 5 -10 11 10 -10 -6 1 11 8 4 7 10 6 -2 -4 10 8 
-10 9 -5 9 11 9 7 8 11 -11 9 9 5 10 3 -2 9 2 -11 6 
5 0 6 5 11 6 2 -2 -5 5 3 11 6 7 2 7 0 4 2 -2 
5 10 -8 -2 9 8 7 3 9 7 -6 -10 5 10 1 6 3 1 -1 5 
-3 -8 2 4 -2 8 11 2 7 -4 10 -8 8 3 -5 2 7 8 11 2 
-10 4 7 5 7 -6 6 -6 -5 -7 4 6 6 7 -8 10 -8 -2 4 1 
6 8 -10 -4 1 -11 2 -3 9 4 -5 2 6 10 -5 1 3 9 1 8 
4 9 8 10 -10 9 -4 -10 4 8 6 -7 10 4 -4 5 5 -11 11 2 
3 2 10 10 -2 8 11 3 -4 5 9 0 -2 11 0 2 -7 11 2 6 
38
7
14 10
3 18
16 15
3 0
3 14
0 7
14 2
5 9
16 1
3 4
16 19
16 5
19 12
5 17
10
13 9 11
4 7 14
2 14 10
9 11 11
8 18 15
6 10 11
15 12 14
17 5 10
10 8 11
11 1 15
0
