14 19
14 1 13 5 13 -10 6 -14 -5 8 10 13 2 4 6 2 -6 4 3 
3 3 13 3 6 8 12 -11 5 10 12 4 13 4 12 3 3 4 11 
-11 3 1 -9 -6 11 8 3 -5 -2 2 2 10 1 10 -4 6 7 13 
-12 -14 6 11 5 11 0 10 4 6 -1 12 8 5 -12 11 0 9 10 
14 12 12 0 9 9 11 13 7 4 12 9 -6 11 3 4 5 7 13 
-10 -10 1 7 14 3 11 12 2 5 -3 -6 8 14 11 -8 -6 6 3 
3 -13 0 9 0 0 7 -13 6 11 8 9 -2 7 -6 11 2 -2 0 
0 -2 2 11 -6 7 -2 9 8 11 6 -13 7 0 0 9 0 -13 3 
3 6 -6 -8 11 14 8 -6 -3 5 2 12 11 3 14 7 1 -10 -10 
13 7 5 4 3 11 -6 9 12 4 7 13 11 9 9 0 12 12 14 
10 9 0 11 -12 5 8 12 -1 6 4 10 0 11 5 11 6 -14 -12 
13 7 6 -4 10 1 10 2 2 -2 -5 3 8 11 -6 -9 1 3 -11 
11 4 3 3 12 4 13 4 12 10 5 -11 12 8 6 3 13 3 3 
3 4 -6 2 6 4 2 13 10 8 -5 -14 6 -10 13 5 13 1 14 
45
6
5 15
3 4
1 6
11 1
0 17
3 17
8 3
10 14
12 12
2 17
13 1
10 1
14
9 10 11
7 0 15
10 0 15
13 17 16
1 2 15
0 2 10
3 12 9
4 8 11
6 18 15
3 18 15
0 1 16
12 16 15
13 16 10
10 6 9
20
12 0
10 15
12 11
10 8
4 3
9 17
5 16
2 0
7 10
6 2
1 18
3 3
1 7
3 10
9 15
4 1
8 2
11 18
6 8
7 16
