12 14
4 0 10 10 24 -19 6 18 3 6 1 -2 5 6 
17 26 -20 -7 13 -7 -14 17 9 4 8 -22 18 4 
4 -20 13 7 18 19 -5 14 6 18 20 21 -26 -5 
-17 -18 -19 19 14 11 -24 9 11 17 19 15 1 22 
11 2 -19 14 -16 21 1 8 19 17 11 18 13 -13 
-17 24 1 -15 21 11 -5 8 -15 -7 14 8 11 8 
8 11 8 14 -7 -15 8 -5 11 21 -15 1 24 -17 
-13 13 18 11 17 19 8 1 21 -16 14 -19 2 11 
22 1 15 19 17 11 9 -24 11 14 19 -19 -18 -17 
-5 -26 21 20 18 6 14 -5 19 18 7 13 -20 4 
4 18 -22 8 4 9 17 -14 -7 13 -7 -20 26 17 
6 5 -2 1 6 3 18 6 -19 24 10 10 0 4 
51
6
2 13
7 5
6 7
11 8
9 4
11 12
9 0
4 8
5 6
0 5
2 9
0 1
10
8 7 13
5 8 11
9 3 14
3 10 13
9 5 11
3 6 13
6 5 11
2 10 14
8 3 13
2 8 11
16
2 4
5 4
0 7
6 12
6 3
1 9
0 6
7 11
9 9
6 9
11 6
5 1
5 10
10 4
11 7
4 2
