14 18
4 7 4 6 4 4 6 5 6 -7 7 6 -5 7 1 -5 0 -6 
-7 -3 6 -6 5 4 6 -3 7 6 -5 1 -6 -5 3 6 0 3 
1 1 3 5 4 4 4 3 3 5 1 -1 0 2 -7 -5 -2 2 
7 4 -6 2 -3 -2 5 1 5 0 0 1 5 2 7 6 0 5 
2 7 2 7 -2 4 0 1 3 5 -1 -5 6 6 2 -2 1 3 
-5 -4 5 2 7 7 4 -1 4 1 1 4 2 7 5 0 6 1 
5 0 -1 6 2 7 3 1 3 2 -6 6 6 6 -3 -3 4 2 
2 4 -3 -3 6 6 6 -6 2 3 1 3 7 2 6 -1 0 5 
1 6 0 5 7 2 4 1 1 4 -1 4 7 7 2 5 -4 -5 
3 1 -2 2 6 6 -5 -1 5 3 1 0 4 -2 7 2 7 2 
5 0 6 7 2 5 1 0 0 5 1 5 -2 -3 2 -6 4 7 
2 -2 -5 -7 2 0 -1 1 5 3 3 4 4 4 5 3 1 1 
3 0 6 3 -5 -6 1 -5 6 7 -3 6 4 5 -6 6 -3 -7 
-6 0 -5 1 7 -5 6 7 -7 6 5 6 4 4 6 4 7 4 
34
3
1 11
13 4
10 3
12 6
0 13
3 14
20
0 12 10
9 0 13
11 3 16
0 16 9
10 15 8
1 16 16
1 4 13
7 10 16
11 1 10
5 3 14
13 5 10
4 17 13
2 14 16
13 1 9
3 2 8
12 1 16
12 13 13
6 7 16
2 16 10
8 14 14
20
8 2
13 7
9 13
7 11
6 14
13 17
7 5
10 16
2 8
13 0
5 15
0 10
4 4
6 6
7 3
0 0
6 12
3 1
11 9
0 17
