20 20
3 2 1 2 1 3 3 0 2 3 0 2 2 2 0 2 3 2 0 3 
-3 1 3 -3 0 -3 0 3 1 0 3 1 2 1 1 0 1 3 -3 -1 
-3 1 2 3 3 1 2 3 0 1 1 3 2 1 -1 -2 1 1 3 0 
1 1 1 3 2 1 1 1 -2 1 -1 2 2 1 1 1 0 3 -3 1 
1 -3 3 -3 2 -2 2 0 0 3 1 -3 3 3 -1 1 -3 -1 1 2 
-1 2 1 -3 2 -2 -3 -3 2 1 3 2 2 3 -1 1 1 2 0 3 
3 1 3 0 -3 1 -1 -2 2 1 3 1 0 3 2 1 0 1 1 0 
2 2 1 -2 1 -3 3 3 3 3 1 -2 1 0 3 -1 1 1 0 1 
2 0 1 0 0 1 0 1 1 -2 1 1 0 2 2 -1 3 -3 1 0 
3 1 -1 2 2 3 2 -3 1 -1 1 1 3 0 0 0 1 -1 3 3 
3 3 -1 1 0 0 0 3 1 1 -1 1 -3 2 3 2 2 -1 1 3 
0 1 -3 3 -1 2 2 0 1 1 -2 1 1 0 1 0 0 1 0 2 
1 0 1 1 -1 3 0 1 -2 1 3 3 3 3 -3 1 -2 1 2 2 
0 1 1 0 1 2 3 0 1 3 1 2 -2 -1 1 -3 0 3 1 3 
3 0 2 1 1 -1 3 2 2 3 1 2 -3 -3 -2 2 -3 1 2 -1 
2 1 -1 -3 1 -1 3 3 -3 1 3 0 0 2 -2 2 -3 3 -3 1 
1 -3 3 0 1 1 1 2 2 -1 1 -2 1 1 1 2 3 1 1 1 
0 3 1 1 -2 -1 1 2 3 1 1 0 3 2 1 3 3 2 1 -3 
-1 -3 3 1 0 1 1 2 1 3 0 1 3 0 -3 0 -3 3 1 -3 
3 0 2 3 2 0 2 2 2 0 3 2 0 3 3 1 2 1 2 3 
41
4
11 19
2 10
12 19
2 14
8 0
17 9
7 0
17 5
8
4 0 8
5 0 9
4 2 13
17 12 13
15 19 8
14 19 9
15 17 13
2 7 13
0
