20 20
-10 -1 5 -12 6 13 6 14 -3 -6 15 6 15 12 6 -1 7 -7 -8 -3 
9 4 5 14 -7 13 -4 10 -3 6 14 3 -7 1 -13 13 -1 11 -12 7 
7 -8 6 4 3 3 2 10 -1 3 9 7 5 -13 6 14 15 7 0 10 
12 7 9 3 12 3 10 8 6 -10 6 -8 0 3 10 -6 -2 1 -7 13 
15 0 8 -8 7 -1 6 10 15 5 10 15 6 13 13 -13 8 15 -11 13 
4 -3 5 -10 9 -1 4 7 -5 5 15 -3 3 12 14 8 14 8 9 -6 
5 0 4 14 1 15 14 8 -2 10 8 -12 -4 11 1 4 2 4 -10 10 
1 10 10 13 4 9 14 1 -6 -3 13 10 6 12 -9 9 6 -5 1 5 
2 13 -7 -12 12 11 9 6 10 2 1 1 2 -9 15 7 -15 12 13 13 
3 -5 12 13 -4 10 2 9 3 -5 7 -2 11 3 -15 -12 9 4 8 4 
4 8 4 9 -12 -15 3 11 -2 7 -5 3 9 2 10 -4 13 12 -5 3 
13 13 12 -15 7 15 -9 2 1 1 2 10 6 9 11 12 -12 -7 13 2 
5 1 -5 6 9 -9 12 6 10 13 -3 -6 1 14 9 4 13 10 10 1 
10 -10 4 2 4 1 11 -4 -12 8 10 -2 8 14 15 1 14 4 0 5 
-6 9 8 14 8 14 12 3 -3 15 5 -5 7 4 -1 9 -10 5 -3 4 
13 -11 15 8 -13 13 13 6 15 10 5 15 10 6 -1 7 -8 8 0 15 
13 -7 1 -2 -6 10 3 0 -8 6 -10 6 8 10 3 12 3 9 7 12 
10 0 7 15 14 6 -13 5 7 9 3 -1 10 2 3 3 4 6 -8 7 
7 -12 11 -1 13 -13 1 -7 3 14 6 -3 10 -4 13 -7 14 5 4 9 
-3 -8 -7 7 -1 6 12 15 6 15 -6 -3 14 6 13 6 -12 5 -1 -10 
51
3
3 9
18 6
14 8
16 10
1 13
5 11
20
11 18 16
16 3 15
4 5 16
12 4 16
19 2 12
5 15 15
13 11 15
2 18 9
1 12 10
0 15 10
8 1 16
3 16 15
15 14 16
7 15 16
0 17 12
14 4 15
6 8 15
17 1 9
18 7 10
19 4 10
0
