20 13
5 5 3 4 1 -5 3 1 -1 0 4 0 5 
2 3 4 3 -4 2 5 -5 1 2 4 -3 2 
1 4 1 1 0 3 5 4 4 4 -4 3 1 
5 3 3 0 0 2 1 1 3 0 5 1 2 
4 2 5 1 0 5 3 3 -1 -3 -1 4 -4 
-2 2 3 0 -5 1 -2 -3 0 5 5 -5 -5 
1 5 2 2 3 4 4 5 1 1 2 -1 5 
4 1 2 2 2 5 -5 -4 -4 4 -5 1 3 
4 3 3 2 3 3 0 2 4 3 4 1 1 
2 0 4 4 -2 1 4 0 1 0 5 -4 4 
4 -4 5 0 1 0 4 1 -2 4 4 0 2 
1 1 4 3 4 2 0 3 3 2 3 3 4 
3 1 -5 4 -4 -4 -5 5 2 2 2 1 4 
5 -1 2 1 1 5 4 4 3 2 2 5 1 
-5 -5 5 5 0 -3 -2 1 -5 0 3 2 -2 
-4 4 -1 -3 -1 3 3 5 0 1 5 2 4 
2 1 5 0 3 1 1 2 0 0 3 3 5 
1 3 -4 4 4 4 5 3 0 1 1 4 1 
2 -3 4 2 1 -5 5 2 -4 3 4 3 2 
5 0 4 0 -1 1 3 -5 1 4 3 5 5 
44
5
11 10
1 11
16 5
14 0
15 7
8 2
18 1
3 7
5 12
4 5
16
0 3 11
7 2 14
13 3 16
1 2 12
4 8 8
9 4 16
15 5 9
18 11 15
19 9 11
12 10 14
6 9 16
18 10 12
15 4 8
10 8 16
4 7 9
1 1 15
24
6 2
10 1
9 12
2 12
4 10
10 12
18 2
6 1
18 7
16 2
1 9
8 4
13 10
9 11
10 0
17 0
15 2
9 0
1 10
13 11
1 5
3 10
18 3
11 8
