14 10
7 6 10 8 1 6 -10 9 9 11 
0 2 2 6 5 3 6 -4 6 10 
5 2 2 4 -1 11 11 -10 -10 -10 
5 7 2 10 -9 10 -3 8 3 0 
1 11 9 1 11 11 7 2 9 6 
9 1 7 -9 8 3 11 4 10 11 
-1 7 -10 10 0 7 5 7 0 -7 
-7 0 7 5 7 0 10 -10 7 -1 
11 10 4 11 3 8 -9 7 1 9 
6 9 2 7 11 11 1 9 11 1 
0 3 8 -3 10 -9 10 2 7 5 
-10 -10 -10 11 11 -1 4 2 2 5 
10 6 -4 6 3 5 6 2 2 0 
11 9 9 -10 6 1 8 10 6 7 
30
8
9 8
7 4
6 3
11 4
7 2
10 7
11 1
5 7
4 1
6 5
7 6
2 5
6 7
3 2
2 8
8 2
16
11 2 11
5 9 9
7 9 16
13 9 11
13 7 14
11 0 8
4 6 10
11 7 10
2 7 11
8 0 9
6 0 16
0 0 11
0 2 14
2 9 8
9 3 10
2 2 10
14
0 4
5 8
3 5
11 9
12 9
1 6
4 7
13 5
8 1
10 4
2 0
1 0
12 3
9 2
