14 16
4 -11 11 2 3 14 -3 12 5 2 -6 10 8 8 2 3 
-1 14 11 3 11 6 11 1 -3 13 7 2 14 12 9 8 
-5 6 13 3 12 -14 -10 14 -2 7 8 13 -8 11 -11 8 
1 4 6 -7 5 -6 10 -3 -11 -6 5 4 10 6 -1 12 
-3 12 7 7 11 12 12 -8 -11 -9 5 1 9 9 5 1 
-7 -2 12 13 1 -13 3 13 -5 9 10 7 1 2 -9 11 
-10 3 14 6 3 13 9 -12 -14 14 -11 10 14 2 5 1 
1 5 2 14 10 -11 14 -14 -12 9 13 3 6 14 3 -10 
11 -9 2 1 7 10 9 -5 13 3 -13 1 13 12 -2 -7 
1 5 9 9 1 5 -9 -11 -8 12 12 11 7 7 12 -3 
12 -1 6 10 4 5 -6 -11 -3 10 -6 5 -7 6 4 1 
8 -11 11 -8 13 8 7 -2 14 -10 -14 12 3 13 6 -5 
8 9 12 14 2 7 13 -3 1 11 6 11 3 11 14 -1 
3 2 8 8 10 -6 2 5 12 -3 14 3 2 11 -11 4 
46
4
11 15
13 10
8 14
3 9
2 0
0 5
5 1
10 6
6
1 6 12
13 2 13
5 9 15
12 9 12
0 13 13
8 6 15
16
7 15
10 14
11 13
0 4
0 9
4 6
9 15
12 5
6 0
3 1
2 2
13 11
13 6
9 9
4 0
1 10
