20 20
-3 1 -2 2 1 8 2 3 7 5 5 3 7 1 4 8 2 -8 6 2 
2 3 3 6 3 5 8 4 -6 6 7 -3 1 7 -6 8 3 1 5 -7 
1 4 5 -3 -3 6 -2 2 6 7 8 -7 1 8 3 5 8 4 8 0 
7 4 -6 4 -8 1 3 -1 4 -2 5 6 8 3 -8 8 7 4 -1 2 
8 8 1 -2 4 -7 8 -8 -2 2 7 7 3 -5 1 8 -8 -7 1 7 
6 8 7 1 3 6 3 7 -3 4 2 6 1 1 5 8 -8 4 1 6 
5 -6 1 4 2 2 1 -2 5 2 3 3 4 1 0 7 8 5 1 -5 
5 3 2 4 -2 5 1 -7 -2 -7 0 5 -7 -1 5 4 8 -6 0 1 
4 1 3 3 4 0 5 6 -4 0 6 4 -4 6 5 -8 3 -1 3 6 
1 3 -3 8 8 4 -2 2 -8 1 8 -3 1 2 1 -6 1 -2 6 5 
5 6 -2 1 -6 1 2 1 -3 8 1 -8 2 -2 4 8 8 -3 3 1 
6 3 -1 3 -8 5 6 -4 4 6 0 -4 6 5 0 4 3 3 1 4 
1 0 -6 8 4 5 -1 -7 5 0 -7 -2 -7 1 5 -2 4 2 3 5 
-5 1 5 8 7 0 1 4 3 3 2 5 -2 1 2 2 4 1 -6 5 
6 1 4 -8 8 5 1 1 6 2 4 -3 7 3 6 3 1 7 8 6 
7 1 -7 -8 8 1 -5 3 7 7 2 -2 -8 8 -7 4 -2 1 8 8 
2 -1 4 7 8 -8 3 8 6 5 -2 4 -1 3 1 -8 4 -6 4 7 
0 8 4 8 5 3 8 1 -7 8 7 6 2 -2 6 -3 -3 5 4 1 
-7 5 1 3 8 -6 7 1 -3 7 6 -6 4 8 5 3 6 3 3 2 
2 6 -8 2 8 4 1 7 3 5 5 7 3 2 8 1 2 -2 1 -3 
30
7
11 2
7 12
10 2
18 15
14 9
9 1
14 13
8 17
12 7
9 17
1 4
5 10
10 18
5 6
16
13 12 14
0 4 12
17 16 10
3 4 15
10 13 11
10 8 12
5 17 13
17 8 15
6 7 14
19 15 12
2 3 10
16 15 15
9 6 11
9 11 12
14 2 13
2 11 15
0
