19 14
3 12 -2 2 -5 11 3 3 0 9 5 6 11 10 
0 12 8 5 11 -9 -3 5 0 4 13 10 1 4 
12 8 4 6 11 11 10 -2 -9 -12 7 8 10 10 
-3 6 12 8 5 3 8 13 13 12 6 9 -6 4 
13 12 7 13 3 -1 5 10 2 1 5 11 2 8 
-6 11 7 3 6 4 8 8 -8 2 2 -13 10 10 
8 0 8 1 4 2 10 1 0 -4 0 0 12 -6 
2 9 -10 4 10 1 -6 2 3 6 -1 4 4 6 
-6 11 5 -11 6 4 3 7 -11 9 6 4 -11 2 
-9 -3 -13 3 -1 -7 -5 -5 -7 -1 3 -13 -3 -9 
2 -11 4 6 9 -11 7 3 4 6 -11 5 11 -6 
6 4 4 -1 6 3 2 -6 1 10 4 -10 9 2 
-6 12 0 0 -4 0 1 10 2 4 1 8 0 8 
10 10 -13 2 2 -8 8 8 4 6 3 7 11 -6 
8 2 11 5 1 2 10 5 -1 3 13 7 12 13 
4 -6 9 6 12 13 13 8 3 5 8 12 6 -3 
10 10 8 7 -12 -9 -2 10 11 11 6 4 8 12 
4 1 10 13 4 0 5 -3 -9 11 5 8 12 0 
10 11 6 5 9 0 3 3 11 -5 2 -2 12 3 
54
7
3 2
11 8
12 9
6 0
12 4
1 8
17 12
15 11
7 5
6 4
12 13
6 9
17 5
1 1
12
9 2 8
18 9 11
13 9 8
11 7 12
16 6 10
0 12 16
9 11 8
0 4 11
5 4 8
7 6 12
2 7 10
18 1 16
18
10 5
18 11
18 8
4 3
17 8
14 3
17 11
13 7
9 8
8 8
0 2
0 5
14 10
1 5
4 10
1 2
5 6
9 5
