13 11
8 1 8 15 2 -10 2 6 -2 3 3 
2 11 8 5 11 -7 5 -3 15 10 1 
11 9 0 -6 2 5 3 7 -8 1 9 
14 6 -1 5 5 -11 9 -1 14 7 15 
-14 -14 7 14 -8 -7 -13 10 -12 4 14 
9 8 -3 3 3 -7 -4 9 6 0 7 
3 7 -13 -15 -5 7 -5 -15 -13 7 3 
7 0 6 9 -4 -7 3 3 -3 8 9 
14 4 -12 10 -13 -7 -8 14 7 -14 -14 
15 7 14 -1 9 -11 5 5 -1 6 14 
9 1 -8 7 3 5 2 -6 0 9 11 
1 10 15 -3 5 -7 11 5 8 11 2 
3 3 -2 6 2 -10 2 15 8 1 8 
34
6
4 0
9 4
5 10
11 0
6 5
12 9
8 10
3 6
7 0
1 10
6 5
0 1
12
1 6 14
3 1 9
0 8 12
12 10 14
11 2 12
3 8 16
11 4 14
9 9 9
12 2 12
0 0 14
1 8 12
9 2 16
12
10 3
3 2
10 0
12 0
11 5
0 2
2 7
9 8
2 10
0 10
1 5
12 8
