13 12
3 3 5 3 2 3 4 8 -8 -5 6 7 
2 8 2 -1 4 3 2 1 6 4 4 7 
7 0 -5 -1 7 8 6 2 1 0 5 6 
4 3 7 2 0 -6 -3 8 6 -8 5 6 
7 7 8 7 -1 2 8 3 1 -8 5 4 
4 -3 3 1 4 7 7 4 5 5 6 5 
2 1 1 6 -1 -6 -6 -1 6 1 1 2 
5 6 5 5 4 7 7 4 1 3 -3 4 
4 5 -8 1 3 8 2 -1 7 8 7 7 
6 5 -8 6 8 -3 -6 0 2 7 3 4 
6 5 0 1 2 6 8 7 -1 -5 0 7 
7 4 4 6 1 2 3 4 -1 2 8 2 
7 6 -5 -8 8 4 3 2 3 5 3 3 
40
3
7 2
6 7
4 10
5 9
6 4
8 1
18
12 6 13
8 11 11
5 2 10
8 7 11
11 9 10
8 9 12
1 7 16
5 1 11
9 6 14
0 5 13
4 0 11
7 9 10
4 4 11
1 2 10
4 2 12
11 4 16
7 10 11
3 5 14
12
11 8
2 0
0 2
0 6
2 10
5 6
1 3
10 11
12 9
12 5
10 1
7 5
