16 10
-3 0 7 -4 0 2 7 6 2 1 
5 6 -6 8 2 3 1 -2 -3 5 
3 0 0 -3 7 2 6 -3 -8 5 
3 4 6 -8 7 7 -2 3 3 4 
8 -6 2 3 1 -4 1 -4 7 5 
2 5 6 1 5 7 4 -3 8 3 
3 8 3 -3 -5 4 -7 2 6 8 
-5 7 6 8 5 4 1 5 6 3 
3 6 5 1 4 5 8 6 7 -5 
8 6 2 -7 4 -5 -3 3 8 3 
3 8 -3 4 7 5 1 6 5 2 
5 7 -4 1 -4 1 3 2 -6 8 
4 3 3 -2 7 7 -8 6 4 3 
5 -8 -3 6 2 7 -3 0 0 3 
5 -3 -2 1 3 2 8 -6 6 5 
1 2 6 7 2 0 -4 7 0 -3 
45
8
1 5
3 5
2 4
6 4
11 1
10 8
4 6
7 9
14 4
12 4
13 5
9 5
4 8
5 1
11 3
8 0
8
10 4 9
10 9 14
11 7 14
14 9 14
5 5 9
5 0 14
4 2 14
1 0 14
16
7 2
2 3
12 6
2 0
6 0
3 8
7 3
0 4
8 7
13 6
3 3
13 9
9 9
12 1
8 6
15 5
