20 20
1 10 -2 6 15 11 16 -4 0 11 -9 -5 -7 16 10 5 0 -12 11 2 
13 -14 7 16 14 9 2 3 -13 7 8 -3 11 1 8 9 -2 16 -4 3 
11 3 15 5 16 15 1 5 10 2 16 -13 13 15 14 14 -12 7 7 9 
0 9 7 10 12 -8 0 -13 -11 -11 12 -11 -8 5 10 6 0 11 -6 11 
2 4 -4 12 1 9 12 2 15 2 16 10 2 14 3 -8 -13 5 14 5 
15 2 15 5 11 9 -3 6 16 15 -12 4 16 -8 1 10 10 8 -1 11 
6 -11 8 -15 -16 -4 3 0 13 -8 2 15 0 -12 5 12 11 13 -15 -16 
-5 16 13 12 6 0 -15 0 9 9 16 2 3 3 10 9 3 2 6 8 
13 15 -14 -12 -1 1 12 12 10 -7 3 -10 8 10 11 7 13 7 1 4 
-5 -11 -13 6 7 11 13 15 5 7 4 -1 7 5 4 -15 -15 -14 12 3 
3 12 -14 -15 -15 4 5 7 -1 4 7 5 15 13 11 7 6 -13 -11 -5 
4 1 7 13 7 11 10 8 -10 3 -7 10 12 12 1 -1 -12 -14 15 13 
8 6 2 3 9 10 3 3 2 16 9 9 0 -15 0 6 12 13 16 -5 
-16 -15 13 11 12 5 -12 0 15 2 -8 13 0 3 -4 -16 -15 8 -11 6 
11 -1 8 10 10 1 -8 16 4 -12 15 16 6 -3 9 11 5 15 2 15 
5 14 5 -13 -8 3 14 2 10 16 2 15 2 12 9 1 12 -4 4 2 
11 -6 11 0 6 10 5 -8 -11 12 -11 -11 -13 0 -8 12 10 7 9 0 
9 7 7 -12 14 14 15 13 -13 16 2 10 5 1 15 16 5 15 3 11 
3 -4 16 -2 9 8 1 11 -3 8 7 -13 3 2 9 14 16 7 -14 13 
2 11 -12 0 5 10 16 -7 -5 -9 11 0 -4 16 11 15 6 -2 10 1 
45
3
2 17
0 4
14 9
17 2
19 15
5 10
16
2 9 13
1 4 14
10 1 16
3 16 12
0 14 15
12 2 8
15 18 13
0 12 12
17 10 13
18 15 14
9 18 16
16 3 12
19 5 15
7 17 8
4 1 13
19 7 12
0
