20 20
5 0 -5 1 -2 5 0 4 2 2 4 3 3 -3 5 4 -4 4 0 2 
-3 -2 5 4 5 4 4 1 -3 5 3 -1 -5 4 3 1 3 5 4 3 
5 2 3 -4 5 -3 -5 3 -2 4 -3 -4 5 3 4 3 1 5 3 3 
-2 5 -4 3 5 3 1 5 0 5 0 -5 3 0 5 5 -3 5 2 -4 
4 -3 3 4 2 1 2 1 1 5 4 -2 2 1 3 2 4 4 2 5 
3 2 -3 5 5 3 0 2 -5 4 3 -2 4 4 -1 -2 4 5 4 2 
5 4 -3 1 4 -5 -3 5 0 2 5 4 1 5 1 3 2 1 -5 -4 
3 2 3 0 -5 -3 4 3 2 4 -1 1 -2 -3 1 4 -5 -1 5 0 
3 1 3 5 1 3 -4 3 2 3 4 0 1 1 4 1 1 5 4 -4 
3 -4 4 5 3 -1 0 5 3 3 1 -3 1 1 2 3 0 -5 5 1 
1 5 -5 0 3 2 1 1 -3 1 3 3 5 0 -1 3 5 4 -4 3 
-4 4 5 1 1 4 1 1 0 4 3 2 3 -4 3 1 5 3 1 3 
0 5 -1 -5 4 1 -3 -2 1 -1 4 2 3 4 -3 -5 0 3 2 3 
-4 -5 1 2 3 1 5 1 4 5 2 0 5 -3 -5 4 1 -3 4 5 
2 4 5 4 -2 -1 4 4 -2 3 4 -5 2 0 3 5 5 -3 2 3 
5 2 4 4 2 3 1 2 -2 4 5 1 1 2 1 2 4 3 -3 4 
-4 2 5 -3 5 5 0 3 -5 0 5 0 5 1 3 5 3 -4 5 -2 
3 3 5 1 3 4 3 5 -4 -3 4 -2 3 -5 -3 5 -4 3 2 5 
3 4 5 3 1 3 4 -5 -1 3 5 -3 1 4 4 5 4 5 -2 -3 
2 0 4 -4 4 5 -3 3 3 4 2 2 4 0 5 -2 1 -5 0 5 
33
2
0 9
10 6
19 10
9 13
14
17 9 10
8 2 10
19 2 11
5 12 14
14 19 16
8 15 16
2 16 13
2 10 10
11 17 10
0 17 11
14 7 14
5 0 16
11 4 16
17 3 13
0
