20 20
1 5 3 2 -5 7 -2 7 -2 -9 0 7 0 -11 5 8 4 -8 3 0 
9 1 -9 2 -8 9 0 1 -8 7 5 2 7 3 -8 5 4 -6 2 3 
7 -4 -6 3 4 8 6 5 3 -1 -11 6 5 8 3 -5 -1 -7 3 7 
-1 10 -1 8 7 8 3 -8 0 6 4 4 2 9 4 -11 7 6 -3 -9 
1 0 8 9 4 4 9 7 5 8 -7 6 -5 -10 11 -8 9 2 7 -5 
-4 9 -5 2 4 5 5 -2 5 3 -5 -2 3 5 6 6 -1 -11 2 10 
-6 1 8 7 -10 5 0 6 1 -10 5 5 1 8 7 2 -5 4 9 1 
-4 -10 0 -9 -11 4 -3 -11 8 -8 0 3 5 -9 6 -6 10 -3 9 5 
11 2 -6 1 -2 7 -11 2 -6 -6 0 3 8 11 4 2 2 0 8 11 
7 -7 10 6 2 2 1 9 6 2 9 -6 2 -10 -7 1 6 10 5 9 
9 5 10 6 1 -7 -10 2 -6 9 2 6 9 1 2 2 6 10 -7 7 
11 8 0 2 2 4 11 8 3 0 -6 -6 2 -11 7 -2 1 -6 2 11 
5 9 -3 10 -6 6 -9 5 3 0 -8 8 -11 -3 4 -11 -9 0 -10 -4 
1 9 4 -5 2 7 8 1 5 5 -10 1 6 0 5 -10 7 8 1 -6 
10 2 -11 -1 6 6 5 3 -2 -5 3 5 -2 5 5 4 2 -5 9 -4 
-5 7 2 9 -8 11 -10 -5 6 -7 8 5 7 9 4 4 9 8 0 1 
-9 -3 6 7 -11 4 9 2 4 4 6 0 -8 3 8 7 8 -1 10 -1 
7 3 -7 -1 -5 3 8 5 6 -11 -1 3 5 6 8 4 3 -6 -4 7 
3 2 -6 4 5 -8 3 7 2 5 7 -8 1 0 9 -8 2 -9 1 9 
0 3 -8 4 8 5 -11 0 7 0 -9 -2 7 -2 7 -5 2 3 5 1 
40
8
3 15
8 13
13 12
10 7
11 12
0 11
9 17
4 12
16 4
11 6
6 7
9 12
8 7
19 8
10 2
15 7
8
0 8 13
0 6 9
2 3 8
1 12 14
19 11 13
19 13 9
17 16 8
18 7 14
0
