20 13
-23 17 11 17 11 -11 -22 9 8 -17 3 13 7 
3 16 1 -15 2 22 -3 0 -16 -5 6 -1 11 
21 21 3 4 23 1 4 -23 -5 11 6 23 1 
17 14 -9 10 2 9 23 17 16 -20 20 -4 12 
-20 3 -5 22 9 24 -3 10 12 8 17 -22 9 
23 21 -18 9 1 1 7 2 4 7 9 11 5 
13 5 18 -7 11 11 4 2 9 12 13 23 -24 
6 -23 4 1 3 -5 11 21 14 21 19 19 8 
8 24 13 6 -1 18 9 23 24 18 12 21 22 
-17 13 8 8 9 -13 5 6 3 8 -22 18 19 
19 18 -22 8 3 6 5 -13 9 8 8 13 -17 
22 21 12 18 24 23 9 18 -1 6 13 24 8 
8 19 19 21 14 21 11 -5 3 1 4 -23 6 
-24 23 13 12 9 2 4 11 11 -7 18 5 13 
5 11 9 7 4 2 7 1 1 9 -18 21 23 
9 -22 17 8 12 10 -3 24 9 22 -5 3 -20 
12 -4 20 -20 16 17 23 9 2 10 -9 14 17 
1 23 6 11 -5 -23 4 1 23 4 3 21 21 
11 -1 6 -5 -16 0 -3 22 2 -15 1 16 3 
7 13 3 -17 8 9 -22 -11 11 17 11 17 -23 
59
8
4 2
9 2
12 9
16 7
7 8
9 5
0 7
14 12
15 10
10 10
7 3
3 5
12 4
10 7
19 5
5 0
12
12 1 13
18 8 8
18 5 14
2 12 13
13 6 16
19 4 8
7 11 13
1 4 8
1 7 14
17 0 13
6 6 16
0 8 8
18
7 9
14 0
15 1
8 9
1 8
18 1
4 12
9 8
19 12
12 3
5 12
4 11
11 3
18 4
1 11
15 0
10 4
0 0
