11 17
-6 12 10 0 8 9 9 5 9 9 4 -8 4 12 14 13 -13 
10 -14 14 9 14 6 10 7 1 8 -13 11 1 4 11 -12 -7 
2 -12 11 7 13 2 5 14 8 3 6 12 1 -14 -2 2 9 
-3 4 -3 -9 5 4 12 9 8 -10 9 14 -13 -2 6 6 5 
10 14 -9 2 14 9 12 13 3 9 12 14 2 7 -2 -14 14 
12 8 3 9 -14 13 2 0 -10 0 2 13 -14 9 3 8 12 
14 -14 -2 7 2 14 12 9 3 13 12 9 14 2 -9 14 10 
5 6 6 -2 -13 14 9 -10 8 9 12 4 5 -9 -3 4 -3 
9 2 -2 -14 1 12 6 3 8 14 5 2 13 7 11 -12 2 
-7 -12 11 4 1 11 -13 8 1 7 10 6 14 9 14 -14 10 
-13 13 14 12 4 -8 4 9 9 5 9 9 8 0 10 12 -6 
58
7
6 14
9 15
8 15
5 12
6 2
10 6
8 6
4 2
1 1
2 1
5 4
4 14
0 10
2 10
8
9 4 9
5 15 14
5 3 12
10 4 15
1 12 9
5 1 14
5 13 12
0 12 15
14
3 14
9 10
0 5
8 3
9 7
0 4
6 0
7 2
1 6
10 11
2 13
1 9
10 12
4 16
