13 13
3 -9 20 6 18 8 20 15 25 24 8 -4 8 
13 11 -3 17 12 24 20 -16 24 7 9 24 15 
7 6 -22 21 15 3 -10 20 25 12 6 10 10 
6 22 0 -20 -19 8 19 -10 25 15 9 22 10 
13 6 15 10 12 6 6 9 9 24 6 13 10 
22 -17 -17 -4 1 -9 16 18 -6 24 3 16 -5 
7 -5 -6 12 14 21 19 21 14 12 -6 -5 7 
-5 16 3 24 -6 18 16 -9 1 -4 -17 -17 22 
10 13 6 24 9 9 6 6 12 10 15 6 13 
10 22 9 15 25 -10 19 8 -19 -20 0 22 6 
10 10 6 12 25 20 -10 3 15 21 -22 6 7 
15 24 9 7 24 -16 20 24 12 17 -3 11 13 
8 -4 8 24 25 15 20 8 18 6 20 -9 3 
36
8
4 3
5 3
9 5
9 7
2 5
5 8
11 6
8 10
8 9
7 9
3 7
3 5
10 7
7 4
1 6
4 2
6
6 8 14
10 11 14
10 5 11
6 4 14
2 1 14
2 7 11
14
4 5
7 3
3 0
1 2
0 4
7 12
4 12
8 7
5 9
9 12
11 10
12 8
5 0
8 0
