20 20
-9 5 1 8 10 10 -5 12 7 10 -12 14 -6 10 2 13 -13 4 3 14 
11 10 11 9 -10 -10 -14 13 11 -6 -9 -3 -6 -14 9 -5 12 10 0 8 
11 8 12 13 13 -12 12 13 8 14 -6 12 9 10 14 14 7 3 12 -3 
7 13 3 -5 13 12 11 11 7 12 12 9 1 -4 13 -5 6 4 6 -11 
4 3 14 14 9 12 14 13 12 9 4 -2 2 -11 3 -13 8 -4 12 4 
3 7 3 12 6 13 6 14 -1 -12 11 8 10 9 5 2 9 2 3 3 
6 2 -10 7 13 14 2 9 7 7 -7 -7 -12 3 -3 -14 8 13 3 12 
12 0 -7 2 1 11 2 2 10 13 7 12 13 7 12 6 6 14 11 -8 
11 4 12 8 1 2 2 0 2 -14 1 1 12 13 12 7 14 -4 -7 4 
6 6 8 4 6 5 0 -10 12 6 11 -13 0 13 -14 12 13 1 -9 7 
7 -9 1 13 12 -14 13 0 -13 11 6 12 -10 0 5 6 4 8 6 6 
4 -7 -4 14 7 12 13 12 1 1 -14 2 0 2 2 1 8 12 4 11 
-8 11 14 6 6 12 7 13 12 7 13 10 2 2 11 1 2 -7 0 12 
12 3 13 8 -14 -3 3 -12 -7 -7 7 7 9 2 14 13 7 -10 2 6 
3 3 2 9 2 5 9 10 8 11 -12 -1 14 6 13 6 12 3 7 3 
4 12 -4 8 -13 3 -11 2 -2 4 9 12 13 14 12 9 14 14 3 4 
-11 6 4 6 -5 13 -4 1 9 12 12 7 11 11 12 13 -5 3 13 7 
-3 12 3 7 14 14 10 9 12 -6 14 8 13 12 -12 13 13 12 8 11 
8 0 10 12 -5 9 -14 -6 -3 -9 -6 11 13 -14 -10 -10 9 11 10 11 
14 3 4 -13 13 2 10 -6 14 -12 10 7 12 -5 10 10 8 1 5 -9 
57
3
0 12
7 2
3 10
19 7
12 17
16 9
16
17 0 9
3 13 11
16 18 8
5 8 13
11 0 15
12 19 13
2 0 10
7 3 8
2 19 9
16 6 11
3 1 8
14 11 13
8 19 15
7 0 13
17 19 10
12 16 8
0
