14 10
4 -1 7 2 1 5 8 6 1 2 
3 5 8 7 4 -8 1 3 7 3 
1 1 8 -6 8 -6 3 2 1 1 
8 3 4 5 2 -1 1 8 -2 0 
1 4 7 1 4 1 3 -7 0 3 
7 6 7 1 -2 -7 -1 -2 5 -1 
-7 2 8 3 6 -1 4 5 1 5 
5 1 5 4 -1 6 3 8 2 -7 
-1 5 -2 -1 -7 -2 1 7 6 7 
3 0 -7 3 1 4 1 7 4 1 
0 -2 8 1 -1 2 5 4 3 8 
1 1 2 3 -6 8 -6 8 1 1 
3 7 3 1 -8 4 7 8 5 3 
2 1 6 8 5 1 2 7 -1 4 
44
7
4 0
9 3
3 4
1 0
6 8
2 9
13 9
9 9
4 6
10 5
12 9
7 1
11 0
0 0
10
2 5 9
7 6 10
5 9 9
10 0 16
0 5 10
11 4 9
6 3 10
8 0 9
3 9 16
13 4 10
8
6 4
12 7
8 2
0 6
7 5
1 2
5 7
13 3
