17 11
5 5 3 3 -2 1 -4 1 2 4 -5 
0 5 5 0 5 -5 3 0 4 4 4 
-5 1 3 2 2 4 4 0 5 5 -3 
-4 4 3 2 0 3 4 0 4 4 1 
1 4 1 -3 0 -4 3 2 -5 -1 -3 
-1 -3 4 2 3 4 5 5 1 0 1 
3 5 5 4 2 5 0 1 1 -4 4 
2 -2 4 2 4 -5 5 2 -4 2 2 
2 4 -5 -1 -4 -4 -4 -1 -5 4 2 
2 2 -4 2 5 -5 4 2 4 -2 2 
4 -4 1 1 0 5 2 4 5 5 3 
1 0 1 5 5 4 3 2 4 -3 -1 
-3 -1 -5 2 3 -4 0 -3 1 4 1 
1 4 4 0 4 3 0 2 3 4 -4 
-3 5 5 0 4 4 2 2 3 1 -5 
4 4 4 0 3 -5 5 0 5 5 0 
-5 4 2 1 -4 1 -2 3 3 5 5 
47
2
5 9
14 10
11 1
2 0
12
13 7 12
14 8 12
13 2 11
10 4 16
13 5 15
11 8 13
3 3 12
2 2 12
3 8 11
6 6 16
3 5 15
5 2 13
18
14 5
1 6
7 8
8 10
8 7
14 3
15 3
3 0
6 5
2 5
15 4
9 2
8 0
8 3
2 7
1 7
13 10
10 5
