20 20
-7 4 1 1 -1 3 5 5 -3 7 5 -6 4 2 8 7 5 -5 8 -3 
5 -7 3 0 3 5 8 -5 -8 6 1 3 -6 8 -2 5 7 6 3 8 
2 -3 3 4 8 5 1 -5 8 2 7 0 -3 4 2 -3 6 -5 2 -4 
3 0 3 4 5 -5 0 0 6 8 -2 -7 8 3 3 -3 3 8 6 4 
4 6 8 -3 -4 6 7 4 3 2 2 1 8 3 3 4 4 8 1 -3 
8 7 3 -8 6 -6 5 2 -4 0 0 -1 5 -6 -4 6 2 4 8 4 
8 5 6 -2 4 6 -1 1 -6 -6 8 8 8 7 -8 6 -7 8 6 6 
3 4 6 1 8 6 2 7 8 -1 8 1 -2 7 8 -7 8 1 5 2 
4 6 -3 0 0 5 5 7 5 7 -4 7 6 -2 7 2 5 -8 1 2 
2 3 7 8 3 0 1 -5 6 3 6 5 -6 -3 6 8 3 6 7 2 
2 7 6 3 8 6 -3 -6 5 6 3 6 -5 1 0 3 8 7 3 2 
2 1 -8 5 2 7 -2 6 7 -4 7 5 7 5 5 0 0 -3 6 4 
2 5 1 8 -7 8 7 -2 1 8 -1 8 7 2 6 8 1 6 4 3 
6 6 8 -7 6 -8 7 8 8 8 -6 -6 1 -1 6 4 -2 6 5 8 
4 8 4 2 6 -4 -6 5 -1 0 0 -4 2 5 -6 6 -8 3 7 8 
-3 1 8 4 4 3 3 8 1 2 2 3 4 7 6 -4 -3 8 6 4 
4 6 8 3 -3 3 3 8 -7 -2 8 6 0 0 -5 5 4 3 0 3 
-4 2 -5 6 -3 2 4 -3 0 7 2 8 -5 1 5 8 4 3 -3 2 
8 3 6 7 5 -2 8 -6 3 1 6 -8 -5 8 5 3 0 3 -7 5 
-3 8 -5 5 7 8 2 4 -6 5 7 -3 5 5 3 -1 1 1 4 -7 
41
8
6 2
18 2
8 15
15 14
18 3
2 1
12 19
19 18
13 17
1 17
11 4
4 5
1 16
17 18
7 0
0 1
16
1 18 13
7 14 8
19 7 15
2 12 16
3 11 12
6 3 15
8 2 13
5 4 14
18 1 13
12 5 8
0 12 15
17 7 16
16 8 12
13 16 15
11 17 13
14 15 14
0
