10 20
3 1 5 1 -3 3 5 3 -4 5 0 -5 -4 1 1 5 3 3 5 5 
-5 3 -1 5 5 0 0 2 4 3 3 3 2 -1 4 4 -2 3 3 5 
1 3 -1 3 -2 1 2 3 2 -1 5 2 4 2 1 0 1 3 5 1 
-2 -2 0 3 0 -4 0 0 2 -2 -1 -5 1 3 2 2 -2 2 1 2 
0 2 1 0 0 3 5 -3 0 -4 1 0 -1 0 4 3 4 4 -5 4 
4 -5 4 4 3 4 0 -1 0 1 -4 0 -3 5 3 0 0 1 2 0 
2 1 2 -2 2 2 3 1 -5 -1 -2 2 0 0 -4 0 3 0 -2 -2 
1 5 3 1 0 1 2 4 2 5 -1 2 3 2 1 -2 3 -1 3 1 
5 3 3 -2 4 4 -1 2 3 3 3 4 2 0 0 5 5 -1 3 -5 
5 5 3 3 5 1 1 -4 -5 0 5 -4 3 5 3 -3 1 5 1 3 
48
6
3 10
7 17
2 16
2 18
2 19
0 6
6 9
2 2
7 3
7 1
7 0
9 13
10
2 8 13
4 17 12
1 13 13
2 9 16
8 3 15
7 11 13
5 2 12
8 6 13
7 10 16
1 16 15
18
5 16
9 5
5 14
5 7
6 1
1 4
5 0
8 12
9 2
4 3
0 14
4 5
4 12
3 18
8 15
4 19
1 7
0 17
