11 20
4 5 7 1 4 5 5 5 2 -1 -2 -1 -4 0 4 -6 -7 6 0 -7 
5 0 2 4 -4 -2 3 4 -7 2 3 6 -4 5 7 3 -3 7 0 -5 
2 4 6 5 -1 3 -3 5 1 -7 3 2 4 6 5 -6 6 2 7 -1 
1 2 6 0 0 5 0 3 -2 5 4 -1 3 -4 -1 0 2 7 4 -3 
4 3 -3 2 -1 1 -3 2 0 -1 1 3 -4 1 1 1 1 4 -5 3 
4 6 1 -6 7 7 4 1 -1 -6 -6 -1 1 4 7 7 -6 1 6 4 
3 -5 4 1 1 1 1 -4 3 1 -1 0 2 -3 1 -1 2 -3 3 4 
-3 4 7 2 0 -1 -4 3 -1 4 5 -2 3 0 5 0 0 6 2 1 
-1 7 2 6 -6 5 6 4 2 3 -7 1 5 -3 3 -1 5 6 4 2 
-5 0 7 -3 3 7 5 -4 6 3 2 -7 4 3 -2 -4 4 2 0 5 
-7 0 6 -7 -6 4 0 -4 -1 -2 -1 2 5 5 5 4 1 7 5 4 
31
7
4 10
7 15
1 14
1 4
1 9
4 8
7 11
6 9
3 4
9 5
9 15
9 10
6 11
3 8
14
8 18 16
10 18 9
6 12 14
7 5 10
0 14 14
3 16 11
0 4 11
2 1 16
0 1 9
4 7 14
3 14 10
10 5 14
7 3 11
10 15 11
14
3 18
3 7
10 2
2 5
2 8
7 14
9 3
7 1
7 12
0 17
8 14
8 11
3 5
1 16
