20 20
3 -1 9 5 10 14 7 1 12 4 -11 -5 13 -5 1 8 9 -4 7 11 
4 8 0 -6 2 11 2 11 11 -11 8 -8 13 2 5 2 6 5 14 -15 
-15 11 9 9 -6 11 10 12 9 2 12 2 11 -7 14 12 -12 10 10 10 
9 -15 5 3 6 -4 -3 14 14 -5 13 14 15 -11 14 9 10 -10 -5 2 
7 -13 14 6 -14 1 12 -3 -2 9 15 -14 -1 -3 2 3 13 13 -13 -15 
-6 11 -10 -2 10 2 0 13 14 -9 14 9 4 15 -14 8 9 12 -12 7 
4 -4 6 1 -15 -10 -4 3 -11 10 8 8 7 5 -15 6 15 6 3 -14 
2 14 -15 9 -12 13 0 -15 9 13 -7 12 -4 15 13 0 15 -5 9 6 
-11 7 2 2 1 -3 5 15 14 10 -13 -3 14 9 13 5 12 -12 13 -13 
-1 6 15 14 4 11 10 -12 -5 5 -3 8 -5 -5 14 13 2 10 -14 3 
3 -14 10 2 13 14 -5 -5 8 -3 5 -5 -12 10 11 4 14 15 6 -1 
-13 13 -12 12 5 13 9 14 -3 -13 10 14 15 5 -3 1 2 2 7 -11 
6 9 -5 15 0 13 15 -4 12 -7 13 9 -15 0 13 -12 9 -15 14 2 
-14 3 6 15 6 -15 5 7 8 8 10 -11 3 -4 -10 -15 1 6 -4 4 
7 -12 12 9 8 -14 15 4 9 14 -9 14 13 0 2 10 -2 -10 11 -6 
-15 -13 13 13 3 2 -3 -1 -14 15 9 -2 -3 12 1 -14 6 14 -13 7 
2 -5 -10 10 9 14 -11 15 14 13 -5 14 14 -3 -4 6 3 5 -15 9 
10 10 10 -12 12 14 -7 11 2 12 2 9 12 10 11 -6 9 9 11 -15 
-15 14 5 6 2 5 2 13 -8 8 -11 11 11 2 11 2 -6 0 8 4 
11 7 -4 9 8 1 -5 13 -5 -11 4 12 1 7 14 10 5 9 -1 3 
48
6
18 13
4 16
15 12
2 17
0 11
0 7
1 6
15 3
4 7
17 2
19 8
19 12
18
18 4 16
14 2 14
15 18 13
1 4 8
17 10 15
18 19 15
11 3 16
13 7 12
9 19 10
1 15 16
5 17 14
4 1 13
18 15 8
2 9 15
1 0 15
8 16 16
6 12 12
10 0 10
0
