11 20
3 -5 2 0 -3 2 -3 -5 1 4 1 -4 -5 2 4 4 4 6 -6 3 
-2 0 5 0 -3 1 3 4 0 1 -6 3 -5 0 6 2 -3 4 0 -4 
-4 0 2 5 5 6 1 3 -3 6 -1 -3 2 1 0 6 4 3 5 2 
1 -3 1 1 2 2 -2 1 -3 -2 -5 -1 -5 5 0 5 1 -5 -2 6 
0 5 4 -2 4 6 6 -3 -5 -3 4 4 5 0 6 -2 -3 2 0 3 
-3 4 5 4 0 5 5 4 3 4 4 3 4 5 5 0 4 5 4 -3 
3 0 2 -3 -2 6 0 5 4 4 -3 -5 -3 6 6 4 -2 4 5 0 
6 -2 -5 1 5 0 5 -5 -1 -5 -2 -3 1 -2 2 2 1 1 -3 1 
2 5 3 4 6 0 1 2 -3 -1 6 -3 3 1 6 5 5 2 0 -4 
-4 0 4 -3 2 6 0 -5 3 -6 1 0 4 3 1 -3 0 5 0 -2 
3 -6 6 4 4 4 2 -5 -4 1 4 1 -5 -3 2 -3 0 2 -5 3 
54
8
6 7
2 8
10 14
5 11
5 7
5 10
6 15
1 6
4 12
8 11
0 5
5 8
5 12
5 9
4 4
9 13
8
7 19 12
3 8 14
2 5 9
1 2 9
3 0 12
7 11 14
8 14 9
9 17 9
22
9 6
10 5
7 13
4 19
3 13
1 19
9 15
10 18
2 19
8 4
8 10
1 13
0 14
3 6
6 0
7 6
9 0
1 4
0 1
8 0
2 15
2 9
