20 20
3 -1 2 -2 1 3 -3 3 5 -2 3 3 3 1 -2 3 -2 1 4 2 
-3 3 2 0 4 2 0 2 1 5 2 2 2 4 0 4 1 2 4 5 
1 4 4 3 1 -5 -2 2 2 0 -4 0 -4 5 5 0 4 -4 1 -3 
5 4 2 -2 1 2 1 5 5 2 4 -1 -1 5 4 1 2 4 -3 1 
1 -3 4 1 3 5 -4 -4 0 -2 2 0 -5 3 3 4 0 1 0 4 
1 -1 0 -5 -5 3 -1 5 5 -4 5 4 1 1 5 5 -3 3 1 -4 
3 -3 4 1 5 5 5 2 5 4 4 1 4 2 3 4 -2 -3 1 -4 
2 -1 0 -3 -3 5 3 3 -1 4 1 3 -4 4 4 2 2 1 2 5 
5 -4 -3 0 -2 3 3 4 2 3 1 5 5 2 3 4 1 5 2 -3 
2 1 1 1 5 3 4 5 4 5 3 2 5 -5 -1 1 2 1 2 0 
0 2 1 2 1 -1 -5 5 2 3 5 4 5 4 3 5 1 1 1 2 
-3 2 5 1 4 3 2 5 5 1 3 2 4 3 3 -2 0 -3 -4 5 
5 2 1 2 2 4 4 -4 3 1 4 -1 3 3 5 -3 -3 0 -1 2 
-4 1 -3 -2 4 3 2 4 1 4 4 5 2 5 5 5 1 4 -3 3 
-4 1 3 -3 5 5 1 1 4 5 -4 5 5 -1 3 -5 -5 0 -1 1 
4 0 1 0 4 3 3 -5 0 2 -2 0 -4 -4 5 3 1 4 -3 1 
1 -3 4 2 1 4 5 -1 -1 4 2 5 5 1 2 1 -2 2 4 5 
-3 1 -4 4 0 5 5 -4 0 -4 0 2 2 -2 -5 1 3 4 4 1 
5 4 2 1 4 0 4 2 2 2 5 1 2 0 2 4 0 2 3 -3 
2 4 1 -2 3 -2 1 3 3 3 -2 5 3 -3 3 1 -2 2 -1 3 
40
8
4 16
13 0
16 11
14 1
4 11
19 16
17 8
10 6
15 3
6 19
3 8
5 18
15 8
0 3
2 11
9 13
16
5 10 16
0 11 13
5 16 14
16 12 14
5 17 9
8 16 10
6 10 11
17 16 11
14 9 16
19 8 13
14 3 14
3 7 14
14 2 9
11 3 10
13 9 11
2 3 11
0
