18 16
-3 7 6 10 12 -11 2 2 0 14 5 -3 5 9 12 14 
-15 1 -4 16 4 8 7 15 16 8 16 0 16 3 9 8 
1 13 7 10 11 12 -4 16 7 -2 -16 5 2 3 11 -7 
-11 -5 -9 -15 7 -16 14 4 13 -12 11 2 11 10 -12 -12 
13 13 5 1 11 2 4 4 14 6 -2 4 -7 12 14 2 
3 6 7 13 9 12 4 10 -9 10 0 -6 6 3 8 -12 
14 7 8 -4 7 8 9 9 13 -16 -13 -2 3 6 13 1 
11 -6 11 7 -2 -13 13 -4 16 4 16 12 15 13 -2 8 
3 14 -9 -15 15 15 2 10 8 14 -6 -15 12 0 -14 -10 
-10 -14 0 12 -15 -6 14 8 10 2 15 15 -15 -9 14 3 
8 -2 13 15 12 16 4 16 -4 13 -13 -2 7 11 -6 11 
1 13 6 3 -2 -13 -16 13 9 9 8 7 -4 8 7 14 
-12 8 3 6 -6 0 10 -9 10 4 12 9 13 7 6 3 
2 14 12 -7 4 -2 6 14 4 4 2 11 1 5 13 13 
-12 -12 10 11 2 11 -12 13 4 14 -16 7 -15 -9 -5 -11 
-7 11 3 2 5 -16 -2 7 16 -4 12 11 10 7 13 1 
8 9 3 16 0 16 8 16 15 7 8 4 16 -4 1 -15 
14 12 9 5 -3 5 14 0 2 2 -11 12 10 6 7 -3 
31
2
0 2
4 10
17 13
13 5
6
6 13 9
17 11 13
15 8 10
11 2 9
0 4 13
2 7 10
22
9 13
15 12
12 15
2 15
4 15
14 1
15 2
11 14
6 3
4 11
0 13
8 2
2 3
5 0
15 0
13 0
3 14
2 13
6 1
11 12
13 4
17 2
