11 15
21 2 12 19 4 13 -17 23 19 23 -7 13 -23 2 -3 
3 -15 -15 16 5 7 18 7 23 13 6 -4 21 10 13 
12 23 18 3 18 9 -18 17 20 -1 4 -4 18 5 10 
15 -22 7 12 -1 -5 7 23 -8 17 19 -21 3 7 12 
19 5 1 -8 7 21 0 4 4 -13 6 21 -21 21 5 
-15 23 3 8 23 -17 8 23 8 -17 23 8 3 23 -15 
5 21 -21 21 6 -13 4 4 0 21 7 -8 1 5 19 
12 7 3 -21 19 17 -8 23 7 -5 -1 12 7 -22 15 
10 5 18 -4 4 -1 20 17 -18 9 18 3 18 23 12 
13 10 21 -4 6 13 23 7 18 7 5 16 -15 -15 3 
-3 2 -23 13 -7 23 19 23 -17 13 4 19 12 2 21 
38
6
2 3
0 6
9 7
7 12
6 4
5 3
8 11
10 8
1 7
3 2
4 10
5 11
14
10 7 12
8 14 11
2 13 9
8 2 10
10 3 14
2 1 8
4 7 13
0 7 12
2 0 11
8 1 9
2 12 10
0 11 14
8 13 8
6 7 13
12
1 0
6 10
3 4
10 12
4 6
1 8
9 14
4 4
7 10
0 2
6 8
9 6
