20 20
3 13 -11 -11 13 4 15 14 5 1 -15 2 3 -6 10 -11 3 7 2 4 
11 -2 8 8 -9 -13 11 9 14 2 12 -6 15 13 2 5 15 -1 4 15 
2 15 4 -9 15 3 8 -9 4 5 11 9 6 4 -15 6 12 -7 4 -11 
8 -11 3 -4 -8 12 5 4 -10 3 15 12 4 14 13 8 5 -10 4 2 
4 6 3 6 6 11 -13 -4 -6 1 -2 -8 7 12 15 7 3 4 -3 10 
11 7 12 6 -12 8 6 -12 3 9 6 1 11 -14 13 -15 14 15 10 7 
0 -10 11 10 4 0 -14 13 14 5 -5 6 1 15 8 -7 4 -15 12 2 
2 -14 13 3 5 9 12 13 -9 1 13 11 3 2 11 -11 1 7 15 1 
-1 7 -2 4 14 8 15 4 12 -2 0 15 10 -4 14 10 12 -6 -6 5 
12 9 -3 2 7 -2 3 -12 -12 1 6 4 11 -11 -10 -13 -10 15 3 -6 
-6 3 15 -10 -13 -10 -11 11 4 6 1 -12 -12 3 -2 7 2 -3 9 12 
5 -6 -6 12 10 14 -4 10 15 0 -2 12 4 15 8 14 4 -2 7 -1 
1 15 7 1 -11 11 2 3 11 13 1 -9 13 12 9 5 3 13 -14 2 
2 12 -15 4 -7 8 15 1 6 -5 5 14 13 -14 0 4 10 11 -10 0 
7 10 15 14 -15 13 -14 11 1 6 9 3 -12 6 8 -12 6 12 7 11 
10 -3 4 3 7 15 12 7 -8 -2 1 -6 -4 -13 11 6 6 3 6 4 
2 4 -10 5 8 13 14 4 12 15 3 -10 4 5 12 -8 -4 3 -11 8 
-11 4 -7 12 6 -15 4 6 9 11 5 4 -9 8 3 15 -9 4 15 2 
15 4 -1 15 5 2 13 15 -6 12 2 14 9 11 -13 -9 8 8 -2 11 
4 2 7 3 -11 10 -6 3 2 -15 1 5 14 15 4 13 -11 -11 13 3 
52
5
11 15
9 3
11 19
19 16
13 8
8 4
10 16
8 0
0 3
6 11
12
18 2 9
15 17 13
14 13 8
16 8 8
18 13 10
9 4 16
1 17 9
4 2 13
5 6 8
3 11 8
1 6 10
10 15 16
0
