17 19
2 1 8 2 3 8 1 1 3 7 3 7 5 4 5 7 -7 8 2 
1 6 1 5 5 3 -2 -5 0 8 0 1 2 5 4 -7 4 6 3 
5 3 -8 4 6 7 7 0 8 7 -3 -4 -7 -2 3 4 2 3 4 
3 -8 2 2 4 2 8 3 5 6 4 2 8 -4 6 -5 -7 6 -4 
-5 7 -3 7 1 0 6 4 1 6 6 5 3 3 -3 3 6 6 8 
-3 -4 4 -7 7 -4 -3 3 1 7 2 -4 6 7 4 -1 8 -8 -7 
6 4 1 2 -4 2 7 3 3 7 7 4 7 -1 5 1 1 8 8 
-4 3 -7 7 -4 7 -4 -2 1 7 3 2 3 8 -3 4 7 2 4 
0 0 4 -8 -4 2 -6 1 -5 2 -5 1 -6 2 -4 -8 4 0 0 
4 2 7 4 -3 8 3 2 3 7 1 -2 -4 7 -4 7 -7 3 -4 
8 8 1 1 5 -1 7 4 7 7 3 3 7 2 -4 2 1 4 6 
-7 -8 8 -1 4 7 6 -4 2 7 1 3 -3 -4 7 -7 4 -4 -3 
8 6 6 3 -3 3 3 5 6 6 1 4 6 0 1 7 -3 7 -5 
-4 6 -7 -5 6 -4 8 2 4 6 5 3 8 2 4 2 2 -8 3 
4 3 2 4 3 -2 -7 -4 -3 7 8 0 7 7 6 4 -8 3 5 
3 6 4 -7 4 5 2 1 0 8 0 -5 -2 3 5 5 1 6 1 
2 8 -7 7 5 4 5 7 3 7 3 1 1 8 3 2 8 1 2 
50
5
13 18
8 0
0 11
3 13
3 2
3 0
8 18
16 7
13 5
13 16
12
11 8 9
2 18 12
2 12 14
12 7 9
11 6 12
7 11 16
5 10 9
14 0 12
14 6 14
4 11 9
5 12 12
9 7 16
26
0 2
11 12
4 12
3 1
8 3
12 9
14 9
11 9
10 2
4 7
8 10
0 18
7 16
16 16
5 6
12 6
13 17
8 15
4 9
2 9
5 9
6 16
12 11
8 8
16 0
9 2
