11 16
9 9 6 6 10 11 -1 2 5 12 5 10 9 11 2 11 
-7 5 11 -2 6 6 5 5 11 2 -8 -5 7 7 7 3 
4 12 0 6 5 11 7 10 11 8 0 1 9 -6 4 0 
7 3 7 6 3 0 3 4 2 9 8 -9 8 1 -3 0 
10 11 2 -3 -1 11 4 11 -10 3 -1 -2 9 4 9 11 
-12 7 7 3 12 -5 9 7 7 9 -5 12 3 7 7 -12 
11 9 4 9 -2 -1 3 -10 11 4 11 -1 -3 2 11 10 
0 -3 1 8 -9 8 9 2 4 3 0 3 6 7 3 7 
0 4 -6 9 1 0 8 11 10 7 11 5 6 0 12 4 
3 7 7 7 -5 -8 2 11 5 5 6 6 -2 11 5 -7 
11 2 11 9 10 5 12 5 2 -1 11 10 6 6 9 9 
35
6
6 13
1 3
1 9
3 9
9 7
6 7
4 2
9 12
9 6
7 6
1 8
4 8
12
3 5 15
4 12 15
7 2 16
0 1 11
4 5 8
2 8 16
7 10 15
6 3 15
3 13 16
10 14 11
6 10 8
8 7 16
14
0 6
5 13
0 11
4 13
7 15
6 8
10 0
10 9
5 2
10 4
6 2
3 0
4 7
0 15
