10 19
4 -6 6 -4 4 -1 2 -2 2 5 5 8 3 5 8 1 -4 4 5 
2 2 8 -5 1 0 5 5 2 1 -2 3 1 5 8 7 7 1 8 
7 -2 0 7 4 -1 -7 5 2 -7 7 1 1 -7 5 7 4 -3 3 
3 7 -7 8 -7 -4 0 4 7 2 3 -6 0 2 6 -7 7 6 2 
1 2 4 6 3 1 -5 2 -6 -8 -1 8 7 1 4 4 8 7 2 
2 7 8 4 4 1 7 8 -1 -8 -6 2 -5 1 3 6 4 2 1 
2 6 7 -7 6 2 0 -6 3 2 7 4 0 -4 -7 8 -7 7 3 
3 -3 4 7 5 -7 1 1 7 -7 2 5 -7 -1 4 7 0 -2 7 
8 1 7 7 8 5 1 3 -2 1 2 5 5 0 1 -5 8 2 2 
5 4 -4 1 8 5 3 8 5 5 2 -2 2 -1 4 -4 6 -6 4 
59
5
3 15
4 15
4 9
4 12
3 5
6 3
5 3
5 9
5 6
6 13
20
4 1 10
3 18 14
8 7 16
7 10 15
8 12 12
4 7 10
5 16 9
3 6 11
6 11 13
1 9 8
5 17 10
6 0 14
1 11 16
2 8 15
1 6 12
5 11 10
4 2 9
6 12 11
3 7 13
8 9 8
12
7 15
0 11
9 6
9 13
0 15
3 14
2 3
9 7
0 12
0 5
9 3
6 4
