12 19
3 1 8 5 12 -11 4 5 4 -7 9 14 -1 -15 5 -9 -3 11 11 
3 1 8 12 11 -8 3 3 -2 -5 12 12 5 -1 15 -10 8 10 -6 
3 15 -12 3 -8 -1 0 3 6 12 8 0 1 9 6 9 14 11 -6 
4 -2 5 -1 -11 13 7 13 6 15 7 3 9 2 13 13 -11 9 9 
14 -5 8 0 3 0 10 6 9 6 8 -10 1 -7 15 15 13 -11 14 
4 9 8 15 11 5 9 14 0 -8 1 7 15 15 2 2 5 -14 5 
5 -14 5 2 2 15 15 7 1 -8 0 14 9 5 11 15 8 9 4 
14 -11 13 15 15 -7 1 -10 8 6 9 6 10 0 3 0 8 -5 14 
9 9 -11 13 13 2 9 3 7 15 6 13 7 13 -11 -1 5 -2 4 
-6 11 14 9 6 9 1 0 8 12 6 3 0 -1 -8 3 -12 15 3 
-6 10 8 -10 15 -1 5 12 12 -5 -2 3 3 -8 11 12 8 1 3 
11 11 -3 -9 5 -15 -1 14 9 -7 4 5 4 -11 12 5 8 1 3 
39
2
11 7
9 1
0 11
2 17
14
11 0 12
8 15 15
7 18 10
1 7 8
2 6 16
8 12 11
8 9 8
0 18 12
3 3 15
4 0 10
10 11 8
9 12 16
3 6 11
3 9 8
18
2 14
0 7
4 3
10 7
10 2
10 15
10 17
1 6
5 4
9 4
11 11
7 15
1 11
1 16
1 3
1 1
10 12
6 14
