17 18
7 9 6 10 1 -13 -1 4 4 6 -9 -10 10 5 12 0 -10 2 
2 9 -4 4 4 6 -8 3 7 4 4 10 4 3 9 3 -9 -11 
5 -11 14 12 12 11 8 16 -9 9 -4 15 6 13 -16 6 6 13 
-5 2 -13 0 13 3 4 16 7 3 -3 -13 -10 -3 4 7 3 7 
13 3 1 7 3 -13 -16 -15 3 -7 1 16 8 15 16 -3 4 8 
1 13 -10 3 15 4 6 9 12 14 5 16 11 2 -2 10 15 11 
0 5 3 14 13 15 14 6 13 0 -6 3 -10 2 -13 2 14 -12 
16 2 0 5 -7 -11 9 -9 10 0 12 9 2 16 5 4 2 2 
-8 6 0 12 -9 7 9 15 0 0 15 9 7 -9 12 0 6 -8 
2 2 4 5 16 2 9 12 0 10 -9 9 -11 -7 5 0 2 16 
-12 14 2 -13 2 -10 3 -6 0 13 6 14 15 13 14 3 5 0 
11 15 10 -2 2 11 16 5 14 12 9 6 4 15 3 -10 13 1 
8 4 -3 16 15 8 16 1 -7 3 -15 -16 -13 3 7 1 3 13 
7 3 7 4 -3 -10 -13 -3 3 7 16 4 3 13 0 -13 2 -5 
13 6 6 -16 13 6 15 -4 9 -9 16 8 11 12 12 14 -11 5 
-11 -9 3 9 3 4 10 4 4 7 3 -8 6 4 4 -4 9 2 
2 -10 0 12 5 10 -10 -9 6 4 4 -1 -13 1 10 6 9 7 
40
8
12 5
1 17
11 3
12 2
15 13
12 15
5 8
11 16
4 12
15 0
5 14
4 15
1 4
4 2
11 9
5 1
12
16 7 16
12 6 8
3 12 13
2 1 13
0 2 12
8 5 9
0 10 16
4 11 8
13 5 13
14 16 13
16 15 12
8 12 9
20
3 1
6 2
6 7
4 8
4 3
1 10
2 9
8 2
4 10
3 13
13 16
10 15
10 10
12 9
12 14
15 7
14 8
8 15
12 7
13 4
