14 20
2 -1 0 2 0 1 0 1 1 3 3 -2 3 0 2 3 0 2 3 3 
-1 -2 3 1 2 1 3 -2 3 2 -2 2 -3 -1 -2 2 2 3 2 1 
3 -3 3 0 2 0 1 2 -1 2 2 3 -1 0 2 1 -2 0 -3 3 
0 -3 0 2 2 -3 2 2 2 2 2 2 0 2 3 -1 -2 3 0 3 
1 -3 2 1 2 -3 1 1 3 -1 3 1 3 2 3 2 -3 1 2 -3 
1 3 0 1 -3 3 -1 0 1 0 2 -2 1 3 -2 2 1 -2 3 2 
3 1 2 2 0 2 3 3 2 1 -3 1 3 -3 1 3 0 -1 3 1 
1 3 -1 0 3 1 -3 3 1 -3 1 2 3 3 2 0 2 2 1 3 
2 3 -2 1 2 -2 3 1 -2 2 0 1 0 -1 3 -3 1 0 3 1 
-3 2 1 -3 2 3 2 3 1 3 -1 3 1 1 -3 2 1 2 -3 1 
3 0 3 -2 -1 3 2 0 2 2 2 2 2 2 -3 2 2 0 -3 0 
3 -3 0 -2 1 2 0 -1 3 2 2 -1 2 1 0 2 0 3 -3 3 
1 2 3 2 2 -2 -1 -3 2 -2 2 3 -2 3 1 2 1 3 -2 -1 
3 3 2 0 3 2 0 3 -2 3 3 1 1 0 1 0 2 0 -1 2 
44
4
8 1
8 0
8 13
7 10
5 18
5 19
5 6
6 9
16
8 15 10
2 0 11
0 17 15
5 11 11
9 13 10
6 12 16
12 3 8
4 5 12
5 4 10
11 19 11
13 2 15
8 8 11
4 6 10
7 7 16
1 16 8
9 14 12
24
6 10
10 11
11 16
8 9
9 17
11 17
11 15
3 16
12 15
3 5
10 13
3 4
7 9
3 8
2 3
5 10
4 2
2 2
2 4
10 3
1 4
10 14
3 6
10 15
