20 20
9 3 12 12 3 4 6 -1 10 -5 1 4 14 13 -11 -13 15 10 2 5 
15 15 -5 -4 4 -5 -5 6 7 10 -5 7 1 -2 3 0 13 11 1 -13 
9 10 -8 10 7 15 5 11 3 9 -9 1 15 8 -2 9 -11 13 -10 15 
1 -6 3 2 -11 -13 -13 14 4 4 11 4 2 10 -11 -6 -14 3 -10 4 
13 10 7 4 11 13 4 9 11 8 9 -7 -11 2 5 -4 13 4 -10 -1 
4 -3 0 1 10 14 11 8 6 3 4 7 -8 1 12 3 -3 -5 1 8 
7 2 2 -15 13 -1 10 3 13 14 -1 3 14 -8 -2 -8 13 11 4 7 
0 5 14 1 -6 9 -10 13 5 14 6 -1 14 -12 6 11 9 3 5 15 
-8 -12 -13 10 -8 -3 -8 10 10 -8 -8 1 3 -9 6 1 2 14 10 5 
13 11 15 10 -4 12 9 9 4 3 4 -8 4 7 5 -8 15 8 1 0 
0 1 8 15 -8 5 7 4 -8 4 3 4 9 9 12 -4 10 15 11 13 
5 10 14 2 1 6 -9 3 1 -8 -8 10 10 -8 -3 -8 10 -13 -12 -8 
15 5 3 9 11 6 -12 14 -1 6 14 5 13 -10 9 -6 1 14 5 0 
7 4 11 13 -8 -2 -8 14 3 -1 14 13 3 10 -1 13 -15 2 2 7 
8 1 -5 -3 3 12 1 -8 7 4 3 6 8 11 14 10 1 0 -3 4 
-1 -10 4 13 -4 5 2 -11 -7 9 8 11 9 4 13 11 4 7 10 13 
4 -10 3 -14 -6 -11 10 2 4 11 4 4 14 -13 -13 -11 2 3 -6 1 
15 -10 13 -11 9 -2 8 15 1 -9 9 3 11 5 15 7 10 -8 10 9 
-13 1 11 13 0 3 -2 1 7 -5 10 7 6 -5 -5 4 -4 -5 15 15 
5 2 10 15 -13 -11 13 14 4 1 -5 10 -1 6 4 3 12 12 3 9 
49
2
0 6
7 2
19 13
12 17
20
1 15 14
3 19 11
4 8 10
13 15 10
3 4 10
0 11 8
6 0 8
12 10 9
17 4 10
2 18 16
18 4 14
16 0 11
15 11 10
6 4 10
16 15 10
19 8 8
13 19 8
7 9 9
2 15 10
17 1 16
0
