14 10
9 -8 6 9 -3 6 2 13 11 9 
2 4 8 10 7 11 -9 -8 6 4 
6 4 -9 0 4 1 9 9 0 9 
1 7 2 9 2 -2 6 8 7 -13 
3 7 -13 11 -2 13 13 6 9 4 
4 0 10 11 -12 1 4 13 -12 -11 
4 4 4 1 4 -5 9 -10 13 7 
7 13 -10 9 -5 4 1 4 4 4 
-11 -12 13 4 1 -12 11 10 0 4 
4 9 6 13 13 -2 11 -13 7 3 
-13 7 8 6 -2 2 9 2 7 1 
9 0 9 9 1 4 0 -9 4 6 
4 6 -8 -9 11 7 10 8 4 2 
9 11 13 2 6 -3 9 6 -8 9 
48
7
11 3
12 7
0 5
2 7
3 6
6 7
6 0
2 6
1 2
13 4
11 2
10 3
7 2
7 9
16
12 9 9
12 1 16
0 6 9
9 4 16
9 2 13
6 8 15
1 9 13
11 0 11
1 0 9
1 8 16
13 3 9
4 5 16
4 7 13
7 1 15
12 0 13
2 9 11
10
7 6
4 9
3 4
6 9
10 0
6 3
9 0
10 5
7 0
3 9
