17 16
4 3 3 1 1 -3 4 0 5 1 -4 2 4 -1 5 -4 
5 3 1 4 5 -1 2 -5 -4 -2 -1 4 1 -2 5 4 
1 -1 5 3 -2 -5 -1 -4 1 2 4 -4 5 2 -2 2 
0 1 2 -1 1 2 -4 3 3 4 2 5 1 -2 3 3 
-1 5 -4 -5 3 3 4 5 -2 3 4 0 1 2 -4 -3 
1 0 4 0 0 -3 0 4 -4 -5 0 -5 3 5 2 5 
4 -5 4 4 3 2 0 1 2 -4 1 0 1 3 -1 2 
1 3 -2 4 2 3 0 1 5 -5 2 2 2 1 5 -1 
-1 2 2 2 3 1 -5 1 1 -5 1 3 2 2 2 -1 
-1 5 1 2 2 2 -5 5 1 0 3 2 4 -2 3 1 
2 -1 3 1 0 1 -4 2 1 0 2 3 4 4 -5 4 
5 2 5 3 -5 0 -5 -4 4 0 -3 0 0 4 0 1 
-3 -4 2 1 0 4 3 -2 5 4 3 3 -5 -4 5 -1 
3 3 -2 1 5 2 4 3 3 -4 2 1 -1 2 1 0 
2 -2 2 5 -4 4 2 1 -4 -1 -5 -2 3 5 -1 1 
4 5 -2 1 4 -1 -2 -4 -5 2 -1 5 4 1 3 5 
-4 5 -1 4 2 -4 1 5 0 4 -3 1 1 3 3 4 
41
2
14 2
5 12
2 13
11 3
8
4 10 8
5 8 13
6 3 11
4 1 10
12 5 8
11 7 13
10 12 11
12 14 10
20
12 6
3 11
15 8
11 6
10 5
16 9
1 4
10 14
13 6
16 11
4 9
13 4
1 7
5 9
6 10
0 6
15 11
6 1
3 9
0 4
