20 11
-4 13 9 4 14 5 -12 12 1 4 9 
14 -2 -1 1 -5 2 14 9 13 1 3 
9 11 14 1 13 14 8 -5 4 8 -2 
5 -3 9 9 9 7 1 5 0 7 4 
7 -13 5 3 12 6 0 7 -10 3 -3 
8 -1 9 7 1 7 12 1 -4 -3 2 
1 9 12 5 11 -4 5 3 2 -6 -3 
2 6 4 4 7 -3 0 6 13 -13 4 
-14 12 2 -14 14 8 2 12 0 6 10 
2 -11 -4 13 -3 10 -13 5 12 8 13 
13 8 12 5 -13 10 -3 13 -4 -11 2 
10 6 0 12 2 8 14 -14 2 12 -14 
4 -13 13 6 0 -3 7 4 4 6 2 
-3 -6 2 3 5 -4 11 5 12 9 1 
2 -3 -4 1 12 7 1 7 9 -1 8 
-3 3 -10 7 0 6 12 3 5 -13 7 
4 7 0 5 1 7 9 9 9 -3 5 
-2 8 4 -5 8 14 13 1 14 11 9 
3 1 13 9 14 2 -5 1 -1 -2 14 
9 4 1 12 -12 5 14 4 9 13 -4 
39
3
1 6
8 5
10 8
18 4
11 5
9 2
12
12 1 15
0 1 11
0 2 10
8 3 16
12 5 13
12 10 10
7 9 15
19 9 11
19 8 10
11 7 16
7 5 13
7 0 10
22
9 3
17 1
10 3
15 3
3 6
18 2
8 4
1 9
16 3
17 3
19 6
10 7
2 9
9 7
4 7
16 4
1 8
11 6
18 1
3 7
2 7
0 4
