20 11
3 15 1 17 -11 -17 -13 21 17 8 23 
6 3 21 -12 14 12 -8 12 -4 -2 21 
14 -17 1 8 18 10 10 2 14 15 1 
5 13 23 -5 14 7 -16 22 14 0 18 
-17 15 9 13 13 2 6 -5 -10 4 7 
22 -13 -11 9 -21 22 0 1 16 10 16 
12 2 7 -10 16 22 14 12 -18 15 18 
11 -5 -18 -17 -5 5 -11 -5 -11 20 12 
21 7 5 20 -11 -10 8 6 -3 3 14 
13 19 14 23 4 -13 6 12 10 21 8 
8 21 10 12 6 -13 4 23 14 19 13 
14 3 -3 6 8 -10 -11 20 5 7 21 
12 20 -11 -5 -11 5 -5 -17 -18 -5 11 
18 15 -18 12 14 22 16 -10 7 2 12 
16 10 16 1 0 22 -21 9 -11 -13 22 
7 4 -10 -5 6 2 13 13 9 15 -17 
18 0 14 22 -16 7 14 -5 23 13 5 
1 15 14 2 10 10 18 8 1 -17 14 
21 -2 -4 12 -8 12 14 -12 21 3 6 
23 8 17 21 -13 -17 -11 17 1 15 3 
47
4
10 1
12 8
10 0
1 7
9 9
7 2
9 10
18 3
12
5 6 16
13 6 10
0 9 8
3 0 16
8 3 11
6 2 9
14 4 16
6 4 10
19 1 8
16 10 16
11 7 11
13 8 9
16
6 3
15 5
6 1
2 4
7 5
4 3
4 6
14 3
13 7
4 5
13 9
17 6
12 5
15 7
15 4
5 7
