17 15
6 17 0 7 2 8 17 24 -4 16 -18 1 17 -20 8 
15 13 17 11 12 -16 21 12 22 12 18 3 19 3 17 
12 12 -11 7 11 19 1 3 18 21 24 19 0 12 2 
23 10 10 -9 12 9 23 22 8 5 -8 -11 8 20 24 
18 21 -12 15 -1 12 17 -5 12 23 -6 24 20 18 20 
14 -19 16 11 22 18 3 21 19 13 5 -21 15 21 20 
24 13 14 23 11 -6 13 11 10 6 -7 9 5 22 10 
20 9 4 17 2 -10 5 -21 15 17 8 7 18 17 24 
7 5 3 2 5 23 0 16 0 23 5 2 3 5 7 
24 17 18 7 8 17 15 -21 5 -10 2 17 4 9 20 
10 22 5 9 -7 6 10 11 13 -6 11 23 14 13 24 
20 21 15 -21 5 13 19 21 3 18 22 11 16 -19 14 
20 18 20 24 -6 23 12 -5 17 12 -1 15 -12 21 18 
24 20 8 -11 -8 5 8 22 23 9 12 -9 10 10 23 
2 12 0 19 24 21 18 3 1 19 11 7 -11 12 12 
17 3 19 3 18 12 22 12 21 -16 12 11 17 13 15 
8 -20 17 1 -18 16 -4 24 17 8 2 7 0 17 6 
40
3
4 14
14 12
13 1
12 0
2 2
3 13
20
16 4 16
3 11 8
14 1 8
11 7 14
15 11 13
3 6 13
10 9 12
9 12 10
9 8 8
15 3 14
0 10 16
13 3 8
2 13 8
5 7 14
1 3 13
13 8 13
6 5 12
7 2 10
7 6 8
1 11 14
24
6 13
3 2
3 7
15 2
16 7
8 10
3 0
8 12
10 11
0 4
9 4
6 9
10 1
13 12
13 7
1 12
0 7
8 4
13 14
8 2
6 3
16 10
7 10
10 5
