20 20
10 4 5 3 -4 9 6 9 -7 6 0 1 7 3 0 -4 8 7 -2 5 
10 8 6 -3 10 4 1 -8 5 4 5 2 1 -9 2 -6 -9 8 -10 3 
6 -6 2 -3 3 -3 4 3 6 9 10 8 6 -8 7 -4 5 3 5 4 
4 6 3 8 4 -2 -7 -5 0 -9 8 -6 5 2 7 10 10 6 6 -2 
7 10 -3 6 -8 9 6 5 -8 1 -4 5 6 9 -4 4 8 -6 2 10 
-4 -10 1 -1 2 -7 9 10 4 1 2 -1 1 -4 0 8 -4 7 9 2 
10 10 4 3 2 -5 9 0 4 4 -7 6 5 -8 5 6 7 -4 2 7 
6 -9 2 -3 2 6 -2 -9 -9 2 3 1 -4 4 6 5 -4 -1 -3 8 
6 1 -5 2 9 -1 2 6 4 2 -10 -3 -3 2 9 7 -6 -6 10 10 
10 0 7 3 8 8 -9 9 -1 1 2 -9 2 5 6 -8 -3 0 3 7 
7 3 0 -3 -8 6 5 2 -9 2 1 -1 9 -9 8 8 3 7 0 10 
10 10 -6 -6 7 9 2 -3 -3 -10 2 4 6 2 -1 9 2 -5 1 6 
8 -3 -1 -4 5 6 4 -4 1 3 2 -9 -9 -2 6 2 -3 2 -9 6 
7 2 -4 7 6 5 -8 5 6 -7 4 4 0 9 -5 2 3 4 10 10 
2 9 7 -4 8 0 -4 1 -1 2 1 4 10 9 -7 2 -1 1 -10 -4 
10 2 -6 8 4 -4 9 6 5 -4 1 -8 5 6 9 -8 6 -3 10 7 
-2 6 6 10 10 7 2 5 -6 8 -9 0 -5 -7 -2 4 8 3 6 4 
4 5 3 5 -4 7 -8 6 8 10 9 6 3 4 -3 3 -3 2 -6 6 
3 -10 8 -9 -6 2 -9 1 2 5 4 5 -8 1 4 10 -3 6 8 10 
5 -2 7 8 -4 0 3 7 1 0 6 -7 9 6 9 -4 3 5 4 10 
45
2
8 13
5 6
11 6
14 13
6
17 11 11
15 17 11
17 4 10
2 8 11
4 2 11
2 15 10
0
