17 20
4 -5 6 -5 2 4 -4 5 3 -1 -1 -4 6 3 -1 3 1 4 4 1 
1 6 -2 4 0 5 6 4 5 0 4 6 4 -4 5 4 3 3 3 3 
5 5 1 3 1 3 6 6 1 2 2 -1 6 1 6 4 -4 -5 6 1 
2 0 4 1 2 3 6 4 2 1 -3 6 6 -3 3 1 -6 5 2 3 
3 4 -6 2 -3 3 -6 3 -2 6 5 1 0 2 -3 -6 4 -6 -4 5 
5 5 1 5 2 1 0 1 3 4 5 3 2 -6 6 2 6 -6 0 6 
5 6 5 2 6 5 1 6 6 5 2 6 1 1 -1 -6 1 -2 1 2 
6 0 3 5 2 4 -5 1 3 2 6 3 2 2 -3 2 4 6 -6 1 
2 2 5 1 0 1 1 1 6 2 2 6 1 1 1 0 1 5 2 2 
1 -6 6 4 2 -3 2 2 3 6 2 3 1 -5 4 2 5 3 0 6 
2 1 -2 1 -6 -1 1 1 6 2 5 6 6 1 5 6 2 5 6 5 
6 0 -6 6 2 6 -6 2 3 5 4 3 1 0 1 2 5 1 5 5 
5 -4 -6 4 -6 -3 2 0 1 5 6 -2 3 -6 3 -3 2 -6 4 3 
3 2 5 -6 1 3 -3 6 6 -3 1 2 4 6 3 2 1 4 0 2 
1 6 -5 -4 4 6 1 6 -1 2 2 1 6 6 3 1 3 1 5 5 
3 3 3 3 4 5 -4 4 6 4 0 5 4 6 5 0 4 -2 6 1 
1 4 4 1 3 -1 3 6 -4 -1 -1 3 5 -4 4 2 -5 6 -5 4 
54
2
6 13
9 3
10 6
7 16
18
11 18 13
11 14 8
11 10 10
11 16 11
1 18 15
2 7 15
2 18 10
12 0 14
5 2 10
5 1 13
5 5 8
5 9 10
5 3 11
15 1 15
14 12 15
14 1 10
4 19 14
11 17 10
22
11 0
3 5
3 6
2 11
1 12
1 14
16 15
2 10
0 3
1 8
0 12
5 19
13 14
13 13
14 8
15 7
15 5
0 4
14 9
16 16
15 11
16 7
