13 14
3 4 2 3 2 0 0 3 4 1 2 3 1 -2 
1 4 4 4 2 2 0 4 -1 2 -2 3 4 1 
4 3 0 -3 2 0 2 3 1 2 0 1 -1 3 
0 0 -1 3 4 3 0 1 2 3 3 -1 2 3 
1 1 1 1 1 -4 3 3 -2 2 2 -1 3 -1 
1 3 -1 2 3 2 4 2 1 4 4 3 4 2 
1 -1 3 2 -4 0 2 2 0 -4 2 3 -1 1 
2 4 3 4 4 1 2 4 2 3 2 -1 3 1 
-1 3 -1 2 2 -2 3 3 -4 1 1 1 1 1 
3 2 -1 3 3 2 1 0 3 4 3 -1 0 0 
3 -1 1 0 2 1 3 2 0 2 -3 0 3 4 
1 4 3 -2 2 -1 4 0 2 2 4 4 4 1 
-2 1 3 2 1 4 3 0 0 2 3 2 4 3 
60
8
11 12
11 1
11 13
7 13
6 11
3 6
1 9
4 2
1 1
1 12
1 0
5 0
6 2
9 7
11 4
8 11
20
12 6 14
4 10 8
4 3 10
2 11 15
5 7 11
9 0 15
7 2 12
4 11 9
12 9 15
5 8 9
0 7 14
8 3 8
8 10 10
10 2 15
7 6 11
3 13 15
5 11 12
8 2 9
0 4 15
7 5 9
14
11 9
8 4
8 1
8 9
9 4
2 6
3 0
1 4
4 9
4 12
4 4
3 9
10 7
9 13
