14 19
8 6 12 -10 -12 1 -1 13 -9 -11 10 -9 -7 11 12 -9 5 0 11 
11 2 2 2 3 -6 10 1 8 9 -1 0 5 -4 8 -7 -9 9 -1 
4 -12 -13 12 5 7 5 6 5 12 0 11 11 -7 7 -11 6 3 -13 
6 7 0 -8 4 8 1 1 6 9 0 2 1 4 8 -3 4 13 12 
4 4 6 11 11 7 3 -13 4 3 -13 5 7 11 5 10 10 13 -5 
9 7 13 1 6 11 3 11 6 11 13 3 1 -12 13 -7 1 13 1 
-13 1 -9 4 -11 13 12 6 -10 10 6 0 -12 -13 -11 -13 10 10 4 
4 10 10 -13 -11 -13 -12 0 6 10 -10 6 12 13 -11 4 -9 1 -13 
1 13 1 -7 13 -12 1 3 13 11 6 11 3 11 6 1 13 7 9 
-5 13 10 10 5 11 7 5 -13 3 4 -13 3 7 11 11 6 4 4 
12 13 4 -3 8 4 1 2 0 9 6 1 1 8 4 -8 0 7 6 
-13 3 6 -11 7 -7 11 11 0 12 5 6 5 7 5 12 -13 -12 4 
-1 9 -9 -7 8 -4 5 0 -1 9 8 1 10 -6 3 2 2 2 11 
11 0 5 -9 12 11 -7 -9 10 -11 -9 13 -1 1 -12 -10 12 6 8 
57
6
3 1
9 12
4 18
8 9
10 14
8 5
10 17
4 6
9 0
5 9
3 4
5 13
8
4 15 10
12 16 8
4 12 8
13 4 13
9 3 10
1 2 8
9 6 8
0 14 13
22
2 17
0 11
5 15
4 0
3 13
0 6
7 10
10 16
4 14
10 1
10 2
11 1
13 7
8 3
9 18
10 5
13 12
6 8
3 2
9 4
3 17
3 16
