20 20
4 7 0 -11 12 3 12 7 3 4 -7 -5 -7 -11 4 9 6 7 0 10 
10 4 -5 -10 -5 1 4 6 7 -4 8 -5 -3 7 12 -1 3 1 -8 9 
8 5 9 6 8 1 -9 3 3 1 10 2 -1 6 11 0 -1 12 11 11 
-9 6 7 8 10 9 1 -10 -2 3 -7 11 -6 11 8 8 4 8 6 -1 
5 -2 10 9 -1 0 1 2 -11 3 5 -8 5 10 0 -11 -6 1 10 3 
4 -1 2 3 11 6 6 -9 7 5 2 3 4 -4 2 10 7 2 -10 5 
3 12 10 -5 -9 6 6 6 5 7 -6 12 8 0 11 0 11 9 12 -9 
7 6 -7 8 -3 7 -10 -1 -1 3 -2 5 5 6 0 6 11 0 5 -1 
7 3 3 12 -10 6 6 7 -6 -3 6 2 9 1 12 1 0 3 8 -2 
3 12 -4 3 3 0 -12 -2 1 7 4 11 12 4 -9 6 -8 10 4 0 
0 4 10 -8 6 -9 4 12 11 4 7 1 -2 -12 0 3 3 -4 12 3 
-2 8 3 0 1 12 1 9 2 6 -3 -6 7 6 6 -10 12 3 3 7 
-1 5 0 11 6 0 6 5 5 -2 3 -1 -1 -10 7 -3 8 -7 6 7 
-9 12 9 11 0 11 0 8 12 -6 7 5 6 6 6 -9 -5 10 12 3 
5 -10 2 7 10 2 -4 4 3 2 5 7 -9 6 6 11 3 2 -1 4 
3 10 1 -6 -11 0 10 5 -8 5 3 -11 2 1 0 -1 9 10 -2 5 
-1 6 8 4 8 8 11 -6 11 -7 3 -2 -10 1 9 10 8 7 6 -9 
11 11 12 -1 0 11 6 -1 2 10 1 3 3 -9 1 8 6 9 5 8 
9 -8 1 3 -1 12 7 -3 -5 8 -4 7 6 4 1 -5 -10 -5 4 10 
10 0 7 6 9 4 -11 -7 -5 -7 4 3 7 12 3 12 -11 0 7 4 
53
3
15 1
12 0
2 11
4 18
7 19
17 8
14
16 9 16
18 0 16
12 9 13
12 8 15
13 9 15
3 18 11
3 15 11
3 10 16
1 19 16
7 10 13
7 11 15
6 10 15
16 1 11
16 4 11
0
