16 16
12 11 7 11 13 1 14 -2 1 -14 2 2 14 2 -14 -5 
3 12 -11 13 5 13 4 1 7 -10 2 -4 -3 2 10 0 
-4 10 1 -7 0 7 -10 -9 10 12 0 7 -2 -2 2 12 
6 7 7 10 11 1 13 10 10 0 6 -10 1 7 7 -1 
1 -8 -8 14 3 9 -14 -6 -2 -9 9 -11 -13 14 2 8 
-4 -10 8 6 8 4 7 13 1 -9 11 12 12 -11 0 8 
3 3 3 6 14 5 4 10 0 -5 9 2 13 14 12 9 
-10 -1 2 0 14 12 0 3 3 14 12 -5 1 -8 -4 -6 
-6 -4 -8 1 -5 12 14 3 3 0 12 14 0 2 -1 -10 
9 12 14 13 2 9 -5 0 10 4 5 14 6 3 3 3 
8 0 -11 12 12 11 -9 1 13 7 4 8 6 8 -10 -4 
8 2 14 -13 -11 9 -9 -2 -6 -14 9 3 14 -8 -8 1 
-1 7 7 1 -10 6 0 10 10 13 1 11 10 7 7 6 
12 2 -2 -2 7 0 12 10 -9 -10 7 0 -7 1 10 -4 
0 10 2 -3 -4 2 -10 7 1 4 13 5 13 -11 12 3 
-5 -14 2 14 2 2 -14 1 -2 14 1 13 11 7 11 12 
57
3
4 12
7 4
6 0
11 3
8 11
9 15
10
14 7 15
9 14 12
9 2 12
13 9 11
5 11 10
1 8 15
6 1 12
6 13 12
2 6 11
10 4 10
18
0 7
7 14
0 2
3 9
12 5
7 15
7 0
2 13
10 3
15 8
8 1
15 13
12 6
3 10
8 0
8 15
13 2
5 12
