16 13
17 8 27 23 19 12 -13 14 20 8 -18 -10 6 
3 6 8 -21 -27 13 23 7 19 25 12 29 7 
14 8 2 0 7 5 21 -11 -12 27 12 -5 29 
5 19 27 5 13 7 -27 14 29 30 8 6 15 
24 7 1 20 -28 7 -27 19 19 22 22 18 -17 
-28 -2 3 24 -9 16 0 26 12 -3 12 13 -10 
1 17 -29 19 -20 28 22 12 25 30 5 27 13 
-29 -20 10 8 9 17 19 28 13 -6 -4 17 12 
12 17 -4 -6 13 28 19 17 9 8 10 -20 -29 
13 27 5 30 25 12 22 28 -20 19 -29 17 1 
-10 13 12 -3 12 26 0 16 -9 24 3 -2 -28 
-17 18 22 22 19 19 -27 7 -28 20 1 7 24 
15 6 8 30 29 14 -27 7 13 5 27 19 5 
29 -5 12 27 -12 -11 21 5 7 0 2 8 14 
7 29 12 25 19 7 23 13 -27 -21 8 6 3 
6 -10 -18 8 20 14 -13 12 19 23 27 8 17 
44
5
1 3
8 10
12 1
2 7
8 12
14 9
7 2
3 11
13 5
7 0
16
10 12 11
3 2 10
15 0 15
3 5 12
15 7 11
14 5 10
8 0 12
12 9 16
5 0 11
12 10 10
0 12 15
12 7 12
0 5 11
1 7 10
7 12 12
3 3 16
20
14 1
15 4
8 1
4 12
3 12
0 4
2 8
12 3
12 8
8 9
1 11
0 8
7 11
11 0
12 0
15 8
13 4
3 9
3 4
7 3
