18 17
-6 -2 7 4 1 0 4 5 8 4 7 1 6 6 1 1 -2 
4 2 2 -2 7 8 -8 5 2 4 8 3 -8 0 2 7 1 
8 -5 5 4 7 -4 6 8 5 8 -8 -2 0 -1 -2 6 5 
8 -5 2 1 4 1 3 -8 4 -1 5 -5 5 8 -7 7 1 
1 6 6 1 8 0 1 8 4 -4 8 -5 -4 8 1 -6 1 
6 1 -1 4 -8 7 0 3 5 -1 -1 6 1 -6 3 1 6 
1 0 8 3 0 5 0 3 0 5 -3 1 8 6 -1 1 7 
-3 5 8 8 2 8 3 0 2 -4 8 3 5 5 8 4 5 
4 5 7 0 7 2 2 7 -2 6 1 3 -1 1 0 7 -1 
-1 7 0 1 -1 3 1 6 -2 7 2 2 7 0 7 5 4 
5 4 8 5 5 3 8 -4 2 0 3 8 2 8 8 5 -3 
7 1 -1 6 8 1 -3 5 0 3 0 5 0 3 8 0 1 
6 1 3 -6 1 6 -1 -1 5 3 0 7 -8 4 -1 1 6 
1 -6 1 8 -4 -5 8 -4 4 8 1 0 8 1 6 6 1 
1 7 -7 8 5 -5 5 -1 4 -8 3 1 4 1 2 -5 8 
5 6 -2 -1 0 -2 -8 8 5 8 6 -4 7 4 5 -5 8 
1 7 2 0 -8 3 8 4 2 5 -8 8 7 -2 2 2 4 
-2 1 1 6 6 1 7 4 8 5 4 0 1 4 7 -2 -6 
54
7
7 4
2 5
12 13
14 12
15 13
9 10
13 2
10 12
15 11
5 3
3 4
2 3
8 6
4 14
14
4 16 12
6 7 12
10 8 15
12 9 15
10 11 12
7 0 9
11 14 15
13 0 12
11 9 12
7 8 15
5 7 15
7 5 12
10 16 9
6 2 15
28
3 0
5 10
1 16
16 12
3 14
2 1
8 15
5 14
4 5
2 11
5 1
8 14
3 5
12 16
14 16
12 6
16 0
1 4
14 2
15 15
9 1
12 2
13 11
15 5
12 15
9 2
14 11
5 0
