20 20
-12 -10 12 5 2 -12 3 -13 9 11 5 14 8 12 10 7 8 11 9 14 
10 -7 5 8 11 11 1 11 9 -9 0 2 10 -4 4 13 1 -8 0 2 
-13 10 -3 -6 4 0 -9 1 4 4 13 -12 -4 11 7 3 11 12 12 8 
13 -12 5 4 3 12 -10 1 12 4 14 -6 6 -3 1 9 11 14 -3 11 
9 -7 -1 11 10 12 13 1 -6 7 1 -10 2 9 1 4 5 3 13 5 
11 -4 9 6 -1 2 6 13 -6 -4 9 -9 5 1 4 9 10 12 4 6 
6 -3 9 -8 3 -7 11 9 -4 10 6 7 8 -8 8 14 14 9 6 6 
13 11 10 9 7 -9 11 -13 14 13 3 0 9 2 14 14 -12 0 4 10 
-4 -2 1 8 7 8 -4 1 4 -4 12 8 7 10 5 11 9 14 1 11 
9 1 -4 9 -14 7 4 7 8 8 7 4 4 -11 2 4 1 10 1 14 
14 1 10 1 4 2 -11 4 4 7 8 8 7 4 7 -14 9 -4 1 9 
11 1 14 9 11 5 10 7 8 12 -4 4 1 -4 8 7 8 1 -2 -4 
10 4 0 -12 14 14 2 9 0 3 13 14 -13 11 -9 7 9 10 11 13 
6 6 9 14 14 8 -8 8 7 6 10 -4 9 11 -7 3 -8 9 -3 6 
6 4 12 10 9 4 1 5 -9 9 -4 -6 13 6 2 -1 6 9 -4 11 
5 13 3 5 4 1 9 2 -10 1 7 -6 1 13 12 10 11 -1 -7 9 
11 -3 14 11 9 1 -3 6 -6 14 4 12 1 -10 12 3 4 5 -12 13 
8 12 12 11 3 7 11 -4 -12 13 4 4 1 -9 0 4 -6 -3 10 -13 
2 0 -8 1 13 4 -4 10 2 0 -9 9 11 1 11 11 8 5 -7 10 
14 9 11 8 7 10 12 8 14 5 11 9 -13 3 -12 2 5 12 -10 -12 
55
2
19 17
2 17
0 2
17 2
10
8 19 9
16 17 14
7 3 15
19 0 10
11 13 8
11 0 9
3 2 14
12 16 15
0 19 10
8 6 8
0
