15 12
-5 5 5 6 -7 1 2 7 -2 2 1 -5 
7 6 4 4 4 4 -6 1 2 3 -4 7 
-1 4 2 -1 6 4 7 -6 7 -7 4 -7 
4 -5 3 6 5 5 0 4 1 -2 7 7 
4 -4 0 7 -7 4 7 0 6 1 2 3 
6 -6 1 4 7 0 6 -6 4 7 -3 5 
2 0 -6 0 1 6 7 7 -6 4 1 5 
1 4 -1 5 -1 4 4 -1 5 -1 4 1 
5 1 4 -6 7 7 6 1 0 -6 0 2 
5 -3 7 4 -6 6 0 7 4 1 -6 6 
3 2 1 6 0 7 4 -7 7 0 -4 4 
7 7 -2 1 4 0 5 5 6 3 -5 4 
-7 4 -7 7 -6 7 4 6 -1 2 4 -1 
7 -4 3 2 1 -6 4 4 4 4 6 7 
-5 1 2 -2 7 2 1 -7 6 5 5 -5 
38
5
11 0
3 4
6 9
9 7
3 10
3 11
11 7
8 2
5 4
11 1
12
1 3 14
13 0 11
14 3 9
5 6 10
12 10 15
5 3 15
13 8 14
1 11 11
0 8 9
9 5 10
2 1 15
9 8 15
12
9 6
12 9
14 10
14 11
3 7
7 5
5 5
2 2
0 1
0 0
11 4
7 6
