20 20
2 -2 1 0 -3 3 3 2 0 0 -1 -2 2 -1 0 2 2 3 0 1 
0 2 3 0 0 1 1 1 2 3 3 1 3 2 2 1 2 0 -1 -3 
-1 2 2 2 0 2 1 2 -1 0 -2 3 -3 -1 2 0 -1 0 1 -1 
-2 2 -1 -1 0 1 -3 -2 2 -2 2 1 1 0 -3 1 2 1 1 -1 
3 3 0 -3 3 0 3 3 2 3 2 -1 3 3 1 1 0 -1 -3 -1 
3 0 2 2 1 2 1 -2 1 0 1 1 0 2 2 2 2 3 0 2 
1 -1 3 3 3 2 2 0 1 3 1 1 3 3 3 2 -3 1 0 3 
0 3 3 2 -3 2 -1 0 3 2 0 3 -1 2 2 2 2 1 3 -2 
-2 2 -2 2 3 -1 -1 1 -1 -1 0 2 2 3 3 2 3 2 2 1 
2 3 0 0 2 1 -1 3 2 -1 2 2 2 1 1 -3 3 1 3 2 
2 3 1 3 -3 1 1 2 2 2 -1 2 3 -1 1 2 0 0 3 2 
1 2 2 3 2 3 3 2 2 0 -1 -1 1 -1 -1 3 2 -2 2 -2 
-2 3 1 2 2 2 2 -1 3 0 2 3 0 -1 2 -3 2 3 3 0 
3 0 1 -3 2 3 3 3 1 1 3 1 0 2 2 3 3 3 -1 1 
2 0 3 2 2 2 2 0 1 1 0 1 -2 1 2 1 2 2 0 3 
-1 -3 -1 0 1 1 3 3 -1 2 3 2 3 3 0 3 -3 0 3 3 
-1 1 1 2 1 -3 0 1 1 2 -2 2 -2 -3 1 0 -1 -1 2 -2 
-1 1 0 -1 0 2 -1 -3 3 -2 0 -1 2 1 2 0 2 2 2 -1 
-3 -1 0 2 1 2 2 3 1 3 3 2 1 1 1 0 0 3 2 0 
1 0 3 2 2 0 -1 2 -2 -1 0 0 2 3 3 -3 0 1 -2 2 
42
7
7 4
2 15
7 1
4 7
3 8
19 17
14 7
12 15
17 4
12 18
15 12
16 11
0 2
5 12
6
8 3 10
7 13 13
14 13 16
11 16 10
12 6 13
5 6 16
0
