20 20
10 -11 1 10 -2 8 2 3 5 -1 10 7 7 9 4 3 2 2 10 -4 
-9 3 -9 6 6 11 10 0 -10 3 9 5 -5 8 4 2 2 6 2 8 
4 6 7 0 1 0 5 5 1 -7 11 9 10 5 7 -4 1 -9 1 5 
-11 6 10 3 9 11 9 1 4 -8 5 11 4 8 10 5 2 0 11 1 
0 2 11 5 7 3 7 -7 10 5 6 -10 6 2 -4 8 4 1 9 10 
1 3 3 2 2 8 1 -10 7 1 0 2 -10 6 0 -2 4 10 11 -5 
10 9 11 2 11 9 7 0 7 10 -5 -3 -2 -9 9 4 1 8 -3 2 
-9 3 -3 -2 10 3 8 0 9 -6 4 10 4 11 11 5 5 7 7 6 
11 3 8 -10 -2 0 -2 1 8 -5 6 5 -6 5 9 6 9 4 5 11 
2 5 -5 10 -3 9 -4 10 5 -6 8 -5 -3 -4 3 6 11 7 8 -8 
-8 8 7 11 6 3 -4 -3 -5 8 -6 5 10 -4 9 -3 10 -5 5 2 
11 5 4 9 6 9 5 -6 5 6 -5 8 1 -2 0 -2 -10 8 3 11 
6 7 7 5 5 11 11 4 10 4 -6 9 0 8 3 10 -2 -3 3 -9 
2 -3 8 1 4 9 -9 -2 -3 -5 10 7 0 7 9 11 2 11 9 10 
-5 11 10 4 -2 0 6 -10 2 0 1 7 -10 1 8 2 2 3 3 1 
10 9 1 4 8 -4 2 6 -10 6 5 10 -7 7 3 7 5 11 2 0 
1 11 0 2 5 10 8 4 11 5 -8 4 1 9 11 9 3 10 6 -11 
5 1 -9 1 -4 7 5 10 9 11 -7 1 5 5 0 1 0 7 6 4 
8 2 6 2 2 4 8 -5 5 9 3 -10 0 10 11 6 6 -9 3 -9 
-4 10 2 2 3 4 9 7 7 10 -1 5 3 2 8 -2 10 1 -11 10 
56
7
16 11
1 5
7 0
19 5
13 19
4 19
6 18
3 8
18 14
12 19
0 14
6 0
15 0
13 1
16
17 12 14
6 2 14
5 8 11
17 3 11
4 14 13
16 3 13
3 6 13
3 14 11
2 7 14
13 17 14
14 11 11
2 16 11
15 5 13
3 16 13
16 13 13
16 5 11
0
