11 13
6 13 6 4 8 13 6 15 14 -15 12 8 7 
-4 2 2 4 4 8 9 11 -3 0 3 8 12 
8 9 5 -14 4 8 11 -14 2 10 12 14 12 
7 -15 7 9 9 -7 7 3 -1 2 5 -10 15 
1 -9 4 15 4 6 -9 8 -11 4 1 -9 4 
4 -14 -1 13 8 -10 -12 -10 8 13 -1 -14 4 
4 -9 1 4 -11 8 -9 6 4 15 4 -9 1 
15 -10 5 2 -1 3 7 -7 9 9 7 -15 7 
12 14 12 10 2 -14 11 8 4 -14 5 9 8 
12 8 3 0 -3 11 9 8 4 4 2 2 -4 
7 8 12 -15 14 15 6 13 8 4 6 13 6 
31
4
8 12
10 5
1 10
0 3
2 0
0 7
9 2
10 9
20
4 9 8
9 6 14
6 5 12
8 2 8
7 10 15
5 12 9
10 4 9
4 12 10
9 8 8
2 5 13
6 3 8
1 6 14
4 7 12
2 10 8
3 2 15
5 0 9
0 8 9
6 0 10
1 4 8
8 7 13
8
4 11
3 7
9 11
3 12
6 1
7 5
1 1
7 0
