20 20
1 -5 2 4 1 4 -6 4 -2 8 3 1 6 5 2 3 6 2 -2 -3 
6 -7 3 2 7 1 4 7 6 1 3 2 1 5 -1 8 -4 1 8 2 
1 4 -8 2 1 6 -1 6 5 8 4 8 -3 3 -6 -2 -7 4 4 1 
7 0 4 6 -5 8 4 1 6 0 -1 7 6 6 3 8 4 2 6 5 
-5 7 7 6 6 7 3 3 5 1 5 6 2 2 -2 4 5 -7 8 4 
6 7 5 4 8 1 8 7 4 8 1 0 -3 -5 3 5 -5 -7 -2 5 
8 4 1 5 -5 5 8 8 3 -7 4 -8 4 1 2 8 6 3 1 -3 
1 6 3 1 5 5 -3 2 4 1 4 -3 -7 -6 3 3 -5 7 8 1 
-2 4 5 7 2 2 0 -2 3 -6 7 5 7 5 5 2 4 3 2 -5 
4 6 6 5 -8 6 3 -2 6 4 -6 6 8 6 1 3 6 6 2 5 
5 2 6 6 3 1 6 8 6 -6 4 6 -2 3 6 -8 5 6 6 4 
-5 2 3 4 2 5 5 7 5 7 -6 3 -2 0 2 2 7 5 4 -2 
1 8 7 -5 3 3 -6 -7 -3 4 1 4 2 -3 5 5 1 3 6 1 
-3 1 3 6 8 2 1 4 -8 4 -7 3 8 8 5 -5 5 1 4 8 
5 -2 -7 -5 5 3 -5 -3 0 1 8 4 7 8 1 8 4 5 7 6 
4 8 -7 5 4 -2 2 2 6 5 1 5 3 3 7 6 6 7 7 -5 
5 6 2 4 8 3 6 6 7 -1 0 6 1 4 8 -5 6 4 0 7 
1 4 4 -7 -2 -6 3 -3 8 4 8 5 6 -1 6 1 2 -8 4 1 
2 8 1 -4 8 -1 5 1 2 3 1 6 7 4 1 7 2 3 -7 6 
-3 -2 2 6 3 2 5 6 1 3 8 -2 4 -6 4 1 4 2 -5 1 
46
6
3 9
0 3
12 9
11 8
2 15
12 13
16 10
19 16
7 10
8 11
17 4
7 6
10
2 16 11
2 14 13
7 13 12
9 3 11
3 11 16
17 3 11
17 5 13
12 6 12
10 16 11
16 8 16
0
