20 20
8 -4 0 -1 -7 -4 2 0 6 1 1 7 -2 -8 6 -8 -7 4 1 6 
7 1 4 7 2 6 4 -1 7 7 3 0 1 3 3 -6 8 1 7 0 
-5 3 -6 1 -2 6 -5 5 -5 -5 3 3 2 -7 5 8 -3 1 -8 4 
1 1 1 3 0 5 1 0 3 -4 -1 2 6 -6 -1 -2 5 7 5 1 
7 7 5 -3 -2 -6 -7 6 7 -6 4 -7 7 -6 4 3 6 -7 4 1 
7 -3 8 -1 8 2 0 8 -2 4 1 6 5 8 4 5 5 -1 -1 2 
-2 7 -8 -6 4 4 -5 3 -8 2 -6 6 6 -4 -3 1 1 -6 1 4 
-2 4 3 5 1 8 -3 2 3 3 1 5 2 4 3 6 8 -6 0 2 
6 7 6 1 3 0 -4 0 2 0 3 2 5 5 5 -2 4 6 2 1 
5 5 6 6 -6 2 3 2 6 7 3 2 5 2 6 0 3 -5 6 8 
8 6 -5 3 0 6 2 5 2 3 7 6 2 3 2 -6 6 6 5 5 
1 2 6 4 -2 5 5 5 2 3 0 2 0 -4 0 3 1 6 7 6 
2 0 -6 8 6 3 4 2 5 1 3 3 2 -3 8 1 5 3 4 -2 
4 1 -6 1 1 -3 -4 6 6 -6 2 -8 3 -5 4 4 -6 -8 7 -2 
2 -1 -1 5 5 4 8 5 6 1 4 -2 8 0 2 8 -1 8 -3 7 
1 4 -7 6 3 4 -6 7 -7 4 -6 7 6 -7 -6 -2 -3 5 7 7 
1 5 7 5 -2 -1 -6 6 2 -1 -4 3 0 1 5 0 3 1 1 1 
4 -8 1 -3 8 5 -7 2 3 3 -5 -5 5 -5 6 -2 1 -6 3 -5 
0 7 1 8 -6 3 3 1 0 3 7 7 -1 4 6 2 7 4 1 7 
6 1 4 -7 -8 6 -8 -2 7 1 1 6 0 2 -4 -7 -1 0 -4 8 
41
4
7 19
11 2
16 0
5 0
12 0
8 17
3 19
14 19
20
11 10 16
8 6 10
14 15 9
14 17 12
12 6 14
0 12 9
4 2 14
8 2 12
8 10 16
0 10 16
8 9 16
11 13 10
5 4 9
5 2 12
7 13 14
19 7 9
15 17 14
11 17 12
11 9 16
19 9 16
0
