14 15
-5 -3 -3 5 2 4 0 5 3 -5 2 0 4 4 5 
-2 5 1 3 2 2 0 5 1 1 4 5 5 1 1 
-3 4 2 -2 1 2 4 5 1 0 -5 2 2 2 3 
-3 1 4 1 4 5 -5 -2 -3 1 4 4 -1 5 0 
4 0 3 -3 3 2 -1 -1 5 -3 -2 5 3 -2 5 
-1 0 -5 1 3 5 1 3 5 -1 2 1 -3 5 -1 
3 -5 1 3 -2 -1 5 3 3 1 0 3 1 1 3 
3 1 1 3 0 1 3 3 5 -1 -2 3 1 -5 3 
-1 5 -3 1 2 -1 5 3 1 5 3 1 -5 0 -1 
5 -2 3 5 -2 -3 5 -1 -1 2 3 -3 3 0 4 
0 5 -1 4 4 1 -3 -2 -5 5 4 1 4 1 -3 
3 2 2 2 -5 0 1 5 4 2 1 -2 2 4 -3 
1 1 5 5 4 1 1 5 0 2 2 3 1 5 -2 
5 4 4 0 2 -5 3 5 0 4 2 5 -3 -3 -5 
37
4
4 14
8 0
0 3
12 10
9 0
5 14
13 11
1 4
8
13 3 13
5 8 11
11 9 10
9 7 12
0 11 13
8 6 11
2 5 10
4 7 12
20
8 3
10 8
0 13
1 11
10 12
2 13
7 11
11 4
4 6
2 12
5 11
3 6
13 1
12 3
3 2
11 1
6 3
2 10
9 8
11 2
