15 13
-10 -1 16 -16 -4 15 15 14 13 1 -4 3 -6 
5 13 8 -19 20 4 7 10 -10 15 15 -11 11 
16 20 2 19 12 3 14 -7 11 17 -14 -4 1 
10 8 2 14 6 18 5 6 -11 18 1 6 13 
-7 6 17 3 17 1 2 5 18 10 11 17 14 
2 11 0 -2 17 7 11 11 16 -9 7 10 0 
13 19 18 4 11 9 6 -16 -19 6 7 -2 4 
9 20 -3 14 -20 13 -4 13 -20 14 -3 20 9 
4 -2 7 6 -19 -16 6 9 11 4 18 19 13 
0 10 7 -9 16 11 11 7 17 -2 0 11 2 
14 17 11 10 18 5 2 1 17 3 17 6 -7 
13 6 1 18 -11 6 5 18 6 14 2 8 10 
1 -4 -14 17 11 -7 14 3 12 19 2 20 16 
11 -11 15 15 -10 10 7 4 20 -19 8 13 5 
-6 3 -4 1 13 14 15 15 -4 -16 16 -1 -10 
53
4
2 9
13 2
11 8
8 0
12 3
1 10
3 4
6 12
8
10 12 12
12 7 14
14 12 8
5 4 15
4 0 12
2 5 14
0 0 8
9 8 15
14
7 6
6 11
2 7
6 5
4 9
5 0
10 9
7 6
8 1
12 5
8 7
10 3
9 12
4 3
