20 11
10 6 10 6 4 1 6 6 1 -10 1 
2 4 8 2 -8 12 3 12 10 8 6 
-11 8 11 8 12 10 11 6 11 5 -2 
4 10 1 -6 6 9 -12 8 4 4 -12 
-3 6 4 11 2 8 -10 10 7 3 8 
10 -9 0 -4 8 1 12 5 8 2 6 
9 7 -5 3 -7 4 11 -11 8 4 -7 
-8 5 7 5 1 4 -8 -5 -6 9 9 
6 4 -7 9 8 1 5 12 5 4 7 
-12 9 0 7 2 8 10 1 2 10 8 
8 10 2 1 10 8 2 7 0 9 -12 
7 4 5 12 5 1 8 9 -7 4 6 
9 9 -6 -5 -8 4 1 5 7 5 -8 
-7 4 8 -11 11 4 -7 3 -5 7 9 
6 2 8 5 12 1 8 -4 0 -9 10 
8 3 7 10 -10 8 2 11 4 6 -3 
-12 4 4 8 -12 9 6 -6 1 10 4 
-2 5 11 6 11 10 12 8 11 8 -11 
6 8 10 12 3 12 -8 2 8 4 2 
1 -10 1 6 6 1 4 6 10 6 10 
53
3
6 4
3 0
2 10
13 6
16 10
17 0
12
16 7 9
1 6 15
18 6 10
9 8 9
11 10 10
10 8 13
3 3 9
18 4 15
1 4 10
10 2 9
8 0 10
9 2 13
20
8 3
10 9
7 5
18 9
17 10
9 6
11 0
5 8
17 9
10 1
11 7
9 1
12 5
1 1
2 0
10 4
8 10
14 2
2 1
9 9
