20 20
6 12 6 4 7 4 5 1 3 0 1 -4 5 -11 0 -3 -9 -6 -3 -1 
10 12 4 3 11 12 6 12 -5 -2 4 7 2 12 -3 5 8 5 6 1 
8 1 6 5 6 0 7 -4 2 8 -9 11 -4 10 10 0 -3 5 9 3 
2 0 6 3 5 2 -2 -2 6 12 11 -5 3 8 6 0 3 6 11 -5 
-12 8 -7 7 -8 12 5 8 4 7 2 9 -3 5 -8 2 2 3 4 12 
6 -9 -10 7 -9 0 6 -5 -1 -9 6 7 0 6 11 11 5 10 12 12 
-9 5 10 11 4 9 8 -11 12 9 0 10 2 -11 -7 -4 4 3 12 -5 
-3 -2 -1 7 -1 -3 8 -6 5 4 11 7 5 5 12 -3 11 4 1 11 
5 7 1 8 -11 11 -2 1 8 -10 6 11 7 -11 10 10 11 0 12 1 
-9 -7 11 -12 9 -9 10 8 6 5 1 9 12 -10 5 8 4 -8 12 7 
7 12 -8 4 8 5 -10 12 9 1 5 6 8 10 -9 9 -12 11 -7 -9 
1 12 0 11 10 10 -11 7 11 6 -10 8 1 -2 11 -11 8 1 7 5 
11 1 4 11 -3 12 5 5 7 11 4 5 -6 8 -3 -1 7 -1 -2 -3 
-5 12 3 4 -4 -7 -11 2 10 0 9 12 -11 8 9 4 11 10 5 -9 
12 12 10 5 11 11 6 0 7 6 -9 -1 -5 6 0 -9 7 -10 -9 6 
12 4 3 2 2 -8 5 -3 9 2 7 4 8 5 12 -8 7 -7 8 -12 
-5 11 6 3 0 6 8 3 -5 11 12 6 -2 -2 2 5 3 6 0 2 
3 9 5 -3 0 10 10 -4 11 -9 8 2 -4 7 0 6 5 6 1 8 
1 6 5 8 5 -3 12 2 7 4 -2 -5 12 6 12 11 3 4 12 10 
-1 -3 -6 -9 -3 0 -11 5 -4 1 0 3 1 5 4 7 4 6 12 6 
58
4
5 2
9 10
1 19
0 5
14 17
10 9
18 0
19 14
12
10 7 11
2 17 14
9 0 11
2 0 11
6 14 10
6 3 16
9 12 11
17 2 14
10 19 11
17 19 11
13 5 10
13 16 16
0
