17 17
-2 8 -9 2 4 3 3 4 8 4 4 -4 9 -3 5 2 -1 
3 1 -1 5 -9 8 -6 10 -7 3 6 9 -6 5 4 2 3 
-2 0 0 2 2 4 4 9 6 -3 10 -3 10 2 -1 4 9 
-2 10 6 -6 8 2 -1 -4 2 1 2 0 10 -6 8 2 3 
10 3 3 4 8 -8 -10 4 10 1 3 7 3 1 9 4 -7 
-6 4 9 10 7 5 -8 3 8 3 -9 10 8 0 7 8 1 
5 -6 -8 3 -10 2 6 7 -1 4 4 1 4 5 5 7 -6 
-10 7 7 1 9 6 1 0 1 4 8 4 -5 -1 3 -4 2 
2 -2 0 10 -10 4 6 0 4 0 6 4 -10 10 0 -2 2 
2 -4 3 -1 -5 4 8 4 1 0 1 6 9 1 7 7 -10 
-6 7 5 5 4 1 4 4 -1 7 6 2 -10 3 -8 -6 5 
1 8 7 0 8 10 -9 3 8 3 -8 5 7 10 9 4 -6 
-7 4 9 1 3 7 3 1 10 4 -10 -8 8 4 3 3 10 
3 2 8 -6 10 0 2 1 2 -4 -1 2 8 -6 6 10 -2 
9 4 -1 2 10 -3 10 -3 6 9 4 4 2 2 0 0 -2 
3 2 4 5 -6 9 6 3 -7 10 -6 8 -9 5 -1 1 3 
-1 2 5 -3 9 -4 4 4 8 4 3 3 4 2 -9 8 -2 
52
2
1 15
11 10
15 1
5 6
18
2 7 13
9 15 14
0 14 15
5 2 15
14 13 8
1 0 12
1 11 9
11 4 16
16 14 13
14 9 13
7 1 14
16 2 15
11 14 15
2 3 8
15 16 12
15 5 9
5 12 16
0 2 13
28
12 0
0 1
6 12
12 4
4 2
11 9
1 9
1 2
12 5
16 11
16 4
13 7
14 7
0 8
4 16
16 15
10 4
4 12
12 14
5 7
15 7
15 14
4 11
0 5
0 12
3 9
2 9
16 8
