18 16
-6 3 0 5 -7 11 4 14 -11 6 -8 8 2 -13 6 12 
4 -11 -1 -1 7 10 5 3 2 8 10 5 3 1 -10 7 
3 13 -6 4 14 1 10 13 14 8 -13 -13 1 2 14 -2 
7 2 -1 -6 4 4 7 4 -5 14 13 7 4 -2 -13 10 
-6 5 8 2 -1 1 0 1 10 0 5 3 5 3 1 5 
2 3 9 14 13 8 -4 8 4 -12 9 9 11 12 3 12 
-1 1 10 7 1 -10 10 7 6 1 -9 13 0 12 -8 6 
14 -11 8 2 4 12 -10 9 9 -13 7 12 8 -6 3 -8 
8 14 10 -8 -7 6 -13 9 13 7 11 1 -5 -2 13 7 
7 13 -2 -5 1 11 7 13 9 -13 6 -7 -8 10 14 8 
-8 3 -6 8 12 7 -13 9 9 -10 12 4 2 8 -11 14 
6 -8 12 0 13 -9 1 6 7 10 -10 1 7 10 1 -1 
12 3 12 11 9 9 -12 4 8 -4 8 13 14 9 3 2 
5 1 3 5 3 5 0 10 1 0 1 -1 2 8 5 -6 
10 -13 -2 4 7 13 14 -5 4 7 4 4 -6 -1 2 7 
-2 14 2 1 -13 -13 8 14 13 10 1 14 4 -6 13 3 
7 -10 1 3 5 10 8 2 3 5 10 7 -1 -1 -11 4 
12 6 -13 2 8 -8 6 -11 14 4 11 -7 5 0 3 -6 
44
4
12 1
17 14
6 15
3 8
5 14
0 1
11 0
14 7
8
17 6 11
12 14 13
0 7 9
16 9 15
0 9 11
5 1 13
17 8 9
1 6 15
20
10 12
0 8
16 15
13 9
5 6
8 5
10 6
12 15
11 5
13 1
7 3
17 7
1 0
4 6
12 9
9 10
7 9
5 0
6 10
4 14
