10 20
8 5 0 9 4 10 10 9 -13 -20 14 17 -16 14 -11 4 17 16 13 13 
-13 -11 -19 -2 9 1 19 16 -16 -1 18 6 -14 11 -17 11 19 12 5 13 
1 9 12 8 5 18 19 3 17 8 16 -2 -7 17 -17 11 -13 -15 4 7 
-4 6 -9 8 -2 7 5 16 14 7 13 16 -17 -7 15 15 -15 16 -16 20 
5 18 16 3 12 20 20 -6 -7 11 11 -2 -15 -14 4 17 15 11 12 -6 
-6 12 11 15 17 4 -14 -15 -2 11 11 -7 -6 20 20 12 3 16 18 5 
20 -16 16 -15 15 15 -7 -17 16 13 7 14 16 5 7 -2 8 -9 6 -4 
7 4 -15 -13 11 -17 17 -7 -2 16 8 17 3 19 18 5 8 12 9 1 
13 5 12 19 11 -17 11 -14 6 18 -1 -16 16 19 1 9 -2 -19 -11 -13 
13 13 16 17 4 -11 14 -16 17 14 -20 -13 9 10 10 4 9 0 5 8 
44
7
7 5
0 6
4 8
7 15
6 17
0 5
9 11
2 14
9 13
5 11
2 4
3 2
9 14
0 8
16
7 10 14
9 17 15
1 9 16
4 14 8
7 17 8
2 1 8
9 10 8
7 13 8
2 9 14
0 2 15
8 10 16
5 5 8
2 2 8
7 18 8
0 9 8
2 6 8
14
9 2
5 17
7 16
3 18
1 2
3 5
1 4
0 17
4 2
2 3
6 1
8 17
6 14
8 15
