13 16
-14 9 -6 2 15 -11 15 -15 9 11 9 14 15 -12 4 9 
1 11 -12 3 8 6 5 5 9 5 10 -8 11 13 -13 4 
15 11 2 13 8 4 13 -6 -3 15 2 0 -10 14 11 14 
13 9 7 14 9 8 15 8 -8 2 8 -15 5 -12 1 13 
11 11 -10 1 -13 3 9 5 -6 -10 1 7 -6 7 9 -14 
6 3 9 5 5 10 7 -5 -4 7 14 8 14 15 13 11 
14 10 15 7 -12 8 4 7 7 4 8 -12 7 15 10 14 
11 13 15 14 8 14 7 -4 -5 7 10 5 5 9 3 6 
-14 9 7 -6 7 1 -10 -6 5 9 3 -13 1 -10 11 11 
13 1 -12 5 -15 8 2 -8 8 15 8 9 14 7 9 13 
14 11 14 -10 0 2 15 -3 -6 13 4 8 13 2 11 15 
4 -13 13 11 -8 10 5 9 5 5 6 8 3 -12 11 1 
9 4 -12 15 14 9 11 9 -15 15 -11 15 2 -6 9 -14 
52
4
0 3
1 15
4 1
4 7
12 12
11 0
8 14
8 8
18
9 12 9
4 0 8
5 11 13
2 13 13
2 10 10
7 6 10
11 15 9
2 15 14
12 11 15
3 3 9
8 15 8
7 4 13
10 2 13
10 5 10
5 9 10
1 0 9
10 0 14
0 4 15
18
12 5
7 5
11 1
4 5
8 6
11 4
10 13
10 14
4 3
0 10
5 10
1 14
8 10
4 9
1 11
2 2
2 1
8 12
