18 15
5 7 6 5 -5 6 5 6 4 6 7 6 0 2 5 
6 0 3 -6 2 4 -5 -2 0 0 2 -7 -5 -5 -3 
6 -2 2 0 0 0 -2 -2 2 7 7 3 0 1 3 
0 -2 7 7 -4 -6 -3 2 -4 3 2 -4 -1 3 4 
5 6 5 1 2 1 6 4 1 3 7 1 7 3 7 
0 6 -3 -6 1 6 -7 6 -4 -7 1 2 0 6 1 
1 7 2 1 0 -4 7 -4 4 3 3 -2 2 -6 7 
-5 -4 0 4 6 -3 4 7 1 7 7 4 1 -5 -4 
1 1 0 1 0 -7 3 0 4 4 3 4 1 7 -6 
-6 7 1 4 3 4 4 0 3 -7 0 1 0 1 1 
-4 -5 1 4 7 7 1 7 4 -3 6 4 0 -4 -5 
7 -6 2 -2 3 3 4 -4 7 -4 0 1 2 7 1 
1 6 0 2 1 -7 -4 6 -7 6 1 -6 -3 6 0 
7 3 7 1 7 3 1 4 6 1 2 1 5 6 5 
4 3 -1 -4 2 3 -4 2 -3 -6 -4 7 7 -2 0 
3 1 0 3 7 7 2 -2 -2 0 0 0 2 -2 6 
-3 -5 -5 -7 2 0 0 -2 -5 4 2 -6 3 0 6 
5 2 0 6 7 6 4 6 5 6 -5 5 6 7 5 
55
8
6 12
16 0
3 9
12 13
11 0
10 1
2 7
17 6
11 2
1 14
14 5
5 1
6 14
7 13
15 7
0 8
16
9 12 12
5 3 9
7 10 12
4 7 13
9 10 11
5 13 11
16 3 12
1 3 16
8 2 12
12 11 9
10 4 12
13 7 13
8 4 11
12 1 11
1 11 12
16 11 16
26
3 5
3 4
11 5
1 0
11 9
17 2
3 2
8 13
14 4
8 14
12 10
15 12
15 13
14 9
14 10
6 9
16 14
6 5
0 12
14 12
9 1
3 10
9 0
5 4
2 2
2 1
