13 18
0 2 0 2 0 -1 0 2 3 -2 2 4 4 4 -4 -2 3 4 
-1 1 1 1 0 3 -2 0 1 2 3 0 3 3 -4 -2 2 3 
4 3 2 4 2 -1 1 1 4 -3 3 -4 4 4 1 3 0 1 
-3 1 1 3 2 2 2 1 4 -2 2 2 3 4 2 2 2 1 
-3 4 3 4 1 4 4 4 2 -3 4 4 2 0 2 0 4 3 
2 -1 2 4 -3 -1 2 2 4 3 3 -1 2 1 -2 2 4 0 
4 -3 -1 3 4 1 4 -3 4 4 -3 4 1 4 3 -1 -3 4 
0 4 2 -2 1 2 -1 3 3 4 2 2 -1 -3 4 2 -1 2 
3 4 0 2 0 2 4 4 -3 2 4 4 4 1 4 3 4 -3 
1 2 2 2 4 3 2 2 -2 4 1 2 2 2 3 1 1 -3 
1 0 3 1 4 4 -4 3 -3 4 1 1 -1 2 4 2 3 4 
3 2 -2 -4 3 3 0 3 2 1 0 -2 3 0 1 1 1 -1 
4 3 -2 -4 4 4 4 2 -2 3 2 0 -1 0 2 0 2 0 
45
2
6 5
8 6
6 12
4 11
20
0 16 12
2 11 9
9 14 11
0 15 16
10 13 8
1 8 9
7 13 9
2 15 16
0 5 16
4 13 15
12 1 12
10 6 9
3 3 11
12 2 16
2 4 8
11 9 9
5 4 9
10 2 16
12 12 16
8 4 15
22
11 17
1 14
4 15
12 17
6 11
11 2
11 15
0 6
10 14
6 4
1 6
1 0
11 3
8 2
0 0
6 6
1 15
1 2
12 11
2 3
6 13
11 11
