15 16
8 -8 9 -7 8 5 6 -3 -2 5 -11 -9 4 1 10 9 
1 3 -1 3 8 11 11 2 -3 8 1 -7 9 9 7 3 
-11 9 -8 10 4 8 3 -2 2 -6 -1 -11 6 0 2 -1 
2 5 7 2 11 5 10 3 4 3 1 7 2 -4 5 -7 
8 11 7 8 -4 -3 3 0 10 -10 -9 -6 -10 6 8 2 
-3 -5 -5 -9 7 9 -2 9 4 -5 -11 -7 5 0 5 2 
-7 2 5 8 -4 0 1 5 5 3 -6 9 0 10 5 1 
4 10 -10 3 -10 8 9 -6 -6 9 8 -10 3 -10 10 4 
1 5 10 0 9 -6 3 5 5 1 0 -4 8 5 2 -7 
2 5 0 5 -7 -11 -5 4 9 -2 9 7 -9 -5 -5 -3 
2 8 6 -10 -6 -9 -10 10 0 3 -3 -4 8 7 11 8 
-7 5 -4 2 7 1 3 4 3 10 5 11 2 7 5 2 
-1 2 0 6 -11 -1 -6 2 -2 3 8 4 10 -8 9 -11 
3 7 9 9 -7 1 8 -3 2 11 11 8 3 -1 3 1 
9 10 1 4 -9 -11 5 -2 -3 6 5 8 -7 9 -8 8 
54
5
8 10
3 0
5 6
5 15
1 4
6 5
11 15
9 9
9 0
13 11
16
13 14 16
3 15 16
0 2 9
10 5 9
12 2 9
14 2 12
14 10 15
14 1 12
1 1 16
11 0 16
14 13 9
4 10 9
2 13 9
0 13 12
0 5 15
0 14 12
22
7 9
4 8
14 12
2 1
5 14
14 6
14 9
8 7
13 4
9 5
13 7
7 6
10 7
0 3
12 14
9 1
0 9
0 6
6 8
1 11
5 10
1 8
