18 19
0 0 0 3 2 3 0 -2 -1 -2 3 -3 0 1 3 2 3 -1 3 
2 3 3 -2 -1 -3 2 1 2 3 1 1 2 3 2 0 -2 -3 3 
3 1 2 2 2 -2 0 1 1 2 3 3 1 2 -3 -3 -2 0 1 
2 0 2 0 1 1 -1 1 0 1 1 -2 -3 3 -1 3 0 0 3 
1 3 1 3 2 2 2 0 3 2 -1 -1 0 3 -2 0 2 2 -2 
3 -2 2 1 2 3 3 0 1 2 -1 1 3 3 0 0 -3 3 1 
-2 1 0 -3 3 -2 2 2 1 -2 -3 1 1 -3 1 3 3 -1 -3 
1 -1 -3 2 3 -3 3 -2 -2 -2 -1 0 -3 -1 2 0 2 3 1 
3 1 1 3 3 0 1 -2 3 0 2 1 2 -1 -3 2 3 -3 1 
1 -3 3 2 -3 -1 2 1 2 0 3 -2 1 0 3 3 1 1 3 
1 3 2 0 2 -1 -3 0 -1 -2 -2 -2 3 -3 3 2 -3 -1 1 
-3 -1 3 3 1 -3 1 1 -3 -2 1 2 2 -2 3 -3 0 1 -2 
1 3 -3 0 0 3 3 1 -1 2 1 0 3 3 2 1 2 -2 3 
-2 2 2 0 -2 3 0 -1 -1 2 3 0 2 2 2 3 1 3 1 
3 0 0 3 -1 3 -3 -2 1 1 0 1 -1 1 1 0 2 0 2 
1 0 -2 -3 -3 2 1 3 3 2 1 1 0 -2 2 2 2 1 3 
3 -3 -2 0 2 3 2 1 1 3 2 1 2 -3 -1 -2 3 3 2 
3 -1 3 2 3 1 0 -3 3 -2 -1 -2 0 3 2 3 0 0 0 
36
2
15 0
12 5
2 18
5 13
12
15 7 10
14 6 12
2 10 16
0 16 9
16 12 15
7 1 10
2 11 10
3 12 12
15 8 16
17 2 9
1 6 15
10 17 10
26
10 4
8 2
4 14
16 10
5 6
12 13
17 14
0 12
15 18
5 8
3 6
11 2
1 0
7 14
9 16
13 4
1 8
12 12
5 5
0 4
17 6
2 0
12 10
14 12
6 16
16 18
