11 17
0 -11 -9 12 0 17 17 2 19 17 5 -19 10 2 2 -4 3 
-5 8 24 12 0 12 -8 8 11 8 -11 21 24 9 13 8 25 
4 19 -23 13 11 -4 1 14 -12 6 10 -18 -9 2 25 -16 7 
18 6 22 20 14 5 -24 -11 -17 5 1 -20 8 9 7 -20 -2 
-14 16 14 1 14 -8 17 21 -2 1 25 17 -19 22 20 16 -15 
12 -18 14 7 4 -16 6 13 1 13 6 -16 4 7 14 -18 12 
-15 16 20 22 -19 17 25 1 -2 21 17 -8 14 1 14 16 -14 
-2 -20 7 9 8 -20 1 5 -17 -11 -24 5 14 20 22 6 18 
7 -16 25 2 -9 -18 10 6 -12 14 1 -4 11 13 -23 19 4 
25 8 13 9 24 21 -11 8 11 8 -8 12 0 12 24 8 -5 
3 -4 2 2 10 -19 5 17 19 2 17 17 0 12 -9 -11 0 
51
3
3 5
1 12
4 16
7 11
9 4
6 0
10
0 4 12
10 4 13
9 1 15
0 3 10
4 14 8
10 12 12
0 12 13
1 15 15
10 13 10
6 2 8
16
8 2
6 10
3 7
9 15
1 10
9 0
5 7
8 5
2 14
4 6
7 9
1 1
9 6
1 16
5 9
2 11
