15 12
2 7 -7 3 -4 -3 3 4 5 6 10 -4 
2 4 6 -3 1 7 2 7 1 10 3 4 
0 7 9 4 -1 3 -4 -1 9 3 4 -8 
5 9 0 -7 10 6 -8 6 2 4 2 4 
9 -1 0 10 6 4 4 3 -4 2 3 -10 
1 5 9 10 5 5 10 6 6 7 2 1 
1 6 -5 2 10 1 -10 1 0 -8 9 -6 
-9 5 4 -5 10 1 1 10 -5 4 5 -9 
-6 9 -8 0 1 -10 1 10 2 -5 6 1 
1 2 7 6 6 10 5 5 10 9 5 1 
-10 3 2 -4 3 4 4 6 10 0 -1 9 
4 2 4 2 6 -8 6 10 -7 0 9 5 
-8 4 3 9 -1 -4 3 -1 4 9 7 0 
4 3 10 1 7 2 7 1 -3 6 4 2 
-4 10 6 5 4 3 -3 -4 3 -7 7 2 
43
7
6 5
8 1
1 2
12 10
10 9
11 1
4 10
8 6
6 10
13 9
2 1
4 2
3 10
10 1
12
9 8 16
10 8 15
1 11 8
14 5 13
13 3 11
10 0 15
5 3 16
4 3 15
13 0 8
0 6 13
1 8 11
4 11 15
14
11 2
2 5
14 9
8 2
2 10
5 7
14 4
3 9
12 6
0 2
6 9
12 1
9 4
0 7
