11 16
9 -2 12 1 11 -12 1 11 3 2 -5 -11 12 10 6 2 
10 1 -4 -6 6 7 3 10 -3 3 -3 9 0 10 12 -4 
10 -10 4 -2 5 -4 -8 5 6 -4 12 -6 1 -7 -11 -3 
-4 11 8 10 4 6 1 -11 11 2 8 -4 -12 -11 1 8 
4 -8 9 6 2 -11 9 9 5 4 8 8 -1 8 7 -6 
12 7 3 2 2 8 12 6 6 12 8 2 2 3 7 12 
-6 7 8 -1 8 8 4 5 9 9 -11 2 6 9 -8 4 
8 1 -11 -12 -4 8 2 11 -11 1 6 4 10 8 11 -4 
-3 -11 -7 1 -6 12 -4 6 5 -8 -4 5 -2 4 -10 10 
-4 12 10 0 9 -3 3 -3 10 3 7 6 -6 -4 1 10 
2 6 10 12 -11 -5 2 3 11 1 -12 11 1 12 -2 9 
48
4
1 15
4 9
0 6
0 11
9 0
6 6
10 9
10 4
8
1 0 8
7 15 9
3 6 14
0 7 8
9 15 8
3 0 9
7 9 14
10 8 8
14
8 10
8 15
8 5
4 1
8 11
3 7
4 7
2 5
2 0
2 10
6 14
2 4
7 8
6 8
