10 17
2 1 15 -9 3 12 4 6 -8 -14 -15 16 7 3 -12 9 6 
-11 1 12 3 13 -8 -5 14 -16 -10 1 1 13 2 10 -9 15 
8 -7 5 8 16 16 -14 6 1 -15 -2 8 8 -12 -13 -7 6 
-3 7 3 9 -3 -2 4 5 4 8 11 -14 9 -11 5 1 7 
12 1 -16 -6 7 -11 7 -2 12 4 13 5 -11 -9 -5 5 16 
16 5 -5 -9 -11 5 13 4 12 -2 7 -11 7 -6 -16 1 12 
7 1 5 -11 9 -14 11 8 4 5 4 -2 -3 9 3 7 -3 
6 -7 -13 -12 8 8 -2 -15 1 6 -14 16 16 8 5 -7 8 
15 -9 10 2 13 1 1 -10 -16 14 -5 -8 13 3 12 1 -11 
6 9 -12 3 7 16 -15 -14 -8 6 4 12 3 -9 15 1 2 
43
8
1 16
4 7
6 16
9 15
1 6
0 14
7 0
8 16
8 0
5 9
3 0
0 1
8 10
9 2
2 16
1 0
10
9 0 16
2 4 12
4 8 16
8 2 12
0 6 11
0 16 16
7 12 12
5 8 16
1 14 12
9 10 11
16
7 9
4 13
7 14
6 13
3 10
9 6
0 7
0 4
2 7
5 3
2 2
3 3
6 6
0 10
9 9
9 12
