20 20
5 4 1 -2 1 2 2 2 -3 0 2 3 4 5 1 5 1 4 3 5 
2 -2 5 -4 0 -2 4 -1 1 3 -1 2 2 0 3 2 2 4 2 1 
3 -3 -4 3 -4 4 2 1 0 2 5 1 0 2 2 1 1 -3 3 1 
1 4 -1 -2 -4 3 4 3 1 5 3 -4 -1 3 2 5 0 2 2 5 
3 3 5 3 1 4 3 -4 4 5 -1 -3 3 -5 2 -5 2 5 1 0 
5 2 4 5 4 4 1 0 4 3 5 3 4 -2 2 4 3 2 1 4 
3 4 -1 1 0 5 3 3 5 3 0 -1 1 1 2 2 0 5 -3 4 
-1 1 -5 4 4 4 -1 -5 0 -3 2 -5 3 2 4 2 0 4 1 3 
3 4 1 3 -2 0 1 -3 -5 -4 -5 2 5 2 -2 -4 0 -1 3 3 
1 3 3 3 2 4 2 2 2 3 0 4 -3 4 5 4 4 4 -5 3 
3 -5 4 4 4 5 4 -3 4 0 3 2 2 2 4 2 3 3 3 1 
3 3 -1 0 -4 -2 2 5 2 -5 -4 -5 -3 1 0 -2 3 1 4 3 
3 1 4 0 2 4 2 3 -5 2 -3 0 -5 -1 4 4 4 -5 1 -1 
4 -3 5 0 2 2 1 1 -1 0 3 5 3 3 5 0 1 -1 4 3 
4 1 2 3 4 2 -2 4 3 5 3 4 0 1 4 4 5 4 2 5 
0 1 5 2 -5 2 -5 3 -3 -1 5 4 -4 3 4 1 3 5 3 3 
5 2 2 0 5 2 3 -1 -4 3 5 1 3 4 3 -4 -2 -1 4 1 
1 3 -3 1 1 2 2 0 1 5 2 0 1 2 4 -4 3 -4 -3 3 
1 2 4 2 2 3 0 2 2 -1 3 1 -1 4 -2 0 -4 5 -2 2 
5 3 4 1 5 1 5 4 3 2 0 -3 2 2 2 1 -2 1 4 5 
52
8
12 9
14 7
3 15
9 4
8 15
7 17
3 5
13 2
7 10
5 12
16 4
10 15
11 4
12 2
16 14
6 17
14
7 14 14
4 14 10
11 7 12
7 13 11
16 15 15
2 9 13
0 13 13
12 5 14
15 5 10
8 12 12
12 6 11
3 4 15
17 10 13
19 6 13
0
