19 12
-6 7 -9 10 0 13 -11 3 9 8 4 1 
12 4 2 4 3 -3 6 -7 -10 7 4 -9 
5 12 5 -5 5 4 -2 12 4 0 1 8 
1 12 8 3 -3 3 12 4 -12 -10 -11 13 
-10 -7 11 6 6 0 -6 -2 10 11 6 -4 
-10 5 1 4 6 1 0 13 10 5 11 -3 
-7 0 6 7 8 8 10 12 10 2 5 10 
5 5 -6 10 5 13 13 13 2 -10 3 11 
4 -12 -11 8 -2 0 -2 7 -4 1 6 -1 
-6 9 5 6 -5 11 11 -5 6 5 9 -6 
-1 6 1 -4 7 -2 0 -2 8 -11 -12 4 
11 3 -10 2 13 13 13 5 10 -6 5 5 
10 5 2 10 12 10 8 8 7 6 0 -7 
-3 11 5 10 13 0 1 6 4 1 5 -10 
-4 6 11 10 -2 -6 0 6 6 11 -7 -10 
13 -11 -10 -12 4 12 3 -3 3 8 12 1 
8 1 0 4 12 -2 4 5 -5 5 12 5 
-9 4 7 -10 -7 6 -3 3 4 2 4 12 
1 4 8 9 3 -11 13 0 10 -9 7 -6 
33
8
11 7
18 0
2 9
5 1
3 9
3 0
12 2
2 3
7 4
0 11
16 2
13 10
15 2
15 11
6 9
16 8
20
16 6 10
13 8 10
9 5 12
6 3 16
7 10 8
4 11 13
8 11 12
7 0 16
2 0 13
10 8 9
2 5 10
5 3 10
9 6 12
12 8 16
11 1 8
14 0 13
10 0 12
11 11 16
16 11 13
8 3 9
20
18 8
11 4
16 4
12 10
17 1
9 0
7 1
18 7
17 0
9 3
0 3
7 7
2 7
6 1
1 10
9 11
11 10
0 4
1 11
9 8
