13 10
4 1 1 -2 1 -4 4 3 4 1 
4 2 -1 4 0 2 4 2 -3 2 
3 -1 2 -4 -1 2 -3 -1 4 2 
-1 1 4 4 4 0 0 3 -1 -1 
0 4 4 4 1 1 4 2 0 3 
1 -4 0 0 -2 2 1 4 1 2 
-4 2 1 1 -2 -2 1 1 2 -4 
2 1 4 1 2 -2 0 0 -4 1 
3 0 2 4 1 1 4 4 4 0 
-1 -1 3 0 0 4 4 4 1 -1 
2 4 -1 -3 2 -1 -4 2 -1 3 
2 -3 2 4 2 0 4 -1 2 4 
1 4 3 4 -4 1 -2 1 1 4 
30
6
6 0
9 2
12 4
1 0
8 2
5 6
6 9
3 7
0 5
11 9
4 7
7 3
18
3 8 13
9 0 10
11 2 14
4 1 13
7 4 9
4 9 9
5 2 15
2 5 16
7 1 12
9 1 13
3 9 10
1 7 14
8 8 13
5 5 9
8 0 9
7 7 15
10 4 16
5 8 12
8
1 8
0 4
0 9
1 4
11 1
12 5
12 0
11 5
