19 12
7 -3 10 1 6 9 9 -4 3 2 2 7 
-6 -9 -3 1 -4 3 -10 1 0 8 9 -1 
2 7 -8 0 -4 7 3 7 6 -6 9 8 
6 4 6 9 7 7 -2 4 0 0 6 4 
3 9 6 1 5 8 -8 7 0 2 5 7 
7 -2 4 7 6 3 9 -1 10 -4 4 8 
4 2 5 -9 6 -4 4 9 10 9 -3 9 
3 -8 1 2 7 6 -3 4 5 3 9 8 
5 7 -7 8 8 6 6 1 6 8 6 1 
3 6 4 9 6 10 10 6 9 4 6 3 
1 6 8 6 1 6 6 8 8 -7 7 5 
8 9 3 5 4 -3 6 7 2 1 -8 3 
9 -3 9 10 9 4 -4 6 -9 5 2 4 
8 4 -4 10 -1 9 3 6 7 4 -2 7 
7 5 2 0 7 -8 8 5 1 6 9 3 
4 6 0 0 4 -2 7 7 9 6 4 6 
8 9 -6 6 7 3 7 -4 0 -8 7 2 
-1 9 8 0 1 -10 3 -4 1 -3 -9 -6 
7 2 2 3 -4 9 9 6 1 10 -3 7 
59
7
11 9
12 5
1 9
5 9
16 10
11 5
6 9
7 2
6 6
17 2
13 2
2 1
7 6
12 2
20
3 2 10
10 6 14
14 2 8
2 6 16
0 3 15
15 10 14
15 5 14
3 0 12
7 0 15
8 9 13
15 9 10
8 5 14
4 9 8
16 5 16
18 8 15
3 1 14
3 6 14
15 11 12
11 11 15
10 2 13
14
12 9
16 7
15 1
7 8
5 11
18 0
8 6
6 2
2 4
3 10
11 3
13 0
0 11
10 5
