10 12
9 5 10 2 2 9 4 -11 10 10 11 2 
6 -8 11 2 14 -10 0 5 12 10 -4 14 
11 6 9 10 5 5 1 2 -12 8 13 1 
2 -9 5 0 -3 -8 3 11 14 7 -10 14 
14 -11 2 1 14 10 8 -10 4 11 -12 9 
9 -12 11 4 -10 8 10 14 1 2 -11 14 
14 -10 7 14 11 3 -8 -3 0 5 -9 2 
1 13 8 -12 2 1 5 5 10 9 6 11 
14 -4 10 12 5 0 -10 14 2 11 -8 6 
2 11 10 10 -11 4 9 2 2 10 5 9 
56
7
2 4
2 1
2 3
0 3
7 3
9 6
4 3
7 7
7 10
7 8
9 8
2 8
0 5
5 8
10
6 0 8
6 4 8
8 7 16
3 6 10
3 4 11
3 11 8
3 7 8
1 4 16
6 5 10
6 7 11
8
8 2
7 0
6 11
5 9
1 9
2 11
3 0
4 2
