11 19
3 -1 3 1 0 -2 3 1 0 2 0 2 -1 0 0 0 3 -2 2 
3 0 1 1 1 1 3 -1 -2 1 -1 2 3 -1 3 1 1 0 3 
3 1 2 -1 2 3 1 -3 2 1 0 1 3 0 -1 1 2 -2 -2 
2 2 2 -2 1 2 1 3 -1 -1 3 -1 2 3 2 1 -2 2 -3 
2 0 -1 -1 2 -1 2 3 -1 2 0 -2 0 -1 2 0 1 3 1 
2 -3 3 1 0 3 2 2 3 2 3 2 2 3 0 1 3 -3 2 
1 3 1 0 2 -1 0 -2 0 2 -1 3 2 -1 2 -1 -1 0 2 
-3 2 -2 1 2 3 2 -1 3 -1 -1 3 1 2 1 -2 2 2 2 
-2 -2 2 1 -1 0 3 1 0 1 2 -3 1 3 2 -1 2 1 3 
3 0 1 1 3 -1 3 2 -1 1 -2 -1 3 1 1 1 1 0 3 
2 -2 3 0 0 0 -1 2 0 2 0 1 3 -2 0 1 3 -1 3 
43
3
10 4
10 15
4 10
0 14
0 3
6 8
16
2 12 15
10 0 10
3 9 10
0 11 10
2 3 14
1 8 10
10 11 15
8 18 12
8 6 15
0 18 10
7 9 10
10 7 10
8 15 14
9 10 10
0 7 15
2 0 12
12
0 8
8 10
4 12
3 18
2 17
9 2
10 10
2 8
6 6
7 0
8 1
1 16
