20 20
-10 11 12 4 -5 1 12 6 2 5 2 5 3 5 11 6 -3 11 9 12 
13 -12 -3 4 -4 5 -13 -11 4 7 1 8 0 3 10 13 1 11 12 -2 
2 -13 -2 10 3 0 -7 -4 7 2 -10 10 3 9 0 13 -8 13 -1 11 
10 1 3 1 8 13 -1 9 -13 4 11 5 10 9 -10 -10 1 0 1 9 
13 4 -6 7 2 11 10 8 3 11 13 5 4 0 13 4 4 13 -1 0 
3 5 -5 12 12 -1 1 1 -6 8 -5 12 3 3 -10 0 2 10 2 8 
6 -6 11 12 -2 8 2 9 7 -6 -5 -9 3 -13 7 -4 2 -10 8 12 
8 1 6 6 8 -6 3 3 11 9 1 1 12 9 3 13 12 1 11 -5 
13 7 6 13 9 -10 6 2 4 -3 4 2 12 6 13 13 6 12 -6 13 
9 7 -10 8 3 0 -7 10 11 -8 13 10 2 10 2 5 -9 1 -9 -9 
-9 -9 1 -9 5 2 10 2 10 13 -8 11 10 -7 0 3 8 -10 7 9 
13 -6 12 6 13 13 6 12 2 4 -3 4 2 6 -10 9 13 6 7 13 
-5 11 1 12 13 3 9 12 1 1 9 11 3 3 -6 8 6 6 1 8 
12 8 -10 2 -4 7 -13 3 -9 -5 -6 7 9 2 8 -2 12 11 -6 6 
8 2 10 2 0 -10 3 3 12 -5 8 -6 1 1 -1 12 12 -5 5 3 
0 -1 13 4 4 13 0 4 5 13 11 3 8 10 11 2 7 -6 4 13 
9 1 0 1 -10 -10 9 10 5 11 4 -13 9 -1 13 8 1 3 1 10 
11 -1 13 -8 13 0 9 3 10 -10 2 7 -4 -7 0 3 10 -2 -13 2 
-2 12 11 1 13 10 3 0 8 1 7 4 -11 -13 5 -4 4 -3 -12 13 
12 9 11 -3 6 11 5 3 5 2 5 2 6 12 1 -5 4 12 11 -10 
42
6
17 4
6 1
7 0
19 10
4 11
12 5
2 15
13 18
12 19
0 9
15 8
7 14
16
6 18 8
13 3 13
2 16 10
18 3 11
0 3 16
13 19 13
18 10 9
13 8 16
13 1 8
6 16 13
17 3 10
1 16 11
19 16 16
6 0 13
1 9 9
6 11 16
0
