19 19
1 1 3 -1 -1 3 1 3 2 2 2 2 1 -3 3 -1 0 -1 -2 
3 1 0 2 2 2 2 -1 3 -1 3 -3 1 2 2 2 1 0 0 
-3 3 1 -1 2 1 0 1 -2 2 1 0 1 2 2 2 -3 3 0 
2 -2 -2 0 3 2 -3 3 3 1 3 3 3 1 -3 2 -2 3 2 
-2 1 2 3 -1 3 0 0 2 3 1 -2 2 0 1 2 3 2 1 
1 2 1 0 1 1 -2 3 2 1 2 3 1 3 3 -3 3 2 1 
0 3 2 3 -3 1 0 3 1 -2 1 0 -2 1 2 -3 0 -1 3 
1 2 3 2 0 2 2 1 3 2 1 3 0 2 2 0 1 3 3 
1 -1 -1 1 1 -2 2 3 2 1 3 -1 2 1 -3 2 3 1 2 
1 2 -2 -3 3 1 -3 2 1 2 1 2 -3 1 3 -3 -2 2 1 
2 1 3 2 -3 1 2 -1 3 1 2 3 2 -2 1 1 -1 -1 1 
3 3 1 0 2 2 0 3 1 2 3 1 2 2 0 2 3 2 1 
3 -1 0 -3 2 1 -2 0 1 -2 1 3 0 1 -3 3 2 3 0 
1 2 3 -3 3 3 1 3 2 1 2 3 -2 1 1 0 1 2 1 
1 2 3 2 1 0 2 -2 1 3 2 0 0 3 -1 3 2 1 -2 
2 3 -2 2 -3 1 3 3 3 1 3 3 -3 2 3 0 -2 -2 2 
0 3 -3 2 2 2 1 0 1 2 -2 1 0 1 2 -1 1 3 -3 
0 0 1 2 2 2 1 -3 3 -1 3 -1 2 2 2 2 0 1 3 
-2 -1 0 -1 3 -3 1 2 2 2 2 3 1 3 -1 -1 3 1 1 
49
2
15 11
10 6
3 7
8 12
14
1 14 15
1 7 13
14 2 8
0 18 13
4 11 14
0 17 15
7 8 11
17 4 15
17 11 13
4 16 8
18 0 13
14 7 14
18 1 15
11 10 11
34
11 16
7 14
9 2
16 8
4 1
5 4
3 2
14 1
13 4
0 2
1 12
16 15
11 12
1 16
11 15
10 18
18 6
7 2
11 4
9 16
2 10
14 17
13 14
15 16
4 17
5 14
18 16
17 6
2 3
7 6
17 2
7 3
8 0
0 12
