18 15
14 9 -15 7 10 6 1 19 5 16 13 17 13 5 14 
-15 -2 13 -3 14 10 17 3 17 4 4 9 -10 15 -11 
18 -17 -12 2 16 6 15 2 5 19 -2 0 19 6 -19 
15 8 4 0 19 11 12 5 -5 13 6 3 7 13 8 
-10 19 2 -2 3 3 -19 11 13 3 -14 19 19 7 14 
-2 18 5 -3 10 2 13 16 16 18 3 -2 4 7 19 
4 -3 -9 13 6 15 -5 -5 4 -13 4 1 19 14 -15 
17 1 16 -4 2 9 8 12 3 15 -17 13 -3 -10 -2 
12 9 -7 2 -5 -8 18 13 -18 9 -17 1 17 12 -2 
-2 12 17 1 -17 9 -18 13 18 -8 -5 2 -7 9 12 
-2 -10 -3 13 -17 15 3 12 8 9 2 -4 16 1 17 
-15 14 19 1 4 -13 4 -5 -5 15 6 13 -9 -3 4 
19 7 4 -2 3 18 16 16 13 2 10 -3 5 18 -2 
14 7 19 19 -14 3 13 11 -19 3 3 -2 2 19 -10 
8 13 7 3 6 13 -5 5 12 11 19 0 4 8 15 
-19 6 19 0 -2 19 5 2 15 6 16 2 -12 -17 18 
-11 15 -10 9 4 4 17 3 17 10 14 -3 13 -2 -15 
14 5 13 17 13 16 5 19 1 6 10 7 -15 9 14 
50
4
2 13
9 13
0 2
6 2
15 1
8 1
17 12
11 12
12
6 3 8
1 6 8
2 12 16
10 0 10
2 10 15
1 10 14
11 11 8
16 8 8
15 2 16
7 14 10
15 4 15
16 4 14
26
8 11
8 10
3 0
11 10
14 13
9 14
15 3
9 8
12 6
6 7
14 1
4 3
2 14
9 3
9 4
14 14
6 4
3 1
8 0
2 11
8 6
5 8
11 7
3 13
13 11
15 0
