17 18
0 5 -1 3 3 5 4 2 -2 -1 -2 5 4 2 3 -2 4 1 
-3 3 -5 4 1 2 5 -1 1 -1 2 -2 -5 3 2 0 0 2 
5 2 -1 3 5 2 -1 1 2 0 3 2 2 5 -2 3 2 4 
2 -5 3 1 0 1 -4 -1 -3 1 -5 -3 0 0 5 0 4 2 
3 3 5 5 4 -3 3 5 1 4 4 2 5 -1 5 0 1 4 
4 3 3 5 0 -4 -4 -1 2 5 1 -4 3 4 1 4 3 -5 
2 1 2 1 5 1 -3 -1 2 4 1 3 5 2 4 1 -2 -5 
5 -2 0 4 3 0 4 4 3 4 3 -2 0 -4 3 -4 2 1 
2 3 5 1 1 2 4 2 5 5 2 4 2 1 1 5 3 2 
1 2 -4 3 -4 0 -2 3 4 3 4 4 0 3 4 0 -2 5 
-5 -2 1 4 2 5 3 1 4 2 -1 -3 1 5 1 2 1 2 
-5 3 4 1 4 3 -4 1 5 2 -1 -4 -4 0 5 3 3 4 
4 1 0 5 -1 5 2 4 4 1 5 3 -3 4 5 5 3 3 
2 4 0 5 0 0 -3 -5 1 -3 -1 -4 1 0 1 3 -5 2 
4 2 3 -2 5 2 2 3 0 2 1 -1 2 5 3 -1 2 5 
2 0 0 2 3 -5 -2 2 -1 1 -1 5 2 1 4 -5 3 -3 
1 4 -2 3 2 4 5 -2 -1 -2 2 4 5 3 3 -1 5 0 
60
7
12 8
6 4
6 10
12 5
16 17
13 8
2 10
4 9
10 13
10 7
4 12
0 0
3 9
14 7
6
3 10 9
4 3 13
6 8 9
13 7 9
12 14 13
10 9 9
28
4 15
2 16
14 4
11 3
16 8
3 16
6 2
2 0
9 3
1 16
8 16
14 6
3 4
13 10
12 2
14 1
2 13
5 14
0 9
13 1
10 15
14 17
7 14
15 1
8 1
2 11
13 13
3 7
