11 15
1 -5 14 0 11 15 10 -21 -20 5 -21 5 9 6 22 
21 2 12 -15 10 0 15 22 11 -4 18 11 18 -19 13 
5 8 4 10 12 16 16 8 -20 12 -13 -5 2 -19 -2 
7 -10 20 -16 2 -5 -21 -6 16 5 13 9 10 16 2 
10 -5 -20 13 19 7 -16 5 8 -15 16 0 -16 20 4 
-22 19 1 -7 5 -18 4 14 4 -18 5 -7 1 19 -22 
4 20 -16 0 16 -15 8 5 -16 7 19 13 -20 -5 10 
2 16 10 9 13 5 16 -6 -21 -5 2 -16 20 -10 7 
-2 -19 2 -5 -13 12 -20 8 16 16 12 10 4 8 5 
13 -19 18 11 18 -4 11 22 15 0 10 -15 12 2 21 
22 6 9 5 -21 5 -20 -21 10 15 11 0 14 -5 1 
37
4
0 11
1 11
0 10
1 9
10 3
9 3
10 4
9 5
8
3 1 16
3 13 16
7 0 12
4 13 11
7 13 16
7 1 16
3 14 12
6 1 11
16
1 14
5 8
6 10
9 13
2 3
10 9
7 9
4 12
9 0
5 6
4 4
1 1
8 11
0 5
3 5
6 2
