17 12
2 1 -1 4 1 3 2 0 4 4 2 2 
1 4 -4 1 4 0 1 0 1 -1 1 -1 
0 3 4 1 3 4 3 1 3 3 0 3 
4 1 4 3 3 2 2 4 4 2 -3 3 
1 3 1 1 2 0 1 2 3 0 2 3 
1 0 -4 2 3 -4 3 0 4 1 -4 1 
2 -3 0 1 0 1 1 1 2 2 -1 2 
-4 2 1 2 -1 3 0 1 -1 -4 2 -3 
1 3 -2 2 3 4 4 3 2 -2 3 1 
-3 2 -4 -1 1 0 3 -1 2 1 2 -4 
2 -1 2 2 1 1 1 0 1 0 -3 2 
1 -4 1 4 0 3 -4 3 2 -4 0 1 
3 2 0 3 2 1 0 2 1 1 3 1 
3 -3 2 4 4 2 2 3 3 4 1 4 
3 0 3 3 1 3 4 3 1 4 3 0 
-1 1 -1 1 0 1 0 4 1 -4 4 1 
2 2 4 4 0 2 3 1 4 -1 1 2 
37
3
1 11
4 9
1 10
15 0
12 2
15 1
14
8 7 9
10 5 14
12 0 16
7 4 14
9 3 11
8 9 10
11 0 12
8 4 9
6 6 14
4 11 16
9 7 14
7 8 11
8 2 10
5 11 12
20
8 6
5 4
11 5
2 11
7 9
6 10
13 11
12 9
6 8
14 10
8 5
11 7
5 6
14 0
9 2
10 1
3 0
4 2
10 3
2 1
