12 13
6 8 -25 25 10 4 16 -15 -12 17 15 -12 8 
25 3 24 10 6 27 16 26 9 2 26 9 -20 
13 26 -25 17 6 10 13 6 19 27 18 1 15 
26 22 28 24 -17 13 15 17 18 15 5 -19 25 
2 15 9 -22 16 22 11 18 -25 5 28 2 -5 
6 -15 9 12 10 -27 -4 -20 2 2 10 -4 -21 
-21 -4 10 2 2 -20 -4 -27 10 12 9 -15 6 
-5 2 28 5 -25 18 11 22 16 -22 9 15 2 
25 -19 5 15 18 17 15 13 -17 24 28 22 26 
15 1 18 27 19 6 13 10 6 17 -25 26 13 
-20 9 26 2 9 26 16 27 6 10 24 3 25 
8 -12 15 17 -12 -15 16 4 10 25 -25 8 6 
46
8
11 5
11 8
1 5
3 10
11 0
11 4
0 6
7 3
0 7
0 4
10 7
8 2
0 12
0 8
11 6
4 9
18
8 11 16
8 9 8
10 11 13
11 3 16
10 0 16
7 2 8
5 1 14
2 9 12
1 3 8
3 1 16
3 3 8
1 1 13
0 9 16
1 12 16
4 10 8
6 11 14
9 3 12
10 9 8
14
6 9
9 2
10 2
5 12
6 12
4 11
10 1
5 3
2 10
1 10
6 0
5 0
7 1
1 11
