20 20
9 4 14 11 -15 10 0 0 10 6 2 0 8 -10 14 -9 11 -6 7 9 
-8 2 -15 10 8 8 13 -10 7 -1 -5 -3 13 -15 -14 8 16 9 10 13 
15 0 1 11 11 5 8 -15 15 11 11 -16 -8 3 -13 6 -16 -16 9 -1 
-11 -4 6 10 -3 3 -9 -13 0 -12 -9 11 16 0 9 -6 4 2 0 11 
8 11 0 1 0 -3 -5 3 16 0 4 6 2 1 10 -1 13 4 10 0 
9 8 15 -5 3 14 -6 -6 -15 -14 4 15 9 -6 -15 7 5 4 8 10 
3 1 5 -8 7 -4 5 16 6 1 8 13 -4 16 -4 -7 12 -2 4 1 
2 10 15 14 16 6 16 -16 -1 7 11 15 15 15 10 16 -13 -10 13 4 
11 0 -13 -11 6 1 16 5 0 -16 1 16 3 11 14 -6 12 -13 13 16 
2 11 2 2 11 -14 3 11 -8 8 6 0 7 -13 -15 11 -5 7 3 9 
9 3 7 -5 11 -15 -13 7 0 6 8 -8 11 3 -14 11 2 2 11 2 
16 13 -13 12 -6 14 11 3 16 1 -16 0 5 16 1 6 -11 -13 0 11 
4 13 -10 -13 16 10 15 15 15 11 7 -1 -16 16 6 16 14 15 10 2 
1 4 -2 12 -7 -4 16 -4 13 8 1 6 16 5 -4 7 -8 5 1 3 
10 8 4 5 7 -15 -6 9 15 4 -14 -15 -6 -6 14 3 -5 15 8 9 
0 10 4 13 -1 10 1 2 6 4 0 16 3 -5 -3 0 1 0 11 8 
11 0 2 4 -6 9 0 16 11 -9 -12 0 -13 -9 3 -3 10 6 -4 -11 
-1 9 -16 -16 6 -13 3 -8 -16 11 11 15 -15 8 5 11 11 1 0 15 
13 10 9 16 8 -14 -15 13 -3 -5 -1 7 -10 13 8 8 10 -15 2 -8 
9 7 -6 11 -9 14 -10 8 0 2 6 10 0 0 10 -15 11 14 4 9 
53
4
11 7
4 1
7 16
19 4
8 12
15 18
12 3
0 15
6
5 7 16
4 3 8
11 15 13
14 12 16
15 16 8
8 4 13
0
