20 20
5 0 2 5 -7 -11 6 9 0 -10 10 6 10 3 2 0 9 6 10 2 
1 10 8 9 0 -12 4 -5 5 0 7 -8 12 10 11 3 11 2 -4 5 
1 -3 -10 6 7 11 11 9 -12 12 9 6 5 7 1 -5 -11 3 8 1 
12 7 4 3 9 10 8 9 3 -3 3 8 -10 -3 3 12 -8 12 -3 2 
-4 3 7 -8 8 -3 12 7 7 6 5 12 -1 -10 1 11 7 8 12 1 
-10 10 7 12 7 1 -4 -7 4 7 5 6 -4 5 8 -11 2 11 1 8 
7 2 3 0 11 -6 1 0 5 4 2 1 -12 -7 -7 5 -6 9 7 6 
9 8 11 -12 12 4 8 -9 6 7 0 4 0 7 3 -2 -3 2 -9 4 
8 3 12 8 -7 -4 -2 1 1 11 12 -3 6 5 8 4 4 12 -6 8 
12 4 -7 6 -6 5 11 5 10 11 8 9 4 3 7 1 4 8 0 7 
7 0 8 4 1 7 3 4 9 8 11 10 5 11 5 -6 6 -7 4 12 
8 -6 12 4 4 8 5 6 -3 12 11 1 1 -2 -4 -7 8 12 3 8 
4 -9 2 -3 -2 3 7 0 4 0 7 6 -9 8 4 12 -12 11 8 9 
6 7 9 -6 5 -7 -7 -12 1 2 4 5 0 1 -6 11 0 3 2 7 
8 1 11 2 -11 8 5 -4 6 5 7 4 -7 -4 1 7 12 7 10 -10 
1 12 8 7 11 1 -10 -1 12 5 6 7 7 12 -3 8 -8 7 3 -4 
2 -3 12 -8 12 3 -3 -10 8 3 -3 3 9 8 10 9 3 4 7 12 
1 8 3 -11 -5 1 7 5 6 9 12 -12 9 11 11 7 6 -10 -3 1 
5 -4 2 11 3 11 10 12 -8 7 0 5 -5 4 -12 0 9 8 10 1 
2 10 6 9 0 2 3 10 6 10 -10 0 9 6 -11 -7 5 2 0 5 
48
7
0 2
1 5
12 18
16 14
15 19
17 13
16 8
19 17
18 14
7 1
3 5
4 0
2 6
3 11
12
5 2 9
18 9 9
3 17 15
7 15 14
1 3 11
17 10 8
14 17 9
1 10 9
16 2 15
12 4 14
18 16 11
2 9 8
0
