11 18
8 5 7 -2 11 3 11 0 -15 13 12 16 -17 16 3 12 15 0 
18 -17 8 11 12 0 -15 -14 10 18 8 4 -9 -19 2 9 -9 18 
1 0 14 12 12 3 17 -18 3 9 7 15 -1 3 4 11 6 19 
5 -16 5 13 5 -5 -6 -16 -12 18 11 18 0 4 4 -18 6 14 
16 15 11 13 5 7 1 6 14 5 0 1 7 -3 -7 5 16 -5 
-8 3 0 14 18 -2 -7 5 -19 -19 5 -7 -2 18 14 0 3 -8 
-5 16 5 -7 -3 7 1 0 5 14 6 1 7 5 13 11 15 16 
14 6 -18 4 4 0 18 11 18 -12 -16 -6 -5 5 13 5 -16 5 
19 6 11 4 3 -1 15 7 9 3 -18 17 3 12 12 14 0 1 
18 -9 9 2 -19 -9 4 8 18 10 -14 -15 0 12 11 8 -17 18 
0 15 12 3 16 -17 16 12 13 -15 0 11 3 11 -2 7 5 8 
55
8
1 10
0 3
0 16
9 5
8 13
4 10
2 6
9 1
9 7
10 14
10 1
1 12
2 4
6 7
8 11
1 16
18
3 6 14
9 2 9
7 5 11
7 9 9
7 14 10
5 2 14
2 7 9
10 5 15
5 14 14
7 11 14
1 15 9
3 12 11
3 8 9
3 3 10
5 15 14
8 10 9
0 12 15
5 3 14
18
1 17
10 8
7 12
10 4
8 1
10 13
5 8
7 13
4 12
9 0
0 9
3 5
0 13
2 16
0 4
5 9
3 4
6 5
