17 12
-8 5 5 2 1 0 10 -2 10 9 -2 2 
8 -8 2 -2 -3 2 7 -4 7 7 -5 -9 
3 1 10 10 5 -4 10 5 5 5 -7 5 
4 9 6 8 7 4 7 10 -4 10 5 8 
9 8 0 6 10 8 -6 5 1 3 7 8 
2 4 8 7 2 4 8 10 -8 5 3 4 
8 9 8 10 5 4 -2 9 -6 -8 -10 5 
10 -7 0 7 0 6 9 -4 0 -7 -3 10 
4 9 2 4 3 8 8 3 4 2 9 4 
10 -3 -7 0 -4 9 6 0 7 0 -7 10 
5 -10 -8 -6 9 -2 4 5 10 8 9 8 
4 3 5 -8 10 8 4 2 7 8 4 2 
8 7 3 1 5 -6 8 10 6 0 8 9 
8 5 10 -4 10 7 4 7 8 6 9 4 
5 -7 5 5 5 10 -4 5 10 10 1 3 
-9 -5 7 7 -4 7 2 -3 -2 2 -8 8 
2 -2 9 10 -2 10 0 1 2 5 5 -8 
55
7
5 6
3 1
6 10
6 3
1 8
0 7
3 11
11 5
13 10
10 1
10 8
15 3
16 4
13 0
18
16 2 8
2 11 8
6 7 9
13 1 9
9 11 15
12 11 10
3 9 12
13 3 16
9 4 13
0 9 8
14 0 8
10 4 9
3 10 9
7 0 15
4 0 10
13 2 12
3 8 16
7 7 13
20
8 10
12 10
6 8
15 1
15 9
10 9
6 9
14 11
16 8
4 2
8 1
4 1
10 3
1 10
1 2
6 2
10 2
2 0
0 3
12 9
