20 20
9 0 5 1 2 5 1 9 8 8 7 7 6 9 -2 -2 0 1 9 6 
-3 2 2 4 6 0 -9 7 6 -3 -7 -5 2 4 -2 4 8 5 8 5 
8 -1 -9 5 2 -4 -5 9 0 -8 -7 2 7 -6 6 3 3 4 -8 7 
0 6 2 3 3 -6 7 4 1 -6 9 -1 -7 -3 2 2 -8 8 3 7 
3 7 -4 8 8 4 -2 -1 2 8 -2 8 -4 5 5 -7 -2 8 2 9 
0 6 -4 5 5 6 7 8 -2 7 8 9 0 6 9 7 -1 1 9 -6 
9 2 9 -4 -5 -8 0 4 6 7 -9 6 -2 4 6 -5 6 8 6 -5 
6 0 2 -7 4 0 3 9 9 6 9 0 8 0 0 5 -6 8 1 9 
3 3 -2 6 2 8 2 -7 7 4 3 -5 2 -7 1 9 -3 9 -9 -7 
-5 1 9 3 -4 -7 9 -4 1 6 3 6 -7 -7 -8 -3 -1 2 8 -1 
-1 8 2 -1 -3 -8 -7 -7 6 3 6 1 -4 9 -7 -4 3 9 1 -5 
-7 -9 9 -3 9 1 -7 2 -5 3 4 7 -7 2 8 2 6 -2 3 3 
9 1 8 -6 5 0 0 8 0 9 6 9 9 3 0 4 -7 2 0 6 
-5 6 8 6 -5 6 4 -2 6 -9 7 6 4 0 -8 -5 -4 9 2 9 
-6 9 1 -1 7 9 6 0 9 8 7 -2 8 7 6 5 5 -4 6 0 
9 2 8 -2 -7 5 5 -4 8 -2 8 2 -1 -2 4 8 8 -4 7 3 
7 3 8 -8 2 2 -3 -7 -1 9 -6 1 4 7 -6 3 3 2 6 0 
7 -8 4 3 3 6 -6 7 2 -7 -8 0 9 -5 -4 2 5 -9 -1 8 
5 8 5 8 4 -2 4 2 -5 -7 -3 6 7 -9 0 6 4 2 2 -3 
6 9 1 0 -2 -2 9 6 7 7 8 8 9 1 5 2 1 5 0 9 
53
6
4 13
5 19
3 16
6 12
3 15
3 12
15 6
14 0
16 3
13 7
16 4
16 7
8
0 13 11
0 9 10
15 14 10
17 19 8
19 6 11
19 10 10
4 5 10
2 0 8
0
