10 18
13 7 4 11 10 -12 5 7 3 10 2 -8 10 1 -5 -9 1 8 
12 9 14 14 -2 5 -1 13 3 11 -13 3 13 13 2 -4 8 3 
5 10 9 10 7 10 11 3 5 13 12 10 -12 13 8 10 -5 3 
11 10 2 -8 -8 1 7 1 -13 -8 8 12 -14 3 14 6 8 12 
9 11 -6 -12 3 4 4 -4 0 -2 -4 14 13 6 5 14 5 14 
14 5 14 5 6 13 14 -4 -2 0 -4 4 4 3 -12 -6 11 9 
12 8 6 14 3 -14 12 8 -8 -13 1 7 1 -8 -8 2 10 11 
3 -5 10 8 13 -12 10 12 13 5 3 11 10 7 10 9 10 5 
3 8 -4 2 13 13 3 -13 11 3 13 -1 5 -2 14 14 9 12 
8 1 -9 -5 1 10 -8 2 10 3 7 5 -12 10 11 4 7 13 
36
6
0 5
0 1
3 5
4 12
7 8
1 7
9 12
9 16
6 12
5 5
2 9
8 10
10
2 16 15
4 17 8
9 3 8
9 1 16
5 4 15
7 1 15
5 0 8
0 14 8
0 16 16
4 13 15
14
0 3
8 12
1 14
2 0
4 14
4 2
9 11
9 14
1 5
8 3
7 17
5 3
5 15
0 6
