20 20
-10 10 6 7 9 0 1 3 5 11 -12 -6 13 12 10 4 -4 -9 -5 2 
0 6 13 8 7 -7 6 13 11 14 12 -8 -8 5 6 3 -14 -9 13 12 
12 11 7 3 13 -6 -14 12 7 14 -11 14 14 -1 -1 -12 -4 8 6 14 
13 12 14 3 7 13 -2 10 1 -4 -11 9 13 -7 13 10 4 -8 -13 -4 
12 -14 -9 -10 12 -4 -14 4 7 3 2 5 -6 -7 12 -4 12 11 0 4 
9 13 1 -1 11 10 13 -5 5 11 -3 6 3 2 11 11 -4 4 7 -8 
7 5 6 -3 2 14 13 -6 10 -9 -3 -12 5 -10 5 2 14 4 10 -10 
5 7 10 13 -11 2 8 -6 13 4 14 14 3 1 13 7 -11 2 10 -10 
3 11 -8 12 3 -5 5 -2 5 6 2 2 -2 8 1 1 0 5 1 10 
-2 3 10 13 11 9 -9 -11 9 -3 -12 2 -3 1 9 -12 -13 9 4 6 
6 4 9 -13 -12 9 1 -3 2 -12 -3 9 -11 -9 9 11 13 10 3 -2 
10 1 5 0 1 1 8 -2 2 2 6 5 -2 5 -5 3 12 -8 11 3 
-10 10 2 -11 7 13 1 3 14 14 4 13 -6 8 2 -11 13 10 7 5 
-10 10 4 14 2 5 -10 5 -12 -3 -9 10 -6 13 14 2 -3 6 5 7 
-8 7 4 -4 11 11 2 3 6 -3 11 5 -5 13 10 11 -1 1 13 9 
4 0 11 12 -4 12 -7 -6 5 2 3 7 4 -14 -4 12 -10 -9 -14 12 
-4 -13 -8 4 10 13 -7 13 9 -11 -4 1 10 -2 13 7 3 14 12 13 
14 6 8 -4 -12 -1 -1 14 14 -11 14 7 12 -14 -6 13 3 7 11 12 
12 13 -9 -14 3 6 5 -8 -8 12 14 11 13 6 -7 7 8 13 6 0 
2 -5 -9 -4 4 10 12 13 -6 -12 11 5 3 1 0 9 7 6 10 -10 
51
7
1 16
19 3
7 5
12 4
1 14
16 12
19 12
18 3
0 16
12 14
7 15
18 5
3 7
0 7
18
13 14 11
14 16 11
6 2 12
17 15 14
19 4 11
6 3 16
17 13 16
5 12 10
15 10 12
6 5 11
5 3 11
13 17 12
2 4 14
0 15 11
13 16 16
2 6 16
14 7 10
4 9 12
40
9 5
5 10
12 8
10 1
15 17
11 19
12 9
4 6
18 1
17 9
5 2
2 17
12 2
14 18
15 5
2 18
12 19
7 14
19 9
13 10
10 14
14 9
7 11
9 18
4 2
8 0
7 10
15 13
1 18
2 10
14 17
17 2
7 17
5 1
4 14
17 1
7 0
12 5
0 10
6 9
