20 20
1 6 12 9 10 0 4 2 1 6 -3 -1 13 12 -8 9 3 7 4 -14 
10 -11 13 1 8 7 -9 11 9 -1 14 2 2 9 1 3 5 3 7 3 
-8 14 10 -14 -8 -12 14 12 7 5 5 -13 9 12 14 10 13 -11 14 14 
13 9 -12 -14 13 10 10 -5 -5 9 -14 -9 4 1 -3 5 9 -14 0 8 
3 -1 7 -9 6 -9 7 10 1 10 6 13 -13 12 10 -6 -11 -1 14 9 
1 1 7 -3 -10 11 10 12 1 2 7 1 12 11 13 13 13 5 2 8 
14 4 2 -8 -10 14 4 9 -2 -6 12 5 -6 2 -12 4 11 2 7 7 
5 6 -12 11 12 4 10 2 9 -2 -6 3 -9 1 14 14 3 -9 -6 8 
6 -10 11 -10 14 12 -8 6 -12 10 2 5 -12 12 0 9 11 7 12 7 
4 1 13 2 7 -13 0 8 12 1 3 7 12 5 1 9 9 8 1 5 
5 1 8 9 9 1 5 12 7 3 1 12 8 0 -13 7 2 13 1 4 
7 12 7 11 9 0 12 -12 5 2 10 -12 6 -8 12 14 -10 11 -10 6 
8 -6 -9 3 14 14 1 -9 3 -6 -2 9 2 10 4 12 11 -12 6 5 
7 7 2 11 4 -12 2 -6 5 12 -6 -2 9 4 14 -10 -8 2 4 14 
8 2 5 13 13 13 11 12 1 7 2 1 12 10 11 -10 -3 7 1 1 
9 14 -1 -11 -6 10 12 -13 13 6 10 1 10 7 -9 6 -9 7 -1 3 
8 0 -14 9 5 -3 1 4 -9 -14 9 -5 -5 10 10 13 -14 -12 9 13 
14 14 -11 13 10 14 12 9 -13 5 5 7 12 14 -12 -8 -14 10 14 -8 
3 7 3 5 3 1 9 2 2 14 -1 9 11 -9 7 8 1 13 -11 10 
-14 4 7 3 9 -8 12 13 -1 -3 6 1 2 4 0 10 9 12 6 1 
48
4
11 14
6 13
17 19
4 16
8 5
13 6
2 0
15 3
6
12 19 10
15 17 8
4 3 16
7 0 10
4 2 8
15 16 16
0
