17 13
13 21 5 4 -9 -1 15 9 3 3 10 5 21 
16 1 24 7 -5 -13 11 0 4 4 1 -14 17 
10 -14 21 -4 20 20 -5 -17 -6 23 20 10 -3 
5 8 -11 -6 20 17 10 6 16 4 -13 -13 11 
-1 8 24 2 16 21 12 15 -18 21 11 -3 9 
5 10 9 21 6 18 11 4 8 23 15 13 0 
7 9 16 11 23 23 17 -19 21 -21 -13 -15 22 
16 -6 11 -8 8 19 21 6 15 -2 21 8 1 
11 -23 19 6 12 -19 6 -19 12 6 19 -23 11 
1 8 21 -2 15 6 21 19 8 -8 11 -6 16 
22 -15 -13 -21 21 -19 17 23 23 11 16 9 7 
0 13 15 23 8 4 11 18 6 21 9 10 5 
9 -3 11 21 -18 15 12 21 16 2 24 8 -1 
11 -13 -13 4 16 6 10 17 20 -6 -11 8 5 
-3 10 20 23 -6 -17 -5 20 20 -4 21 -14 10 
17 -14 1 4 4 0 11 -13 -5 7 24 1 16 
21 5 10 3 3 9 15 -1 -9 4 5 21 13 
58
2
10 4
9 3
6 8
7 9
18
12 3 10
15 9 9
4 11 15
13 4 11
11 8 12
15 8 9
14 3 10
8 9 10
7 4 9
4 9 10
1 3 9
12 1 15
3 8 11
5 4 12
1 4 9
2 9 10
8 3 10
9 8 9
22
3 9
2 8
2 5
16 3
15 6
4 8
1 2
10 2
9 11
4 5
14 8
13 3
14 4
14 7
0 9
1 6
12 4
15 10
6 10
7 1
12 7
2 4
