13 17
10 6 -21 23 -23 27 7 24 30 5 1 -21 1 20 -6 -16 1 
1 -12 20 11 8 14 25 29 27 9 -1 -5 -27 10 21 -16 -20 
-14 24 15 11 23 -13 25 -29 1 29 15 3 -30 29 -6 -12 5 
5 -9 -17 -7 -19 -15 9 -18 12 13 25 19 29 20 5 25 25 
-4 29 -8 20 15 28 28 -4 2 8 -12 25 9 26 10 26 -17 
29 20 12 -18 10 -7 21 24 -24 15 -16 8 15 26 28 30 -6 
-4 -18 -23 24 11 -28 18 26 27 26 18 -28 11 24 -23 -18 -4 
-6 30 28 26 15 8 -16 15 -24 24 21 -7 10 -18 12 20 29 
-17 26 10 26 9 25 -12 8 2 -4 28 28 15 20 -8 29 -4 
25 25 5 20 29 19 25 13 12 -18 9 -15 -19 -7 -17 -9 5 
5 -12 -6 29 -30 3 15 29 1 -29 25 -13 23 11 15 24 -14 
-20 -16 21 10 -27 -5 -1 9 27 29 25 14 8 11 20 -12 1 
1 -16 -6 20 1 -21 1 5 30 24 7 27 -23 23 -21 6 10 
32
6
10 14
4 10
9 5
5 14
9 7
7 8
2 2
8 6
3 11
7 2
3 9
5 8
6
1 8 10
10 2 15
11 5 8
11 8 10
2 14 15
1 11 8
18
1 4
12 13
8 10
12 3
9 1
2 10
8 11
2 11
0 16
11 12
0 3
4 6
0 13
3 15
10 6
4 5
10 5
12 0
