14 11
14 17 5 -14 12 -3 11 1 8 16 4 
12 -11 4 6 -8 1 19 -6 12 -8 8 
4 -2 15 2 -11 3 10 2 12 -16 -5 
-13 7 18 16 -4 -11 15 10 2 -16 20 
-3 -10 10 14 -20 17 2 3 7 -1 13 
2 15 2 3 11 11 13 16 -15 -12 6 
-10 2 8 15 -15 4 16 -2 8 0 11 
11 0 8 -2 16 4 -15 15 8 2 -10 
6 -12 -15 16 13 11 11 3 2 15 2 
13 -1 7 3 2 17 -20 14 10 -10 -3 
20 -16 2 10 15 -11 -4 16 18 7 -13 
-5 -16 12 2 10 3 -11 2 15 -2 4 
8 -8 12 -6 19 1 -8 6 4 -11 12 
4 16 8 1 11 -3 12 -14 5 17 14 
33
3
12 5
10 0
8 4
1 5
3 10
5 6
14
10 6 9
13 1 9
10 1 15
7 8 8
5 3 10
11 7 13
13 8 8
3 4 9
0 9 9
3 9 15
6 2 8
8 7 10
2 3 13
0 2 8
10
4 8
0 5
9 8
6 3
6 5
9 2
13 5
4 2
7 7
7 5
