10 17
4 10 0 6 8 4 10 7 6 1 2 1 8 9 9 3 10 
8 5 -8 10 8 4 -1 2 -4 3 9 7 2 -2 -6 2 0 
3 5 4 -1 -8 7 10 2 7 5 2 3 9 10 7 5 10 
4 2 2 9 10 4 -6 9 8 4 6 -3 5 -10 -6 8 -7 
-2 10 -5 -10 3 7 -5 -9 6 9 10 -1 4 0 8 -6 -2 
-2 -6 8 0 4 -1 10 9 6 -9 -5 7 3 -10 -5 10 -2 
-7 8 -6 -10 5 -3 6 4 8 9 -6 4 10 9 2 2 4 
10 5 7 10 9 3 2 5 7 2 10 7 -8 -1 4 5 3 
0 2 -6 -2 2 7 9 3 -4 2 -1 4 8 10 -8 5 8 
10 3 9 9 8 1 2 1 6 7 10 4 8 6 0 10 4 
45
7
6 15
0 3
3 6
9 0
5 16
8 10
1 3
3 1
9 13
6 10
0 16
4 0
1 6
8 13
10
1 4 9
2 12 10
0 8 12
5 11 15
3 2 16
8 12 9
7 4 10
9 8 12
4 5 15
6 14 16
16
0 14
3 14
9 16
9 5
1 5
8 1
4 11
7 5
9 2
6 2
0 0
0 11
8 11
1 15
5 5
2 11
