11 13
12 -12 3 -13 4 14 12 -8 13 -6 -8 4 4 
12 4 3 5 -12 8 6 11 13 -2 9 10 10 
11 8 -6 -11 8 8 1 2 10 11 -14 11 5 
9 6 -10 -11 -13 -14 12 8 10 2 7 5 13 
-5 1 -13 3 0 6 9 14 11 10 13 -13 9 
9 -4 9 14 10 13 -11 13 10 14 9 -4 9 
9 -13 13 10 11 14 9 6 0 3 -13 1 -5 
13 5 7 2 10 8 12 -14 -13 -11 -10 6 9 
5 11 -14 11 10 2 1 8 8 -11 -6 8 11 
10 10 9 -2 13 11 6 8 -12 5 3 4 12 
4 4 -8 -6 13 -8 12 14 4 -13 3 -12 12 
39
3
4 7
6 12
9 2
6 5
4 0
1 10
20
9 0 9
7 2 12
4 8 10
8 7 15
10 4 15
2 7 16
8 9 13
9 4 13
8 11 10
6 3 14
1 12 9
3 10 12
6 4 10
2 5 15
0 8 15
8 5 16
2 3 13
1 8 13
2 1 10
4 9 14
10
4 1
9 10
0 12
1 4
4 12
6 11
1 2
10 0
9 8
6 0
