11 19
3 8 -3 5 -6 2 -6 8 -6 0 8 6 6 -6 8 1 0 -5 -8 
1 4 1 8 2 4 1 7 5 -3 2 1 1 0 -6 5 1 -3 2 
4 -8 4 2 7 -7 8 2 1 -8 6 -7 7 -7 -6 -4 1 2 5 
-1 2 -6 5 4 6 4 2 -3 -8 2 6 1 -3 4 -8 3 1 8 
7 0 3 -8 6 8 -1 4 8 -5 -7 -4 2 8 5 6 3 0 8 
3 6 5 1 3 4 -4 6 2 4 2 6 -4 4 3 1 5 6 3 
8 0 3 6 5 8 2 -4 -7 -5 8 4 -1 8 6 -8 3 0 7 
8 1 3 -8 4 -3 1 6 2 -8 -3 2 4 6 4 5 -6 2 -1 
5 2 1 -4 -6 -7 7 -7 6 -8 1 2 8 -7 7 2 4 -8 4 
2 -3 1 5 -6 0 1 1 2 -3 5 7 1 4 2 8 1 4 1 
-8 -5 0 1 8 -6 6 6 8 0 -6 8 -6 2 -6 5 -3 8 3 
47
8
1 5
1 16
7 6
3 9
5 1
7 17
4 17
8 18
9 13
9 2
3 12
7 9
5 17
3 1
6 1
2 0
18
9 18 16
10 18 13
2 16 9
4 5 9
3 18 13
4 2 12
3 2 16
9 16 16
3 14 13
1 0 16
0 0 13
8 2 9
6 13 9
7 0 13
6 16 12
7 16 16
1 2 16
7 4 13
20
1 13
2 12
7 3
4 3
10 16
6 14
6 17
9 7
5 0
10 12
9 5
8 6
3 15
6 15
0 2
4 4
4 1
1 11
5 18
0 6
