16 14
7 -2 3 -2 5 6 7 1 3 7 7 3 0 5 
7 6 6 -3 1 4 -1 1 4 1 2 6 5 -2 
-3 5 6 5 5 7 -4 4 6 1 -3 -7 -2 3 
6 -6 -7 4 5 -5 -2 0 2 -1 7 4 -3 5 
6 3 7 2 -2 1 7 7 2 6 1 0 2 7 
4 0 5 1 0 2 3 2 3 3 5 1 7 7 
4 -6 0 4 2 -4 6 1 7 3 6 -6 -5 0 
1 -2 2 7 5 5 -7 5 4 2 2 0 1 1 
1 1 0 2 2 4 5 -7 5 5 7 2 -2 1 
0 -5 -6 6 3 7 1 6 -4 2 4 0 -6 4 
7 7 1 5 3 3 2 3 2 0 1 5 0 4 
7 2 0 1 6 2 7 7 1 -2 2 7 3 6 
5 -3 4 7 -1 2 0 -2 -5 5 4 -7 -6 6 
3 -2 -7 -3 1 6 4 -4 7 5 5 6 5 -3 
-2 5 6 2 1 4 1 -1 4 1 -3 6 6 7 
5 0 3 7 7 3 1 7 6 5 -2 3 -2 7 
34
5
15 13
9 3
8 10
1 7
10 2
0 0
6 10
7 3
14 6
5 11
14
2 8 10
14 10 15
4 2 12
10 0 16
1 10 11
12 13 16
13 4 15
13 5 10
1 3 15
11 11 12
5 13 16
14 3 11
3 0 16
2 9 15
14
10 4
0 6
0 10
14 5
3 1
4 10
10 8
5 9
15 7
15 3
1 8
12 12
11 3
5 5
