12 14
0 1 0 4 -5 0 -5 -4 -4 2 4 1 1 5 
-2 6 -7 4 2 0 7 4 5 1 1 5 0 2 
6 3 -7 4 0 -7 1 7 7 -7 6 5 -2 4 
0 0 3 -4 2 4 1 -2 3 4 4 -3 -3 4 
-4 -7 7 3 6 5 2 1 6 0 -3 7 1 -1 
5 1 5 5 7 7 1 -6 6 -7 7 6 -5 1 
1 -5 6 7 -7 6 -6 1 7 7 5 5 1 5 
-1 1 7 -3 0 6 1 2 5 6 3 7 -7 -4 
4 -3 -3 4 4 3 -2 1 4 2 -4 3 0 0 
4 -2 5 6 -7 7 7 1 -7 0 4 -7 3 6 
2 0 5 1 1 5 4 7 0 2 4 -7 6 -2 
5 1 1 4 2 -4 -4 -5 0 -5 4 0 1 0 
43
7
11 6
11 5
1 7
4 13
8 2
0 1
11 2
0 7
0 8
10 6
7 0
3 11
11 12
0 11
18
11 3 12
10 9 10
8 4 11
5 2 15
2 12 12
10 13 12
5 7 11
2 1 12
10 4 16
0 10 12
1 4 10
3 9 11
6 11 15
9 1 12
1 0 12
6 6 11
9 12 12
1 9 16
10
9 3
2 7
1 13
7 10
5 10
2 10
9 6
10 0
4 3
6 3
