20 20
6 -3 -2 5 -2 9 1 3 0 4 -1 3 8 13 0 8 13 3 -6 4 
-3 -11 -7 3 7 1 10 9 8 4 13 -4 9 14 8 -14 7 -2 1 5 
5 -1 9 9 -8 -8 -2 11 0 12 1 12 -14 6 13 -12 8 -6 7 10 
-8 14 4 13 3 7 -11 0 3 -10 14 4 13 -13 -6 3 12 10 3 -7 
2 -2 8 -11 -11 10 12 -4 0 10 11 11 -8 -13 7 6 1 10 -14 -7 
8 10 0 2 9 -13 3 -4 9 -13 10 12 11 14 6 1 -1 -9 9 1 
7 -9 7 3 5 1 2 3 12 11 5 0 1 6 -4 -14 1 12 6 -14 
2 14 -6 1 13 12 -9 -7 6 4 9 6 -13 6 11 1 1 9 12 -6 
1 8 0 2 9 14 -1 9 0 12 7 5 1 7 11 10 12 -12 5 -12 
2 -6 12 -11 8 8 11 12 2 6 11 7 7 2 11 11 -7 6 11 5 
5 11 6 -7 11 11 2 7 7 11 6 2 12 11 8 8 -11 12 -6 2 
-12 5 -12 12 10 11 7 1 5 7 12 0 9 -1 14 9 2 0 8 1 
-6 12 9 1 1 11 6 -13 6 9 4 6 -7 -9 12 13 1 -6 14 2 
-14 6 12 1 -14 -4 6 1 0 5 11 12 3 2 1 5 3 7 -9 7 
1 9 -9 -1 1 6 14 11 12 10 -13 9 -4 3 -13 9 2 0 10 8 
-7 -14 10 1 6 7 -13 -8 11 11 10 0 -4 12 10 -11 -11 8 -2 2 
-7 3 10 12 3 -6 -13 13 4 14 -10 3 0 -11 7 3 13 4 14 -8 
10 7 -6 8 -12 13 6 -14 12 1 12 0 11 -2 -8 -8 9 9 -1 5 
5 1 -2 7 -14 8 14 9 -4 13 4 8 9 10 1 7 3 -7 -11 -3 
4 -6 3 13 8 0 13 8 3 -1 4 0 3 1 9 -2 5 -2 -3 6 
41
2
5 7
1 8
14 12
18 11
14
13 11 12
2 3 9
6 19 8
13 1 15
14 3 16
8 14 10
0 14 8
6 8 12
17 16 9
13 0 8
6 18 15
5 16 16
11 5 10
19 5 8
0
