12 15
1 7 -1 0 4 2 3 7 -5 6 7 2 1 6 3 
4 -4 7 -1 -1 5 7 -4 7 6 -3 6 1 2 -6 
4 3 1 3 -2 -4 3 4 6 6 -4 -6 -5 6 3 
0 4 4 4 5 5 4 6 1 5 5 0 7 -3 7 
-2 4 1 1 6 -1 -7 4 2 -6 6 -2 2 1 1 
-2 4 1 -5 2 6 -4 0 0 -7 1 -7 0 4 4 
4 4 0 -7 1 -7 0 0 -4 6 2 -5 1 4 -2 
1 1 2 -2 6 -6 2 4 -7 -1 6 1 1 4 -2 
7 -3 7 0 5 5 1 6 4 5 5 4 4 4 0 
3 6 -5 -6 -4 6 6 4 3 -4 -2 3 1 3 4 
-6 2 1 6 -3 6 7 -4 7 5 -1 -1 7 -4 4 
3 6 1 2 7 6 -5 7 3 2 4 0 -1 7 1 
44
8
7 4
7 13
0 11
11 12
10 0
0 8
3 2
8 4
4 10
4 1
11 3
0 2
1 14
11 6
8 12
3 10
18
5 11 15
10 3 9
2 3 14
7 12 12
1 13 16
8 5 10
9 8 14
7 9 9
9 6 12
6 3 15
1 11 9
9 11 14
4 2 12
10 1 16
3 9 10
2 6 14
4 5 9
2 8 12
18
3 4
9 2
11 13
2 10
10 13
4 3
5 2
6 7
6 11
8 10
2 12
0 1
9 4
1 1
7 11
6 12
5 7
5 3
