20 17
0 1 9 5 4 7 -4 2 3 10 1 -5 -6 9 8 2 8 
1 1 1 0 2 2 6 -3 9 9 8 0 -10 6 5 2 1 
6 3 4 8 -1 1 6 7 1 -9 10 9 10 4 4 8 3 
-3 4 0 2 -2 6 4 1 8 7 6 10 8 8 3 1 6 
0 5 2 -5 7 1 3 -7 -7 9 4 3 2 2 7 7 8 
8 1 10 7 1 5 9 3 6 -5 9 4 5 2 -6 7 -2 
9 -10 1 8 -6 10 3 3 2 6 10 5 -7 -2 -3 6 -3 
3 10 1 9 10 -4 1 6 4 7 7 9 -1 6 2 -3 3 
3 7 -1 -10 4 4 1 9 4 4 6 4 8 10 -1 2 -10 
-10 3 -9 -6 6 9 3 0 5 -4 -1 8 -10 8 3 6 0 
0 6 3 8 -10 8 -1 -4 5 0 3 9 6 -6 -9 3 -10 
-10 2 -1 10 8 4 6 4 4 9 1 4 4 -10 -1 7 3 
3 -3 2 6 -1 9 7 7 4 6 1 -4 10 9 1 10 3 
-3 6 -3 -2 -7 5 10 6 2 3 3 10 -6 8 1 -10 9 
-2 7 -6 2 5 4 9 -5 6 3 9 5 1 7 10 1 8 
8 7 7 2 2 3 4 9 -7 -7 3 1 7 -5 2 5 0 
6 1 3 8 8 10 6 7 8 1 4 6 -2 2 0 4 -3 
3 8 4 4 10 9 10 -9 1 7 6 1 -1 8 4 3 6 
1 2 5 6 -10 0 8 9 9 -3 6 2 2 0 1 1 1 
8 2 8 9 -6 -5 1 10 3 2 -4 7 4 5 9 1 0 
57
2
8 1
6 8
11 15
13 8
12
5 7 12
11 12 12
13 0 13
8 6 12
11 9 15
5 13 9
14 9 12
8 4 12
6 16 13
11 10 12
8 7 15
14 3 9
28
13 9
9 11
7 13
3 5
5 15
1 14
2 5
1 5
10 1
4 5
7 12
2 12
7 11
5 11
6 7
10 5
12 3
16 11
14 1
18 2
17 11
18 11
9 15
15 11
12 4
17 4
12 5
14 5
