20 20
3 2 -1 14 15 14 9 10 6 5 14 13 2 -13 13 13 11 -4 5 -1 
6 7 -8 -2 11 10 -10 -11 6 13 2 -2 -15 11 2 -4 12 6 -15 8 
9 -15 13 -14 9 9 -10 -11 3 6 -5 -10 5 8 15 -2 3 11 9 -5 
6 -4 -11 -13 10 -8 3 1 -12 -14 -9 14 10 -11 2 0 -13 11 1 15 
-10 13 -5 11 4 8 3 -9 11 14 8 12 -9 9 1 -9 -7 15 10 6 
3 -6 8 2 14 2 3 0 3 10 14 12 11 9 10 11 8 9 10 10 
8 10 11 15 -13 -8 2 -8 5 -7 5 10 15 7 15 4 -10 -11 0 12 
3 11 13 -1 10 7 13 2 8 5 5 12 6 0 8 3 -9 1 5 1 
-3 0 11 3 11 -14 11 -12 7 13 10 10 8 0 6 1 -12 3 3 -4 
-5 0 1 3 8 5 6 -10 7 14 1 13 10 -7 -6 2 11 -3 1 -7 
-7 1 -3 11 2 -6 -7 10 13 1 14 7 -10 6 5 8 3 1 0 -5 
-4 3 3 -12 1 6 0 8 10 10 13 7 -12 11 -14 11 3 11 0 -3 
1 5 1 -9 3 8 0 6 12 5 5 8 2 13 7 10 -1 13 11 3 
12 0 -11 -10 4 15 7 15 10 5 -7 5 -8 2 -8 -13 15 11 10 8 
10 10 9 8 11 10 9 11 12 14 10 3 0 3 2 14 2 8 -6 3 
6 10 15 -7 -9 1 9 -9 12 8 14 11 -9 3 8 4 11 -5 13 -10 
15 1 11 -13 0 2 -11 10 14 -9 -14 -12 1 3 -8 10 -13 -11 -4 6 
-5 9 11 3 -2 15 8 5 -10 -5 6 3 -11 -10 9 9 -14 13 -15 9 
8 -15 6 12 -4 2 11 -15 -2 2 13 6 -11 -10 10 11 -2 -8 7 6 
-1 5 -4 11 13 13 -13 2 13 14 5 6 10 9 14 15 14 -1 2 3 
38
3
12 3
0 7
9 5
7 16
19 12
10 14
14
11 0 8
0 10 11
13 11 10
12 1 10
4 1 12
5 15 13
13 15 11
8 19 8
19 9 11
6 8 10
7 18 10
15 18 12
14 4 13
6 4 11
0
