20 20
3 2 0 -5 2 6 2 -3 2 3 3 -3 5 4 2 6 -5 -6 3 4 
1 6 -1 -5 4 4 5 2 5 -5 5 0 2 1 2 4 3 3 3 1 
1 -3 1 4 3 3 -1 3 2 -5 3 2 2 -4 6 5 3 1 -5 -3 
4 6 5 3 -5 5 0 2 -3 -3 1 -6 5 5 2 2 5 1 6 6 
6 1 5 0 5 6 -1 -1 4 1 5 2 3 0 4 4 4 -3 0 4 
5 2 5 5 3 1 5 1 -1 0 -5 5 2 5 1 4 2 1 6 1 
6 4 0 6 -4 3 5 -4 4 4 2 6 6 3 -5 5 6 -3 0 2 
-3 0 0 2 2 3 6 4 4 0 2 -5 5 5 4 -5 4 6 3 6 
5 1 6 1 -5 4 3 -2 -5 0 2 -4 -2 -3 5 3 -2 -4 -6 6 
-6 4 3 0 -1 -3 1 3 5 3 -4 2 4 4 4 -6 2 4 4 -2 
-2 4 4 2 -6 4 4 4 2 -4 3 5 3 1 -3 -1 0 3 4 -6 
6 -6 -4 -2 3 5 -3 -2 -4 2 0 -5 -2 3 4 -5 1 6 1 5 
6 3 6 4 -5 4 5 5 -5 2 0 4 4 6 3 2 2 0 0 -3 
2 0 -3 6 5 -5 3 6 6 2 4 4 -4 5 3 -4 6 0 4 6 
1 6 1 2 4 1 5 2 5 -5 0 -1 1 5 1 3 5 5 2 5 
4 0 -3 4 4 4 0 3 2 5 1 4 -1 -1 6 5 0 5 1 6 
6 6 1 5 2 2 5 5 -6 1 -3 -3 2 0 5 -5 3 5 6 4 
-3 -5 1 3 5 6 -4 2 2 3 -5 2 3 -1 3 3 4 1 -3 1 
1 3 3 3 4 2 1 2 0 5 -5 5 2 5 4 4 -5 -1 6 1 
4 3 -6 -5 6 2 4 5 -3 3 3 2 -3 2 6 2 -5 0 2 3 
34
6
9 0
1 7
18 8
1 2
10 18
8 1
10 19
18 12
1 11
18 17
9 1
11 18
20
3 19 14
18 14 12
8 6 11
9 19 13
6 9 9
2 8 13
0 19 10
12 15 16
14 8 16
11 0 12
16 0 14
1 5 12
11 13 11
10 0 13
13 10 9
17 11 13
19 0 10
7 4 16
5 11 16
8 19 12
0
