14 20
1 1 -3 -7 7 1 7 2 7 -8 -3 7 -3 -5 4 -5 5 2 7 7 
7 7 5 4 2 2 -7 5 3 3 -7 4 8 2 -4 1 8 2 0 -7 
0 2 0 8 -2 8 3 -1 2 2 5 7 -4 5 8 0 -6 1 0 4 
8 2 -7 7 1 8 5 0 4 5 -1 8 5 3 5 4 -3 6 8 4 
1 6 1 7 5 3 2 7 3 3 2 3 5 7 -2 6 6 8 3 4 
6 8 5 3 7 7 3 8 6 8 8 0 6 -8 6 4 1 3 0 5 
5 4 4 5 8 8 6 6 6 6 -3 -5 7 3 1 -5 6 2 1 -2 
-2 1 2 6 -5 1 3 7 -5 -3 6 6 6 6 8 8 5 4 4 5 
5 0 3 1 4 6 -8 6 0 8 8 6 8 3 7 7 3 5 8 6 
4 3 8 6 6 -2 7 5 3 2 3 3 7 2 3 5 7 1 6 1 
4 8 6 -3 4 5 3 5 8 -1 5 4 0 5 8 1 7 -7 2 8 
4 0 1 -6 0 8 5 -4 7 5 2 2 -1 3 8 -2 8 0 2 0 
-7 0 2 8 1 -4 2 8 4 -7 3 3 5 -7 2 2 4 5 7 7 
7 7 2 5 -5 4 -5 -3 7 -3 -8 7 2 7 1 7 -7 -3 1 1 
31
3
8 19
3 15
12 11
5 0
10 4
1 8
6
10 1 14
12 13 11
5 1 9
3 18 14
1 6 11
8 18 9
24
12 8
13 1
6 17
8 17
4 11
12 0
2 4
9 17
7 17
5 11
2 8
10 7
1 11
0 18
7 2
5 2
9 8
1 19
11 15
4 2
6 2
8 8
11 11
3 12
