13 17
-1 9 2 13 14 4 5 1 5 18 -4 6 0 8 10 9 -20 
9 12 -18 20 7 13 12 -11 10 11 12 20 -11 17 17 4 14 
-12 8 12 14 15 9 7 8 18 -12 4 12 14 9 21 -14 15 
2 1 -17 13 -9 7 -12 10 12 11 -18 15 21 21 17 21 -1 
0 9 16 20 -13 -12 0 -14 -15 17 18 13 6 1 19 5 -3 
8 18 21 7 -13 18 6 3 -4 5 -17 19 3 -16 11 -1 20 
-21 15 10 -15 4 19 3 17 -6 17 3 19 4 -15 10 15 -21 
20 -1 11 -16 3 19 -17 5 -4 3 6 18 -13 7 21 18 8 
-3 5 19 1 6 13 18 17 -15 -14 0 -12 -13 20 16 9 0 
-1 21 17 21 21 15 -18 11 12 10 -12 7 -9 13 -17 1 2 
15 -14 21 9 14 12 4 -12 18 8 7 9 15 14 12 8 -12 
14 4 17 17 -11 20 12 11 10 -11 12 13 7 20 -18 12 9 
-20 9 10 8 0 6 -4 18 5 1 5 4 14 13 2 9 -1 
37
6
9 12
8 16
8 5
9 0
12 11
7 15
3 4
4 0
4 11
3 16
0 5
5 1
12
2 7 10
9 7 8
10 2 8
9 11 13
11 14 11
4 6 13
10 9 10
3 9 8
2 14 8
3 5 13
1 2 11
8 10 13
22
0 6
5 0
8 15
6 10
6 11
12 4
3 6
12 2
10 16
9 15
0 10
12 10
7 16
4 1
6 6
6 5
0 12
9 10
0 14
2 0
3 1
12 6
