12 20
1 16 21 8 -16 20 7 -14 -5 1 21 10 -11 21 14 -21 7 20 10 18 
19 18 7 20 -6 -21 13 12 2 -16 3 -13 16 -6 -22 -4 -12 -10 10 -7 
-13 5 17 0 10 6 -9 -22 12 -20 -3 16 10 -9 12 1 14 11 -19 17 
2 18 14 20 17 18 -1 20 22 6 -12 4 13 17 12 22 7 9 7 16 
11 -14 15 1 4 16 8 -17 14 20 1 4 1 -15 5 1 3 22 -1 14 
-9 -3 16 22 4 17 21 6 4 -18 19 20 13 19 13 14 22 15 21 2 
2 21 15 22 14 13 19 13 20 19 -18 4 6 21 17 4 22 16 -3 -9 
14 -1 22 3 1 5 -15 1 4 1 20 14 -17 8 16 4 1 15 -14 11 
16 7 9 7 22 12 17 13 4 -12 6 22 20 -1 18 17 20 14 18 2 
17 -19 11 14 1 12 -9 10 16 -3 -20 12 -22 -9 6 10 0 17 5 -13 
-7 10 -10 -12 -4 -22 -6 16 -13 3 -16 2 12 13 -21 -6 20 7 18 19 
18 10 20 7 -21 14 21 -11 10 21 1 -5 -14 7 20 -16 8 21 16 1 
41
8
5 13
1 4
0 19
7 0
9 19
0 11
7 2
11 14
6 6
10 15
11 0
4 19
2 0
11 8
4 17
0 5
14
3 18 9
0 9 15
8 19 15
5 7 15
0 15 13
11 6 16
4 18 12
8 1 9
11 10 15
3 0 15
6 12 15
11 4 13
0 13 16
7 1 12
22
9 1
3 1
10 11
2 4
11 7
1 13
10 7
8 0
10 2
7 14
0 8
2 18
8 18
1 8
9 15
0 12
10 6
1 12
3 19
1 17
4 5
11 11
