20 20
-2 2 6 8 -4 3 9 -1 -7 5 4 9 -5 4 3 7 4 -6 1 8 
1 4 8 6 2 7 -1 -8 7 2 1 3 9 3 9 7 -3 2 1 -4 
2 1 8 -7 2 6 0 4 4 1 0 0 2 0 -8 0 9 5 5 0 
-5 -5 4 -6 5 3 -6 2 -7 7 9 7 2 2 -5 -2 9 9 7 7 
-5 7 7 0 -4 -3 5 5 -7 2 1 -3 5 2 2 -8 -5 4 4 9 
1 8 7 4 7 9 1 5 6 -2 9 2 5 1 2 9 8 -9 4 -7 
5 7 -9 1 4 1 -1 -3 5 9 8 -3 6 7 8 9 8 5 1 3 
9 -5 -5 3 6 8 1 5 8 7 7 3 5 7 -9 -3 2 8 7 7 
1 -4 9 0 4 -1 2 4 7 6 8 5 9 5 7 -7 8 2 0 5 
-7 3 8 -7 3 6 4 -7 1 5 6 9 7 9 3 8 -9 8 3 4 
4 3 8 -9 8 3 9 7 9 6 5 1 -7 4 6 3 -7 8 3 -7 
5 0 2 8 -7 7 5 9 5 8 6 7 4 2 -1 4 0 9 -4 1 
7 7 8 2 -3 -9 7 5 3 7 7 8 5 1 8 6 3 -5 -5 9 
3 1 5 8 9 8 7 6 -3 8 9 5 -3 -1 1 4 1 -9 7 5 
-7 4 -9 8 9 2 1 5 2 9 -2 6 5 1 9 7 4 7 8 1 
9 4 4 -5 -8 2 2 5 -3 1 2 -7 5 5 -3 -4 0 7 7 -5 
7 7 9 9 -2 -5 2 2 7 9 7 -7 2 -6 3 5 -6 4 -5 -5 
0 5 5 9 0 -8 0 2 0 0 1 4 4 0 6 2 -7 8 1 2 
-4 1 2 -3 7 9 3 9 3 1 2 7 -8 -1 7 2 6 8 4 1 
8 1 -6 4 7 3 4 -5 9 4 5 -7 -1 9 3 -4 8 6 2 -2 
30
7
0 15
1 0
15 9
5 11
12 2
17 6
17 8
19 4
18 19
4 10
14 8
7 17
2 13
2 11
8
15 1 14
0 16 15
1 18 9
17 18 14
4 18 14
19 3 15
18 1 9
2 1 14
0
