20 20
0 1 -1 1 3 -1 1 1 -2 0 1 0 1 0 3 3 -1 1 3 0 
0 2 3 -2 0 3 -1 0 3 3 2 2 1 1 1 0 2 2 2 1 
1 1 2 -2 1 2 -2 0 0 0 0 2 1 2 3 2 2 1 1 2 
3 -2 -1 1 3 0 -1 -1 3 2 2 3 1 2 1 -1 1 -3 1 1 
2 2 2 1 2 3 2 2 -3 3 -1 3 0 0 -3 3 3 1 3 -2 
3 -3 -3 -1 -1 3 -2 -1 2 1 2 3 3 0 1 3 3 -3 2 3 
-1 2 3 2 -2 3 0 -1 -3 1 1 2 0 1 1 0 3 3 0 1 
2 3 2 -3 1 3 3 0 3 1 0 2 0 1 -2 -3 0 3 1 -3 
-3 2 2 2 -2 1 2 1 3 -2 2 0 3 -1 3 3 0 2 2 3 
-3 3 0 0 0 0 1 2 2 -2 1 1 2 3 0 3 0 0 1 -3 
-3 1 0 0 3 0 3 2 1 1 -2 2 2 1 0 0 0 0 3 -3 
3 2 2 0 3 3 -1 3 0 2 -2 3 1 2 1 -2 2 2 2 -3 
-3 1 3 0 -3 -2 1 0 2 0 1 3 0 3 3 1 -3 2 3 2 
1 0 3 3 0 1 1 0 2 1 1 -3 -1 0 3 -2 2 3 2 -1 
3 2 -3 3 3 1 0 3 3 2 1 2 -1 -2 3 -1 -1 -3 -3 3 
-2 3 1 3 3 -3 0 0 3 -1 3 -3 2 2 3 2 1 2 2 2 
1 1 -3 1 -1 1 2 1 3 2 2 3 -1 -1 0 3 1 -1 -2 3 
2 1 1 2 2 3 2 1 2 0 0 0 0 -2 2 1 -2 2 1 1 
1 2 2 2 0 1 1 1 2 2 3 3 0 -1 3 0 -2 3 2 0 
0 3 1 -1 3 3 0 1 0 1 0 -2 1 1 -1 3 1 -1 1 0 
42
5
11 4
10 4
2 8
5 6
0 3
8 15
9 15
17 11
14 13
19 16
8
14 15 12
12 0 15
10 0 16
1 9 8
5 4 12
7 19 15
9 19 16
18 10 8
0
