20 20
14 13 5 5 9 10 9 6 -13 14 1 10 -11 4 10 1 -9 3 6 -6 
-5 -6 9 1 -11 2 -6 -6 0 12 -14 -10 -1 14 8 -4 -6 -9 5 11 
-14 6 -3 9 4 2 6 -2 14 1 11 7 12 8 12 7 14 6 13 5 
11 9 3 1 10 8 4 12 10 0 4 5 6 8 14 -8 10 13 3 2 
13 -5 3 0 3 12 13 7 7 -11 -9 12 13 1 -6 -2 -10 -13 12 2 
5 -4 -8 10 12 14 2 3 8 12 8 3 3 4 8 11 7 -14 4 9 
10 -7 5 12 10 5 6 6 0 14 9 -8 11 4 3 7 3 -3 -9 8 
0 -3 2 5 11 10 9 12 -5 9 10 5 2 8 7 6 9 3 2 9 
-9 2 -8 7 9 6 1 10 8 1 4 -4 5 -11 14 10 13 9 14 4 
2 13 13 4 12 2 7 12 2 14 5 -13 4 -4 8 1 6 -7 13 7 
7 13 -7 6 1 8 -4 4 -13 5 14 2 12 7 2 12 4 13 13 2 
4 14 9 13 10 14 -11 5 -4 4 1 8 10 1 6 9 7 -8 2 -9 
9 2 3 9 6 7 8 2 5 10 9 -5 12 9 10 11 5 2 -3 0 
8 -9 -3 3 7 3 4 11 -8 9 14 0 6 6 5 10 12 5 -7 10 
9 4 -14 7 11 8 4 3 3 8 12 8 3 2 14 12 10 -8 -4 5 
2 12 -13 -10 -2 -6 1 13 12 -9 -11 7 7 13 12 3 0 3 -5 13 
2 3 13 10 -8 14 8 6 5 4 0 10 12 4 8 10 1 3 9 11 
5 13 6 14 7 12 8 12 7 11 1 14 -2 6 2 4 9 -3 6 -14 
11 5 -9 -6 -4 8 14 -1 -10 -14 12 0 -6 -6 2 -11 1 9 -6 -5 
-6 6 3 -9 1 10 4 -11 10 1 14 -13 6 9 10 9 5 5 13 14 
47
5
2 19
15 4
11 13
14 19
11 12
17 0
4 15
8 6
5 0
8 7
8
17 6 11
15 13 12
5 1 12
6 4 11
2 13 11
4 6 12
14 18 12
13 15 11
0
