20 13
-3 1 6 -9 9 0 -6 4 7 8 3 -4 5 
2 2 1 -5 8 9 0 2 2 8 -3 6 6 
-4 7 9 6 7 8 5 6 6 9 -9 8 6 
8 1 3 8 1 9 -2 4 6 7 8 5 2 
8 9 3 1 2 4 5 -8 5 -6 6 3 -2 
7 -2 1 -6 7 4 7 1 -1 1 7 0 0 
7 3 5 -2 4 4 8 2 4 -3 2 5 4 
4 4 8 7 -3 6 5 4 7 9 0 1 0 
7 3 8 -8 4 9 6 -4 7 5 3 1 7 
2 8 7 8 9 7 -1 8 3 4 -4 3 2 
2 3 -4 4 3 8 -1 7 9 8 7 8 2 
7 1 3 5 7 -4 6 9 4 -8 8 3 7 
0 1 0 9 7 4 5 6 -3 7 8 4 4 
4 5 2 -3 4 2 8 4 4 -2 5 3 7 
0 0 7 1 -1 1 7 4 7 -6 1 -2 7 
-2 3 6 -6 5 -8 5 4 2 1 3 9 8 
2 5 8 7 6 4 -2 9 1 8 3 1 8 
6 8 -9 9 6 6 5 8 7 6 9 7 -4 
6 6 -3 8 2 2 0 9 8 -5 1 2 2 
5 -4 3 8 7 4 -6 0 9 -9 6 1 -3 
33
2
18 1
5 2
1 11
14 10
10
12 1 15
6 3 14
0 7 16
16 7 14
14 7 9
7 11 15
13 9 14
19 5 16
3 5 14
5 5 9
26
19 4
19 6
1 5
0 11
17 8
7 12
4 5
15 8
3 1
8 7
11 10
10 8
8 11
0 8
0 6
18 7
19 1
2 4
12 0
15 7
4 4
16 11
11 5
8 2
9 4
11 1
