19 15
8 -4 3 -2 6 2 0 -4 8 0 -8 -3 7 4 1 
7 0 6 -1 -8 8 4 8 4 -7 5 3 8 8 8 
1 4 1 -4 -6 4 -4 -3 3 1 8 -4 5 6 1 
8 -4 6 6 4 0 1 -3 -5 -6 2 2 1 2 1 
6 2 6 -2 5 -5 5 4 5 8 4 0 0 7 2 
2 8 -8 -3 1 -6 4 2 0 6 3 0 -2 2 5 
5 4 8 6 6 8 6 1 3 1 4 4 4 7 2 
2 2 4 3 -8 6 -2 -2 3 3 8 -5 8 3 6 
-2 -6 4 5 3 8 7 7 7 4 4 -8 2 5 1 
-4 -5 0 0 8 -5 -8 5 -8 -5 8 0 0 -5 -4 
1 5 2 -8 4 4 7 7 7 8 3 5 4 -6 -2 
6 3 8 -5 8 3 3 -2 -2 6 -8 3 4 2 2 
2 7 4 4 4 1 3 1 6 8 6 6 8 4 5 
5 2 -2 0 3 6 0 2 4 -6 1 -3 -8 8 2 
2 7 0 0 4 8 5 4 5 -5 5 -2 6 2 6 
1 2 1 2 2 -6 -5 -3 1 0 4 6 6 -4 8 
1 6 5 -4 8 1 3 -3 -4 4 -6 -4 1 4 1 
8 8 8 3 5 -7 4 8 4 8 -8 -1 6 0 7 
1 4 7 -3 -8 0 8 -4 0 2 6 -2 3 -4 8 
46
4
4 13
10 1
6 14
12 5
14 1
8 13
12 0
6 9
6
11 14 9
2 14 16
1 4 10
7 0 9
16 0 16
17 10 10
26
12 4
5 8
7 11
2 9
15 0
17 4
16 13
1 14
9 5
8 0
2 13
10 9
11 13
6 10
13 6
11 3
16 5
3 14
1 10
2 1
17 0
9 9
10 14
16 1
8 5
7 1
