16 15
0 4 3 3 1 1 3 4 0 1 -2 1 -1 4 3 
4 -4 -4 -4 4 -2 4 1 0 4 -3 -1 1 3 4 
-3 1 2 4 2 4 1 3 2 2 4 2 2 -1 2 
3 3 -2 1 4 1 -2 2 -4 -3 0 4 2 3 -4 
-1 4 -3 1 4 4 -1 2 2 3 4 0 4 -2 0 
1 -3 -1 0 0 4 4 2 2 1 3 3 1 -2 1 
-2 -4 2 1 -1 2 4 4 3 2 2 -1 3 4 0 
0 -1 1 1 3 1 2 0 3 4 -2 0 1 1 3 
3 1 1 0 -2 4 3 0 2 1 3 1 1 -1 0 
0 4 3 -1 2 2 3 4 4 2 -1 1 2 -4 -2 
1 -2 1 3 3 1 2 2 4 4 0 0 -1 -3 1 
0 -2 4 0 4 3 2 2 -1 4 4 1 -3 4 -1 
-4 3 2 4 0 -3 -4 2 -2 1 4 1 -2 3 3 
2 -1 2 2 4 2 2 3 1 4 2 4 2 1 -3 
4 3 1 -1 -3 4 0 1 4 -2 4 -4 -4 -4 4 
3 4 -1 1 -2 1 0 4 3 1 1 3 3 4 0 
34
5
8 3
6 2
15 10
11 7
0 13
7 11
9 12
0 4
4 7
15 1
10
7 1 12
14 9 11
8 2 14
5 4 14
2 11 16
8 13 12
1 5 11
7 12 14
10 10 14
13 3 16
24
0 7
4 2
12 14
15 0
3 12
3 6
1 3
7 8
9 10
2 8
6 0
3 4
15 7
11 12
3 0
0 14
12 2
12 8
14 11
8 6
6 4
13 6
9 14
12 10
