20 18
-5 1 -4 -2 8 -8 5 -4 5 6 4 2 5 6 -5 0 7 8 
-8 0 -1 -9 5 8 3 4 9 2 5 6 3 7 1 6 -9 8 
1 7 7 -1 1 -2 7 8 3 8 9 -9 6 4 0 -3 -5 3 
-2 -9 5 3 3 1 -2 6 2 8 3 -2 2 9 -3 2 2 2 
-1 4 -5 4 -1 2 1 2 -8 6 0 2 7 4 -4 3 3 2 
-1 8 7 -7 -6 3 -8 -8 -5 2 5 9 6 7 -8 -5 1 -3 
8 7 -4 6 8 7 1 -5 7 6 2 4 -6 8 8 1 2 6 
1 6 2 8 -3 9 3 -5 3 0 0 -5 1 2 -8 -2 -7 7 
3 2 9 4 -8 9 3 0 -6 2 -3 -4 0 2 3 0 5 -1 
3 0 6 3 4 4 3 7 3 5 7 5 -6 -8 3 5 4 3 
3 4 5 3 -8 -6 5 7 5 3 7 3 4 4 3 6 0 3 
-1 5 0 3 2 0 -4 -3 2 -6 0 3 9 -8 4 9 2 3 
7 -7 -2 -8 2 1 -5 0 0 3 -5 3 9 -3 8 2 6 1 
6 2 1 8 8 -6 4 2 6 7 -5 1 7 8 6 -4 7 8 
-3 1 -5 -8 7 6 9 5 2 -5 -8 -8 3 -6 -7 7 8 -1 
2 3 3 -4 4 7 2 0 6 -8 2 1 2 -1 4 -5 4 -1 
2 2 2 -3 9 2 -2 3 8 2 6 -2 1 3 3 5 -9 -2 
3 -5 -3 0 4 6 -9 9 8 3 8 7 -2 1 -1 7 7 1 
8 -9 6 1 7 3 6 5 2 9 4 3 8 5 -9 -1 0 -8 
8 7 0 -5 6 5 2 4 6 5 -4 5 -8 8 -2 -4 1 -5 
31
8
19 11
5 10
18 14
5 9
9 16
18 0
1 14
11 10
0 6
14 7
1 3
14 8
10 1
1 17
18 3
8 7
16
3 17 8
10 12 10
2 5 10
9 6 13
19 4 14
4 9 15
6 9 13
5 0 14
16 0 8
9 5 10
17 12 10
10 11 13
0 13 14
15 8 15
13 8 13
14 17 14
26
8 4
13 6
3 1
10 14
7 5
11 15
10 15
19 0
14 12
10 5
2 15
14 15
13 2
11 13
6 11
16 16
9 3
12 12
8 2
9 2
0 17
5 5
9 12
17 2
5 2
6 15
