15 11
14 14 -14 1 15 7 11 13 9 -15 14 
-3 -3 4 6 5 6 4 8 8 5 15 
5 3 -8 14 4 4 6 -12 8 12 0 
14 14 4 -12 -3 11 13 15 9 2 12 
7 13 -10 1 7 3 11 -5 11 0 0 
8 1 8 -1 14 -15 15 7 -5 15 1 
-11 2 5 -10 2 13 10 15 11 11 -8 
4 -8 8 10 5 8 5 10 8 -8 4 
-8 11 11 15 10 13 2 -10 5 2 -11 
1 15 -5 7 15 -15 14 -1 8 1 8 
0 0 11 -5 11 3 7 1 -10 13 7 
12 2 9 15 13 11 -3 -12 4 14 14 
0 12 8 -12 6 4 4 14 -8 3 5 
15 5 8 8 4 6 5 6 4 -3 -3 
14 -15 9 13 11 7 15 1 -14 14 14 
39
4
1 4
1 7
14 5
0 9
13 6
13 3
0 5
14 1
14
10 5 12
0 7 11
7 4 10
6 5 11
3 7 12
4 9 14
7 1 16
4 5 12
14 3 11
7 6 10
8 5 11
11 3 12
10 1 14
7 9 16
16
6 7
6 9
11 2
5 6
3 4
4 7
14 7
14 4
8 3
8 1
3 8
9 4
11 6
10 3
0 3
0 6
