15 17
-3 -3 2 -3 2 -2 0 3 3 1 3 -3 0 1 3 3 1 
2 1 2 1 1 1 -2 1 -1 3 3 1 2 3 3 0 2 
2 0 3 1 2 2 1 -2 3 3 3 3 2 3 3 1 3 
-3 1 3 -1 2 2 1 3 3 0 0 1 0 2 0 1 1 
1 2 0 1 0 1 -1 1 2 -2 0 1 0 -2 -3 3 -3 
2 1 1 3 1 2 -1 2 -1 1 1 3 2 1 3 1 3 
-3 1 3 -3 3 3 0 3 3 1 -3 3 -1 3 1 0 -1 
2 3 2 -3 1 -2 -1 2 1 2 -1 -2 1 -3 2 3 2 
-1 0 1 3 -1 3 -3 1 3 3 0 3 3 -3 3 1 -3 
3 1 3 1 2 3 1 1 -1 2 -1 2 1 3 1 1 2 
-3 3 -3 -2 0 1 0 -2 2 1 -1 1 0 1 0 2 1 
1 1 0 2 0 1 0 0 3 3 1 2 2 -1 3 1 -3 
3 1 3 3 2 3 3 3 3 -2 1 2 2 1 3 0 2 
2 0 3 3 2 1 3 3 -1 1 -2 1 1 1 2 1 2 
1 3 3 1 0 -3 3 1 3 3 0 -2 2 -3 2 -3 -3 
59
5
12 11
2 14
11 1
4 3
10 0
2 5
12 2
3 15
10 13
4 16
10
8 2 15
7 0 14
7 3 9
13 14 10
9 11 14
6 14 15
7 16 14
7 13 9
1 2 10
5 5 14
24
14 0
14 8
8 3
7 10
8 11
5 3
9 0
5 4
1 8
0 6
14 3
10 11
0 16
0 8
6 13
7 6
6 5
9 13
5 16
9 12
13 8
14 10
0 13
4 5
