13 19
1 -2 2 -1 2 1 -2 2 2 0 3 2 -3 2 3 1 -3 2 3 
2 0 -3 0 1 3 3 -1 3 1 1 3 3 0 -2 3 2 3 3 
3 3 3 3 -1 -3 2 2 2 3 2 2 -1 1 3 -1 2 3 1 
0 1 -2 -3 0 2 2 1 0 -1 -3 1 2 2 2 3 2 0 1 
0 2 -1 2 1 3 2 1 2 1 1 1 -2 0 2 0 3 2 2 
-2 -3 2 -3 1 0 -3 -2 0 1 -1 3 -2 3 3 2 -2 3 1 
-2 1 -3 0 -3 1 1 -1 3 2 3 -1 1 1 -3 0 -3 1 -2 
1 3 -2 2 3 3 -2 3 -1 1 0 -2 -3 0 1 -3 2 -3 -2 
2 2 3 0 2 0 -2 1 1 1 2 1 2 3 1 2 -1 2 0 
1 0 2 3 2 2 2 1 -3 -1 0 1 2 2 0 -3 -2 1 0 
1 3 2 -1 3 1 -1 2 2 3 2 2 2 -3 -1 3 3 3 3 
3 3 2 3 -2 0 3 3 1 1 3 -1 3 3 1 0 -3 0 2 
3 2 -3 1 3 2 -3 2 3 0 2 2 -2 1 2 -1 2 -2 1 
36
7
11 3
12 5
6 9
2 16
4 2
4 16
0 11
1 15
0 13
6 9
10 2
8 16
8 2
12 7
10
7 6 10
2 14 13
12 2 8
6 12 15
12 4 11
5 12 10
10 4 13
0 16 8
6 6 15
0 14 11
16
2 9
9 8
5 11
6 10
1 5
7 11
9 15
0 17
10 9
3 10
7 7
6 8
11 13
5 7
3 3
12 1
