16 13
1 2 -1 -3 1 4 1 3 1 2 1 -2 4 
-4 3 3 4 2 2 2 3 1 2 0 -3 3 
3 2 3 0 4 3 1 1 -2 3 3 -4 -1 
4 -3 4 3 -3 4 1 0 -2 -2 -2 -2 3 
1 2 2 1 -4 1 4 4 2 4 0 2 3 
0 2 3 3 2 4 1 3 3 0 -3 1 2 
2 1 -3 1 4 -3 2 3 3 -3 3 0 2 
0 4 1 -3 -4 -3 0 -4 3 2 3 1 -3 
-3 1 3 2 3 -4 0 -3 -4 -3 1 4 0 
2 0 3 -3 3 3 2 -3 4 1 -3 1 2 
2 1 -3 0 3 3 1 4 2 3 3 2 0 
3 2 0 4 2 4 4 1 -4 1 2 2 1 
3 -2 -2 -2 -2 0 1 4 -3 3 4 -3 4 
-1 -4 3 3 -2 1 1 3 4 0 3 2 3 
3 -3 0 2 1 3 2 2 2 4 3 3 -4 
4 -2 1 2 1 3 1 4 1 -3 -1 2 1 
33
2
8 10
14 11
7 2
1 1
12
1 0 9
4 3 9
4 12 8
8 5 15
7 4 11
8 6 9
14 12 9
11 9 9
11 0 8
7 7 15
8 8 11
7 6 9
18
4 5
12 4
1 5
7 10
6 2
15 3
1 2
14 4
8 11
11 7
3 8
14 7
8 2
9 10
0 9
14 10
1 8
7 1
