20 12
-1 1 3 3 -4 4 2 3 0 1 2 1 
4 -4 2 4 2 0 4 2 0 2 1 1 
1 3 -1 -2 3 4 4 3 3 0 1 3 
2 -3 -1 2 -4 -1 3 3 2 -1 3 4 
3 2 -3 1 0 1 3 0 -3 1 4 1 
1 -4 0 1 -1 -4 2 2 3 -3 1 -1 
2 0 2 -2 3 1 3 2 3 0 -3 2 
2 3 1 3 3 2 -1 1 2 -4 3 -4 
1 3 -4 -4 1 0 0 3 3 2 3 0 
-3 -1 1 4 3 2 3 4 3 3 -1 4 
4 -1 3 3 4 3 2 3 4 1 -1 -3 
0 3 2 3 3 0 0 1 -4 -4 3 1 
-4 3 -4 2 1 -1 2 3 3 1 3 2 
2 -3 0 3 2 3 1 3 -2 2 0 2 
-1 1 -3 3 2 2 -4 -1 1 0 -4 1 
1 4 1 -3 0 3 1 0 1 -3 2 3 
4 3 -1 2 3 3 -1 -4 2 -1 -3 2 
3 1 0 3 3 4 4 3 -2 -1 3 1 
1 1 2 0 2 4 0 2 4 2 -4 4 
1 2 1 0 3 2 4 -4 3 3 1 -1 
60
4
14 11
19 1
18 10
16 9
5 0
0 10
1 1
3 2
20
12 11 13
12 7 14
10 2 15
17 4 8
9 8 14
9 0 16
9 10 14
11 3 10
16 1 13
16 10 15
7 0 13
7 4 14
9 9 15
2 7 8
10 3 14
10 11 16
10 1 14
8 8 10
3 10 13
3 1 15
20
18 6
8 10
12 9
4 0
0 6
17 3
2 9
5 9
15 10
13 8
1 5
11 1
7 2
15 11
19 5
2 8
17 2
14 2
4 1
6 3
