20 20
-8 2 2 12 -5 10 3 -4 13 0 3 13 5 9 -13 3 4 -2 -4 4 
10 0 0 10 6 10 -1 6 11 3 8 11 8 10 9 -7 5 1 -13 12 
-9 -4 -11 9 1 1 3 1 11 12 -8 1 -2 -7 -1 13 0 1 9 9 
13 -11 5 2 2 3 -10 7 2 9 9 0 3 8 2 7 10 4 3 2 
12 8 3 2 9 3 3 12 -4 12 4 -9 13 -7 8 -11 -2 -3 12 5 
12 -12 2 11 1 -7 -8 12 -2 -6 11 7 4 6 -7 0 8 9 -13 12 
-13 -2 7 -5 4 3 3 13 12 8 5 12 12 3 1 2 13 12 1 12 
5 4 11 5 13 -13 2 7 -10 1 9 8 -7 8 5 2 10 10 3 3 
5 -8 -9 0 5 -11 -13 11 3 -13 0 1 -5 1 4 1 6 8 2 11 
-11 1 11 8 12 11 12 8 11 13 0 10 8 8 12 0 4 -3 -12 -2 
-2 -12 -3 4 0 12 8 8 10 0 13 11 8 12 11 12 8 11 1 -11 
11 2 8 6 1 4 1 -5 1 0 -13 3 11 -13 -11 5 0 -9 -8 5 
3 3 10 10 2 5 8 -7 8 9 1 -10 7 2 -13 13 5 11 4 5 
12 1 12 13 2 1 3 12 12 5 8 12 13 3 3 4 -5 7 -2 -13 
12 -13 9 8 0 -7 6 4 7 11 -6 -2 12 -8 -7 1 11 2 -12 12 
5 12 -3 -2 -11 8 -7 13 -9 4 12 -4 12 3 3 9 2 3 8 12 
2 3 4 10 7 2 8 3 0 9 9 2 7 -10 3 2 2 5 -11 13 
9 9 1 0 13 -1 -7 -2 1 -8 12 11 1 3 1 1 9 -11 -4 -9 
12 -13 1 5 -7 9 10 8 11 8 3 11 6 -1 10 6 10 0 0 10 
4 -4 -2 4 3 -13 9 5 13 3 0 13 -4 3 10 -5 12 2 2 -8 
42
2
12 8
12 1
7 11
7 18
20
10 11 9
11 15 8
14 15 8
8 13 10
11 2 13
9 15 10
1 10 10
2 4 16
3 11 12
2 16 12
9 8 9
8 4 8
5 4 8
11 6 10
8 17 13
10 4 10
18 9 10
17 15 16
16 8 12
17 3 12
0
