14 10
8 10 11 3 18 -12 6 11 16 9 
10 16 -8 10 -17 12 -9 12 -7 16 
-10 13 17 -3 1 7 5 -17 -13 -2 
-8 4 2 5 16 10 4 8 14 11 
-4 11 -10 9 6 -12 6 8 13 18 
6 18 -14 11 13 1 -6 17 7 -6 
-11 10 8 -6 12 -6 3 3 -2 15 
15 -2 3 3 -6 12 -6 8 10 -11 
-6 7 17 -6 1 13 11 -14 18 6 
18 13 8 6 -12 6 9 -10 11 -4 
11 14 8 4 10 16 5 2 4 -8 
-2 -13 -17 5 7 1 -3 17 13 -10 
16 -7 12 -9 12 -17 10 -8 16 10 
9 16 11 6 -12 18 3 11 10 8 
31
6
9 4
9 7
12 1
0 2
2 8
8 2
4 5
4 2
1 8
13 7
11 1
5 7
18
13 2 15
8 1 16
5 9 12
0 8 14
9 1 9
13 9 12
11 5 13
12 3 9
7 0 9
0 7 15
5 8 16
8 0 12
13 1 14
4 8 9
0 0 12
2 4 13
1 6 9
6 9 9
14
8 9
4 3
6 4
0 6
11 6
1 0
9 3
5 0
9 6
7 5
13 3
2 3
12 9
4 6
