20 13
5 0 5 -6 -2 -2 5 1 2 7 3 0 -7 
-7 4 1 -1 6 4 6 2 -7 5 4 -5 0 
2 2 1 2 6 2 -3 -6 2 7 3 6 0 
-7 5 4 -1 4 3 5 0 1 -6 -2 -3 7 
3 1 -4 5 -1 4 -6 7 0 -3 -5 1 -1 
4 4 -4 2 3 -3 -6 7 3 1 5 1 6 
1 -2 -5 3 7 4 -3 1 0 -1 6 6 6 
2 1 1 3 7 6 3 -6 1 7 7 -1 3 
-4 1 2 5 5 -6 7 3 1 -4 1 -6 -6 
-3 7 1 1 6 4 -1 0 6 -2 3 0 4 
4 0 3 -2 6 0 -1 4 6 1 1 7 -3 
-6 -6 1 -4 1 3 7 -6 5 5 2 1 -4 
3 -1 7 7 1 -6 3 6 7 3 1 1 2 
6 6 6 -1 0 1 -3 4 7 3 -5 -2 1 
6 1 5 1 3 7 -6 -3 3 2 -4 4 4 
-1 1 -5 -3 0 7 -6 4 -1 5 -4 1 3 
7 -3 -2 -6 1 0 5 3 4 -1 4 5 -7 
0 6 3 7 2 -6 -3 2 6 2 1 2 2 
0 -5 4 5 -7 2 6 4 6 -1 1 4 -7 
-7 0 3 7 2 1 5 -2 -2 -6 5 0 5 
55
2
6 12
18 5
13 0
1 7
10
13 11 9
17 2 12
1 9 12
18 2 8
4 1 9
6 1 9
2 10 12
18 3 12
1 10 8
15 11 9
26
5 11
1 0
13 1
0 12
3 0
19 2
15 12
12 2
5 10
13 5
0 7
2 11
4 8
14 1
18 12
6 11
19 0
16 12
0 10
4 0
7 10
14 2
6 7
19 5
17 1
15 4
