11 20
-18 13 15 17 18 20 3 12 17 -10 -15 10 4 -12 3 18 0 8 7 18 
0 2 13 19 17 12 4 8 7 19 17 19 13 14 20 17 14 0 10 -18 
6 -13 7 -4 4 3 -7 11 15 2 4 -10 18 12 15 9 14 1 4 8 
6 7 6 8 -9 14 15 13 -7 18 3 19 1 8 4 0 -13 9 16 16 
20 20 14 -10 16 -2 16 0 0 9 17 17 4 10 -16 20 17 20 11 4 
5 14 15 5 5 15 -2 -13 16 6 6 16 -13 -2 15 5 5 15 14 5 
4 11 20 17 20 -16 10 4 17 17 9 0 0 16 -2 16 -10 14 20 20 
16 16 9 -13 0 4 8 1 19 3 18 -7 13 15 14 -9 8 6 7 6 
8 4 1 14 9 15 12 18 -10 4 2 15 11 -7 3 4 -4 7 -13 6 
-18 10 0 14 17 20 14 13 19 17 19 7 8 4 12 17 19 13 2 0 
18 7 8 0 18 3 -12 4 10 -15 -10 17 12 3 20 18 17 15 13 -18 
34
5
7 5
5 15
1 9
6 10
2 0
3 14
5 4
9 10
4 9
8 19
18
1 19 8
2 13 9
7 8 10
0 2 12
6 17 9
1 12 14
0 13 15
6 8 15
5 12 11
9 0 8
8 6 9
3 11 10
10 17 12
4 2 9
9 7 14
10 6 15
4 11 15
5 7 11
14
9 4
0 11
0 17
0 18
8 11
1 2
0 19
1 15
10 8
10 2
10 1
2 8
9 17
10 0
