14 13
7 10 16 20 -4 8 -11 9 11 16 8 -7 8 
7 10 7 -7 2 19 20 23 9 -3 -9 21 20 
7 12 18 -23 5 9 23 -11 22 14 22 21 -22 
-20 21 6 7 21 18 2 23 15 22 1 4 10 
10 19 -7 9 -4 -16 15 19 0 -13 14 13 -19 
17 -12 12 3 13 22 -23 1 9 -17 4 22 6 
-14 0 23 8 9 7 -3 13 14 10 21 13 22 
22 13 21 10 14 13 -3 7 9 8 23 0 -14 
6 22 4 -17 9 1 -23 22 13 3 12 -12 17 
-19 13 14 -13 0 19 15 -16 -4 9 -7 19 10 
10 4 1 22 15 23 2 18 21 7 6 21 -20 
-22 21 22 14 22 -11 23 9 5 -23 18 12 7 
20 21 -9 -3 9 23 20 19 2 -7 7 10 7 
8 -7 8 16 11 9 -11 8 -4 20 16 10 7 
35
7
12 5
8 5
7 8
4 7
8 0
4 6
2 5
1 7
5 7
6 4
9 5
5 12
9 6
11 7
16
0 7 15
2 8 9
4 9 10
2 10 8
3 4 8
13 0 11
8 12 13
8 3 9
13 5 15
11 4 9
9 3 10
11 2 8
10 8 8
0 12 11
5 0 13
5 9 9
14
3 9
6 7
12 0
9 1
13 3
2 11
3 0
10 3
7 5
1 12
4 11
0 9
11 1
10 12
