15 16
2 -4 6 2 -7 4 3 2 6 1 7 3 7 5 6 -2 
4 0 6 5 6 -4 1 -8 0 8 -8 -5 4 3 3 2 
0 2 3 7 4 0 5 3 6 8 1 -7 5 7 8 6 
5 4 7 4 -2 2 6 -4 7 0 -1 2 0 6 6 6 
-8 1 2 0 2 5 -2 5 8 8 5 5 0 6 7 2 
5 7 7 7 5 6 0 6 6 5 1 3 0 7 3 1 
2 8 -4 -7 2 8 1 0 -3 6 6 8 6 1 5 -2 
3 -6 -5 8 7 7 -7 7 7 -7 7 7 8 -5 -6 3 
-2 5 1 6 8 6 6 -3 0 1 8 2 -7 -4 8 2 
1 3 7 0 3 1 5 6 6 0 6 5 7 7 7 5 
2 7 6 0 5 5 8 8 5 -2 5 2 0 2 1 -8 
6 6 6 0 2 -1 0 7 -4 6 2 -2 4 7 4 5 
6 8 7 5 -7 1 8 6 3 5 0 4 7 3 2 0 
2 3 3 4 -5 -8 8 0 -8 1 -4 6 5 6 0 4 
-2 6 5 7 3 7 1 6 2 3 4 -7 2 6 -4 2 
52
5
5 3
4 10
5 8
0 8
0 6
9 12
10 5
9 7
14 7
14 9
16
6 1 10
11 2 13
5 15 10
13 9 9
4 15 10
3 9 10
4 6 15
5 11 11
8 14 10
3 13 13
9 0 10
1 6 9
10 0 10
11 6 10
10 9 15
9 4 11
16
13 5
7 15
0 13
6 3
3 5
0 2
11 4
1 4
1 10
7 0
14 2
8 12
11 10
14 13
3 11
13 11
