19 19
-14 10 18 1 16 22 18 2 0 17 0 -10 6 9 -20 8 -1 8 18 
24 7 11 22 18 17 22 9 -16 19 19 22 19 23 10 20 7 18 5 
14 13 1 10 17 -3 22 -1 -19 19 11 -23 -2 18 2 3 12 5 0 
12 -7 21 13 22 2 18 -20 20 0 2 23 16 -10 20 -5 0 17 -24 
10 -23 -18 -13 17 -4 13 24 20 4 24 19 -22 -18 -13 14 12 9 -11 
17 3 9 0 23 14 12 17 18 5 8 -22 8 22 3 3 3 15 -2 
8 24 22 17 23 11 -7 -11 -9 18 24 7 4 -16 -2 9 -24 5 19 
12 1 -2 13 23 4 -6 -15 18 6 4 -23 5 18 21 7 17 9 13 
8 8 10 11 9 -22 -9 7 24 14 12 5 -20 -24 -7 6 5 16 0 
-6 22 19 10 21 -15 11 13 8 16 8 13 11 -15 21 10 19 22 -6 
0 16 5 6 -7 -24 -20 5 12 14 24 7 -9 -22 9 11 10 8 8 
13 9 17 7 21 18 5 -23 4 6 18 -15 -6 4 23 13 -2 1 12 
19 5 -24 9 -2 -16 4 7 24 18 -9 -11 -7 11 23 17 22 24 8 
-2 15 3 3 3 22 8 -22 8 5 18 17 12 14 23 0 9 3 17 
-11 9 12 14 -13 -18 -22 19 24 4 20 24 13 -4 17 -13 -18 -23 10 
-24 17 0 -5 20 -10 16 23 2 0 20 -20 18 2 22 13 21 -7 12 
0 5 12 3 2 18 -2 -23 11 19 -19 -1 22 -3 17 10 1 13 14 
5 18 7 20 10 23 19 22 19 19 -16 9 22 17 18 22 11 7 24 
18 8 -1 8 -20 9 6 -10 0 17 0 2 18 22 16 1 18 10 -14 
49
5
10 8
11 3
0 7
16 0
6 8
8 10
7 15
18 11
2 18
12 10
18
14 18 9
13 15 13
7 17 16
16 14 9
8 1 11
0 18 13
14 6 12
2 17 9
4 14 12
4 0 9
5 3 13
11 1 16
2 4 9
10 17 11
18 0 13
4 12 12
16 1 9
14 4 12
36
18 13
4 10
15 12
6 16
1 18
11 6
17 2
6 1
6 11
3 10
9 11
13 11
5 6
6 18
10 5
6 12
9 14
1 14
0 5
14 8
3 6
12 2
17 0
7 12
1 16
12 17
12 7
15 8
9 7
5 7
13 12
12 0
8 13
12 6
9 4
17 4
