20 20
-1 4 -1 0 3 4 1 3 4 0 1 4 4 0 4 1 0 4 3 1 
-4 3 2 -2 0 0 3 0 2 0 3 3 -1 3 -3 -4 4 1 2 -4 
-1 1 3 2 3 4 2 1 -2 3 1 0 -1 2 0 2 -3 4 1 1 
4 -4 4 4 3 2 2 4 3 3 3 4 3 4 3 1 -4 4 3 3 
-3 -1 1 2 3 0 3 4 3 3 -2 2 -1 -2 -4 2 0 -2 -3 -4 
0 1 3 0 1 3 0 2 1 0 0 2 -1 2 0 2 0 -2 4 0 
-2 -3 2 3 -3 4 0 -4 1 0 2 2 1 4 -1 4 3 0 3 1 
2 4 3 1 -3 -3 1 -1 -1 2 2 3 -1 1 2 0 -3 3 2 2 
3 3 -1 0 -3 4 -1 2 3 0 2 3 4 1 2 -3 -3 4 4 4 
2 -4 1 4 1 3 4 -2 2 0 0 3 -2 3 3 0 1 -4 2 2 
2 2 -4 1 0 3 3 -2 3 0 0 2 -2 4 3 1 4 1 -4 2 
4 4 4 -3 -3 2 1 4 3 2 0 3 2 -1 4 -3 0 -1 3 3 
2 2 3 -3 0 2 1 -1 3 2 2 -1 -1 1 -3 -3 1 3 4 2 
1 3 0 3 4 -1 4 1 2 2 0 1 -4 0 4 -3 3 2 -3 -2 
0 4 -2 0 2 0 2 -1 2 0 0 1 2 0 3 1 0 3 1 0 
-4 -3 -2 0 2 -4 -2 -1 2 -2 3 3 4 3 0 3 2 1 -1 -3 
3 3 4 -4 1 3 4 3 4 3 3 3 4 2 2 3 4 4 -4 4 
1 1 4 -3 2 0 2 -1 0 1 3 -2 1 2 4 3 2 3 1 -1 
-4 2 1 4 -4 -3 3 -1 3 3 0 2 0 3 0 0 -2 2 3 -4 
1 3 4 0 1 4 0 4 4 1 0 4 3 1 4 3 0 -1 4 -1 
41
3
10 8
8 3
2 18
9 11
11 16
17 1
8
0 19 11
3 8 14
1 15 9
14 8 13
19 0 11
16 11 14
18 4 9
5 11 13
0
