20 20
0 2 3 0 -1 0 4 0 1 4 1 -1 -4 1 -1 -4 3 2 3 1 
1 -4 -2 4 3 2 4 -4 4 2 2 2 0 0 4 1 2 2 0 2 
-3 3 1 0 4 3 2 2 1 1 0 -3 3 3 4 1 4 -4 2 2 
2 4 0 -4 -2 4 4 1 1 -2 0 4 4 3 -4 0 -3 4 3 3 
1 4 3 3 -3 3 1 4 0 -4 3 1 0 4 1 3 2 3 4 1 
4 -2 4 1 -1 2 3 1 4 0 3 4 4 0 3 2 -1 -2 4 3 
0 2 1 1 4 1 4 3 4 3 0 3 4 2 2 -1 3 -3 1 1 
4 2 1 0 0 3 1 1 1 4 -1 1 2 -4 1 0 1 4 0 2 
2 4 3 1 0 3 2 -3 2 3 -4 4 0 -3 -3 2 -2 -3 3 1 
-1 4 1 1 2 3 4 2 2 1 3 3 2 -4 -3 -3 3 3 -4 4 
4 -4 3 3 -3 -3 -4 2 3 3 1 2 2 4 3 2 1 1 4 -1 
1 3 -3 -2 2 -3 -3 0 4 -4 3 2 -3 2 3 0 1 3 4 2 
2 0 4 1 0 1 -4 2 1 -1 4 1 1 1 3 0 0 1 2 4 
1 1 -3 3 -1 2 2 4 3 0 3 4 3 4 1 4 1 1 2 0 
3 4 -2 -1 2 3 0 4 4 3 0 4 1 3 2 -1 1 4 -2 4 
1 4 3 2 3 1 4 0 1 3 -4 0 4 1 3 -3 3 3 4 1 
3 3 4 -3 0 -4 3 4 4 0 -2 1 1 4 4 -2 -4 0 4 2 
2 2 -4 4 1 4 3 3 -3 0 1 1 2 2 3 4 0 1 3 -3 
2 0 2 2 1 4 0 0 2 2 2 4 -4 4 2 3 4 -2 -4 1 
1 3 2 3 -4 -1 1 -4 -1 1 4 1 0 4 0 -1 0 3 2 0 
36
8
19 5
0 6
17 4
9 8
11 9
8 16
9 15
5 15
0 14
19 13
2 15
10 11
8 10
11 3
10 4
14 4
8
10 18 16
6 2 10
7 13 16
2 4 12
9 1 16
13 17 10
12 6 16
17 15 12
0
