18 17
-25 9 -17 19 17 -17 11 19 24 19 -22 23 16 -13 15 16 20 
1 7 3 1 -20 1 23 -15 12 -9 4 -19 21 10 4 15 22 
6 -2 6 18 -22 5 20 8 4 17 9 7 25 19 22 -15 3 
8 -15 -14 12 4 22 19 11 10 20 15 9 21 12 9 -12 23 
17 6 8 22 -11 4 15 -2 4 16 11 24 -1 7 11 -7 7 
19 0 2 -6 18 7 -15 -19 20 9 10 -21 16 -2 0 12 2 
24 16 12 6 5 -7 17 -23 -19 9 -17 5 -19 -17 1 13 22 
1 -9 21 -6 -13 21 -13 0 25 9 9 24 22 23 2 13 16 
11 25 19 11 1 -8 -4 9 3 9 1 10 -1 3 5 -20 5 
5 -20 5 3 -1 10 1 9 3 9 -4 -8 1 11 19 25 11 
16 13 2 23 22 24 9 9 25 0 -13 21 -13 -6 21 -9 1 
22 13 1 -17 -19 5 -17 9 -19 -23 17 -7 5 6 12 16 24 
2 12 0 -2 16 -21 10 9 20 -19 -15 7 18 -6 2 0 19 
7 -7 11 7 -1 24 11 16 4 -2 15 4 -11 22 8 6 17 
23 -12 9 12 21 9 15 20 10 11 19 22 4 12 -14 -15 8 
3 -15 22 19 25 7 9 17 4 8 20 5 -22 18 6 -2 6 
22 15 4 10 21 -19 4 -9 12 -15 23 1 -20 1 3 7 1 
20 16 15 -13 16 23 -22 19 24 19 11 -17 17 19 -17 9 -25 
48
8
13 16
2 13
7 5
3 5
17 0
7 16
3 9
11 12
4 0
15 3
10 11
14 11
0 16
10 0
14 7
6 4
12
1 3 11
1 4 16
3 16 13
13 10 14
11 8 16
5 16 13
16 13 11
16 12 16
14 0 13
4 6 14
6 8 16
12 0 13
20
11 13
1 15
14 12
6 7
13 12
6 14
16 8
7 12
17 15
9 13
6 3
16 1
3 4
11 9
4 4
11 2
1 8
10 4
0 1
8 3
