20 20
9 0 7 7 9 -2 10 9 7 10 2 -7 0 -5 8 10 2 8 1 3 
7 -10 7 -6 10 3 -4 8 3 4 7 4 3 7 -9 10 4 -7 10 9 
-9 3 -7 7 9 8 6 -3 -4 -6 9 0 9 -2 5 6 10 6 6 7 
0 4 6 6 9 -5 0 0 -2 2 6 -3 9 5 3 -5 0 5 -9 1 
1 5 1 3 4 10 3 8 9 7 3 4 4 7 5 8 1 1 10 3 
-4 5 7 4 10 -8 9 1 10 2 1 3 -2 8 7 -6 10 -9 9 5 
0 -2 3 10 1 7 9 4 2 4 8 8 0 -7 -5 9 1 4 3 7 
8 8 2 -6 5 2 -7 -3 3 -4 1 8 0 1 3 2 0 -9 0 2 
4 6 1 -9 6 -10 -6 2 -8 5 3 2 6 3 7 7 9 1 5 -1 
9 0 1 -4 10 4 3 2 -8 5 10 5 7 7 0 7 8 10 2 -5 
-5 2 10 8 7 0 7 7 5 10 5 -8 2 3 4 10 -4 1 0 9 
-1 5 1 9 7 7 3 6 2 3 5 -8 2 -6 -10 6 -9 1 6 4 
2 0 -9 0 2 3 1 0 8 1 -4 3 -3 -7 2 5 -6 2 8 8 
7 3 4 1 9 -5 -7 0 8 8 4 2 4 9 7 1 10 3 -2 0 
5 9 -9 10 -6 7 8 -2 3 1 2 10 1 9 -8 10 4 7 5 -4 
3 10 1 1 8 5 7 4 4 3 7 9 8 3 10 4 3 1 5 1 
1 -9 5 0 -5 3 5 9 -3 6 2 -2 0 0 -5 9 6 6 4 0 
7 6 6 10 6 5 -2 9 0 9 -6 -4 -3 6 8 9 7 -7 3 -9 
9 10 -7 4 10 -9 7 3 4 7 4 3 8 -4 3 10 -6 7 -10 7 
3 1 8 2 10 8 -5 0 -7 2 10 7 9 10 -2 9 7 7 0 9 
32
8
3 7
13 6
5 1
10 11
16 6
19 3
17 10
9 19
16 12
6 13
14 18
9 8
3 13
0 16
2 9
10 0
20
0 19 9
4 10 15
8 11 16
12 0 13
18 12 12
16 9 13
15 2 16
3 5 13
2 15 15
16 15 12
19 0 9
15 9 15
11 8 16
7 19 13
1 7 12
3 10 13
4 17 16
16 14 13
17 4 15
3 4 12
0
