10 19
3 1 0 5 -4 3 -1 1 3 -1 2 -3 -4 0 -5 -2 5 0 5 
3 0 2 3 1 2 0 3 1 3 1 -2 5 3 1 0 4 -2 2 
1 1 1 5 -1 4 -4 4 1 2 -5 3 1 -4 -3 0 5 -3 4 
0 3 5 2 0 0 5 1 2 2 4 4 -4 4 2 5 2 3 5 
5 1 -3 -4 1 1 3 1 5 1 3 4 -4 3 1 4 1 -3 -5 
-5 -3 1 4 1 3 -4 4 3 1 5 1 3 1 1 -4 -3 1 5 
5 3 2 5 2 4 -4 4 4 2 2 1 5 0 0 2 5 3 0 
4 -3 5 0 -3 -4 1 3 -5 2 1 4 -4 4 -1 5 1 1 1 
2 -2 4 0 1 3 5 -2 1 3 1 3 0 2 1 3 2 0 3 
5 0 5 -2 -5 0 -4 -3 2 -1 3 1 -1 3 -4 5 0 1 3 
56
6
3 13
6 11
6 12
7 2
3 2
1 18
6 5
3 7
3 6
2 16
6 16
8 0
20
1 10 14
2 0 8
5 7 14
5 15 14
2 1 8
3 9 10
2 7 12
5 8 12
1 8 15
6 15 14
8 8 14
7 18 8
4 11 14
4 3 14
7 17 8
6 9 10
7 11 12
4 10 12
8 10 15
3 3 14
16
2 10
1 9
1 12
9 2
2 18
1 6
8 18
6 3
7 8
8 9
8 6
0 16
7 0
8 12
1 0
3 15
