20 20
3 0 1 2 -5 4 5 3 1 4 4 3 -1 3 -2 4 5 5 3 4 
4 5 1 3 4 -1 4 -4 5 4 4 5 4 1 1 -5 5 5 -5 2 
2 5 1 -2 -3 2 1 -1 0 3 -2 2 3 -3 2 3 1 0 -1 -4 
-4 4 4 3 1 0 1 5 4 2 2 -4 -4 -4 5 -5 2 5 -1 5 
-4 5 -5 5 1 2 4 -5 5 4 5 -5 1 1 2 3 -4 1 3 2 
4 5 0 1 4 1 -2 4 3 -1 0 -5 4 4 -5 1 2 0 5 3 
1 2 -3 -5 0 5 -5 3 0 -1 -5 2 0 5 -5 5 5 0 3 0 
3 5 2 3 0 5 3 3 2 1 3 5 -5 5 -4 4 -1 2 4 -1 
5 1 5 1 5 2 3 4 -5 -2 3 1 0 4 -3 5 5 4 5 -4 
-2 2 5 5 3 4 4 5 5 3 2 1 -2 2 5 0 5 -3 1 2 
2 1 -3 5 0 5 2 -2 1 2 3 5 5 4 4 3 5 5 2 -2 
-4 5 4 5 5 -3 4 0 1 3 -2 -5 4 3 2 5 1 5 1 5 
-1 4 2 -1 4 -4 5 -5 5 3 1 2 3 3 5 0 3 2 5 3 
0 3 0 5 5 -5 5 0 2 -5 -1 0 3 -5 5 0 -5 -3 2 1 
3 5 0 2 1 -5 4 4 -5 0 -1 3 4 -2 1 4 1 0 5 4 
2 3 1 -4 3 2 1 1 -5 5 4 5 -5 4 2 1 5 -5 5 -4 
5 -1 5 2 -5 5 -4 -4 -4 2 2 4 5 1 0 1 3 4 4 -4 
-4 -1 0 1 3 2 -3 3 2 -2 3 0 -1 1 2 -3 -2 1 5 2 
2 -5 5 5 -5 1 1 4 5 4 4 5 -4 4 -1 4 3 1 5 4 
4 3 5 5 4 -2 3 -1 3 4 4 1 3 5 4 -5 2 1 0 3 
48
7
19 9
3 18
3 7
16 18
1 7
0 19
8 6
0 10
16 1
16 12
3 1
18 12
19 0
11 13
14
4 14 13
11 8 9
9 4 12
5 2 10
0 12 10
9 2 15
18 0 15
15 5 13
8 11 9
10 15 12
14 17 10
19 7 10
10 17 15
1 19 15
0
