11 15
2 2 5 6 4 1 0 1 5 -1 2 1 0 2 -2 
1 5 3 -1 0 5 1 3 5 1 3 -6 5 6 2 
-5 4 -4 5 -5 4 -3 0 1 2 4 0 -4 -1 5 
1 -3 5 3 4 4 -4 1 4 4 1 -5 1 5 1 
4 -2 -6 2 2 3 5 -2 -3 1 3 -3 5 5 -1 
6 4 1 2 2 2 -1 4 -1 2 2 2 1 4 6 
-1 5 5 -3 3 1 -3 -2 5 3 2 2 -6 -2 4 
1 5 1 -5 1 4 4 1 -4 4 4 3 5 -3 1 
5 -1 -4 0 4 2 1 0 -3 4 -5 5 -4 4 -5 
2 6 5 -6 3 1 5 3 1 5 0 -1 3 5 1 
-2 2 0 1 2 -1 5 1 0 1 4 6 5 2 2 
41
8
6 0
8 6
0 6
5 4
7 5
6 8
1 13
6 14
4 14
2 8
10 8
5 10
3 9
4 6
9 1
4 0
20
5 12 14
2 5 15
10 9 12
3 7 10
4 1 11
5 11 12
0 1 14
3 1 11
5 9 9
9 13 11
5 2 14
8 9 15
0 5 12
7 7 10
6 13 11
5 3 12
10 13 14
7 13 11
5 5 9
1 1 11
10
10 1
9 11
0 7
8 0
5 7
0 13
1 3
10 7
2 14
5 7
