18 13
-20 -21 14 -10 10 9 3 26 -25 -23 16 -28 -6 
24 9 6 10 24 26 4 21 30 6 19 8 -17 
18 13 11 6 -29 6 7 29 7 17 -3 19 28 
12 27 25 27 25 -28 3 25 5 -12 0 27 29 
-12 15 6 -24 14 -25 26 11 -26 -15 -3 21 14 
-28 -23 17 22 -30 5 20 5 12 9 -16 25 4 
14 30 8 26 -2 26 -28 21 14 10 30 7 1 
-25 2 -28 17 2 -27 29 -12 7 12 7 5 3 
19 29 0 26 4 14 20 26 29 -1 25 -18 9 
9 -18 25 -1 29 26 20 14 4 26 0 29 19 
3 5 7 12 7 -12 29 -27 2 17 -28 2 -25 
1 7 30 10 14 21 -28 26 -2 26 8 30 14 
4 25 -16 9 12 5 20 5 -30 22 17 -23 -28 
14 21 -3 -15 -26 11 26 -25 14 -24 6 15 -12 
29 27 0 -12 5 25 3 -28 25 27 25 27 12 
28 19 -3 17 7 29 7 6 -29 6 11 13 18 
-17 8 19 6 30 21 4 26 24 10 6 9 24 
-6 -28 16 -23 -25 26 3 9 10 -10 14 -21 -20 
38
7
16 9
14 3
5 0
9 11
3 0
14 0
10 12
1 3
3 9
12 12
8 1
14 12
3 12
7 0
6
14 1 15
13 12 8
10 5 15
3 11 15
4 0 8
7 7 15
16
9 2
15 5
5 8
4 8
14 10
11 4
5 12
5 10
8 10
2 7
12 4
13 4
3 2
6 8
12 0
12 2
