12 14
-6 2 1 2 -5 4 -5 -5 2 2 3 2 3 6 
2 2 5 2 5 1 1 3 1 -3 1 5 1 0 
1 2 4 0 3 5 5 6 4 2 -3 5 5 -5 
4 0 -2 2 -1 5 -6 1 -5 5 1 2 2 1 
6 1 6 5 -3 6 3 -4 1 4 2 6 2 2 
2 1 -1 1 6 5 4 2 5 -5 2 3 1 -6 
-6 1 3 2 -5 5 2 4 5 6 1 -1 1 2 
2 2 6 2 4 1 -4 3 6 -3 5 6 1 6 
1 2 2 1 5 -5 1 -6 5 -1 2 -2 0 4 
-5 5 5 -3 2 4 6 5 5 3 0 4 2 1 
0 1 5 1 -3 1 3 1 1 5 2 5 2 2 
6 3 2 3 2 2 -5 -5 4 -5 2 1 2 -6 
57
6
9 11
9 10
0 7
3 2
4 9
6 12
2 2
2 3
11 6
8 11
7 4
5 1
6
6 2 14
9 0 15
4 0 13
5 11 14
2 13 15
7 13 13
14
11 8
7 0
4 5
1 3
2 4
9 2
8 12
0 5
4 13
7 8
10 10
9 9
2 11
3 1
