16 19
13 7 5 10 2 9 4 13 -5 -5 -1 8 4 -11 2 7 8 3 7 
7 5 9 -5 7 7 12 11 -12 4 12 4 10 14 5 7 7 2 5 
14 3 -9 2 8 4 5 3 2 3 12 10 11 0 9 12 1 2 5 
7 13 -13 12 -6 5 11 7 12 7 -10 9 -9 0 13 11 12 1 2 
1 -12 8 3 10 2 2 4 11 10 8 -11 14 -6 -4 11 12 -1 14 
11 -7 9 5 1 0 -12 -2 3 -2 9 -2 14 12 3 5 3 -1 1 
-7 2 11 14 -4 11 -10 -10 11 -6 9 10 5 3 14 4 -9 6 4 
5 13 5 11 12 13 2 14 11 10 10 11 5 9 9 2 -10 9 3 
3 9 -10 2 9 9 5 11 10 10 11 14 2 13 12 11 5 13 5 
4 6 -9 4 14 3 5 10 9 -6 11 -10 -10 11 -4 14 11 2 -7 
1 -1 3 5 3 12 14 -2 9 -2 3 -2 -12 0 1 5 9 -7 11 
14 -1 12 11 -4 -6 14 -11 8 10 11 4 2 2 10 3 8 -12 1 
2 1 12 11 13 0 -9 9 -10 7 12 7 11 5 -6 12 -13 13 7 
5 2 1 12 9 0 11 10 12 3 2 3 5 4 8 2 -9 3 14 
5 2 7 7 5 14 10 4 12 4 -12 11 12 7 7 -5 9 5 7 
7 3 8 7 2 -11 4 8 -1 -5 -5 13 4 9 2 10 5 7 13 
38
3
0 14
15 12
0 4
15 4
0 6
15 14
8
7 3 10
2 16 15
13 8 11
15 0 10
8 15 10
13 2 15
2 10 11
0 18 10
24
12 0
5 6
5 17
8 13
7 10
2 5
2 18
1 0
15 10
12 16
1 10
10 17
3 18
10 12
10 1
7 5
8 8
13 13
13 0
14 18
0 8
3 2
14 8
5 1
