14 10
7 6 -2 6 2 -1 3 4 -6 6 
5 -2 -5 4 5 -7 -2 4 5 5 
8 6 5 2 2 6 5 7 3 8 
3 4 1 2 3 1 -1 -4 2 5 
7 2 -8 1 2 -8 6 1 1 1 
2 6 1 5 1 3 5 7 0 2 
-8 3 5 3 3 6 6 0 3 3 
3 3 0 6 6 3 3 5 3 -8 
2 0 7 5 3 1 5 1 6 2 
1 1 1 6 -8 2 1 -8 2 7 
5 2 -4 -1 1 3 2 1 4 3 
8 3 7 5 6 2 2 5 6 8 
5 5 4 -2 -7 5 4 -5 -2 5 
6 -6 4 3 -1 2 6 -2 6 7 
42
7
7 3
13 8
8 0
9 8
12 3
10 9
12 4
6 6
0 1
5 9
4 1
1 6
3 0
1 5
14
5 2 10
2 7 13
8 2 16
0 5 10
2 6 9
5 1 8
12 6 9
8 7 10
11 2 13
5 7 16
13 4 10
11 3 9
8 8 8
1 3 9
8
9 0
9 3
8 4
11 4
4 9
4 6
5 5
2 5
