20 17
0 5 6 11 14 4 8 -6 13 12 7 11 14 -14 7 -11 4 
-15 1 9 -1 -2 11 4 13 -12 -8 10 3 -2 14 9 5 2 
4 6 -2 2 15 13 -13 5 -6 3 11 11 0 3 0 0 15 
-9 5 -15 -12 12 3 13 11 14 7 15 12 1 10 -2 -2 11 
2 1 3 14 -10 -1 0 9 -13 -6 14 2 15 13 11 4 -2 
14 10 6 0 2 2 7 10 13 -14 13 7 6 -14 7 10 3 
10 -13 -2 10 -10 13 14 12 2 13 -15 15 -2 -7 2 -6 9 
15 8 3 -4 -11 5 5 -14 11 14 14 10 10 10 15 -14 11 
6 -5 9 14 1 5 13 10 15 8 -13 15 -5 13 -11 -8 4 
12 -8 2 6 2 -12 -14 10 -3 5 -10 13 1 6 13 8 14 
14 8 13 6 1 13 -10 5 -3 10 -14 -12 2 6 2 -8 12 
4 -8 -11 13 -5 15 -13 8 15 10 13 5 1 14 9 -5 6 
11 -14 15 10 10 10 14 14 11 -14 5 5 -11 -4 3 8 15 
9 -6 2 -7 -2 15 -15 13 2 12 14 13 -10 10 -2 -13 10 
3 10 7 -14 6 7 13 -14 13 10 7 2 2 0 6 10 14 
-2 4 11 13 15 2 14 -6 -13 9 0 -1 -10 14 3 1 2 
11 -2 -2 10 1 12 15 7 14 11 13 3 12 -12 -15 5 -9 
15 0 0 3 0 11 11 3 -6 5 -13 13 15 2 -2 6 4 
2 5 9 14 -2 3 10 -8 -12 13 4 11 -2 -1 9 1 -15 
4 -11 7 -14 14 11 7 12 13 -6 8 4 14 11 6 5 0 
53
6
2 5
5 7
13 4
9 1
18 3
10 4
17 11
14 9
6 12
10 15
1 13
9 12
10
12 6 11
1 8 10
6 1 16
6 0 13
9 3 11
7 10 11
18 8 10
13 15 16
13 16 13
10 13 11
34
3 8
18 5
15 13
16 7
13 6
3 13
8 9
18 9
16 1
19 1
9 0
4 5
8 12
3 4
8 3
4 9
11 6
16 8
1 11
4 3
3 9
6 10
16 3
11 7
1 7
3 15
0 15
10 16
15 11
11 4
16 12
11 13
15 7
8 10
