11 17
4 3 5 6 2 2 3 3 0 -2 3 2 2 1 -1 -6 2 
0 2 0 6 4 1 -4 6 1 3 4 5 0 1 3 6 2 
5 4 3 3 -3 -6 3 3 6 -1 2 6 3 5 1 2 1 
1 5 2 -3 5 6 3 1 -5 -3 5 -1 -1 -3 -4 3 2 
6 5 -1 4 2 6 5 1 5 3 -1 3 -3 6 1 -5 0 
3 -5 4 5 3 6 -4 -6 6 -6 -4 6 3 5 4 -5 3 
0 -5 1 6 -3 3 -1 3 5 1 5 6 2 4 -1 5 6 
2 3 -4 -3 -1 -1 5 -3 -5 1 3 6 5 -3 2 5 1 
1 2 1 5 3 6 2 -1 6 3 3 -6 -3 3 3 4 5 
2 6 3 1 0 5 4 3 1 6 -4 1 4 6 0 2 0 
2 -6 -1 1 2 2 3 -2 0 3 3 2 2 6 5 3 4 
53
7
8 15
7 3
5 8
3 16
9 16
0 3
3 12
2 1
3 13
5 8
7 0
1 0
10 13
7 4
10
6 0 12
0 7 14
10 16 14
9 10 11
4 14 13
4 16 12
10 9 14
0 0 14
1 6 11
6 2 13
12
10 6
8 6
8 5
1 8
0 5
6 11
0 10
2 10
2 11
9 8
10 11
4 5
