18 13
0 3 0 9 5 -6 11 0 10 -7 8 7 -7 
0 -2 3 9 10 2 8 1 10 6 5 5 1 
2 10 4 11 10 -9 2 3 9 8 5 -7 6 
10 11 -9 -1 10 1 11 3 1 9 8 -7 -1 
-2 5 9 5 -2 -2 -10 6 11 9 6 -7 4 
3 3 3 -4 8 4 6 0 3 1 3 1 0 
8 -11 1 -3 -2 9 -7 -11 3 4 8 -3 -3 
0 8 9 11 5 -5 4 -5 -2 10 8 -2 -8 
3 7 8 11 2 1 0 -5 2 8 5 -6 -10 
-10 -6 5 8 2 -5 0 1 2 11 8 7 3 
-8 -2 8 10 -2 -5 4 -5 5 11 9 8 0 
-3 -3 8 4 3 -11 -7 9 -2 -3 1 -11 8 
0 1 3 1 3 0 6 4 8 -4 3 3 3 
4 -7 6 9 11 6 -10 -2 -2 5 9 5 -2 
-1 -7 8 9 1 3 11 1 10 -1 -9 11 10 
6 -7 5 8 9 3 2 -9 10 11 4 10 2 
1 5 5 6 10 1 8 2 10 9 3 -2 0 
-7 7 8 -7 10 0 11 -6 5 9 0 3 0 
54
2
10 5
15 9
7 7
2 3
12
1 6 16
17 7 16
6 5 15
17 2 10
11 6 16
6 9 11
16 6 16
0 5 16
11 7 15
0 10 10
6 6 16
11 3 11
18
6 2
9 3
15 6
15 11
14 1
13 11
3 6
9 8
1 7
11 10
8 9
2 6
2 1
3 11
4 1
14 6
8 4
16 5
