17 19
24 23 16 -5 19 7 3 -17 6 8 1 23 25 -21 2 5 -9 4 24 
20 -22 24 -23 2 16 19 -15 9 20 -15 -25 22 21 18 14 -24 3 -9 
25 0 22 25 -13 25 3 5 3 6 18 17 23 -24 10 -6 5 -1 12 
13 1 -21 2 -23 -10 21 3 -25 19 22 10 5 3 15 22 11 5 6 
-15 -19 1 10 19 -8 11 -24 6 -16 4 23 12 1 -4 -8 -18 3 11 
-6 -24 3 13 17 15 8 24 20 6 -21 23 4 4 12 22 1 -10 25 
13 20 7 -23 7 15 2 -19 1 20 5 8 7 0 -1 12 -4 -14 -12 
16 1 4 -2 1 16 23 -6 16 -3 0 -4 17 -17 22 12 16 9 20 
-19 14 7 -3 16 1 10 -16 -22 4 -22 -16 10 1 16 -3 7 14 -19 
20 9 16 12 22 -17 17 -4 0 -3 16 -6 23 16 1 -2 4 1 16 
-12 -14 -4 12 -1 0 7 8 5 20 1 -19 2 15 7 -23 7 20 13 
25 -10 1 22 12 4 4 23 -21 6 20 24 8 15 17 13 3 -24 -6 
11 3 -18 -8 -4 1 12 23 4 -16 6 -24 11 -8 19 10 1 -19 -15 
6 5 11 22 15 3 5 10 22 19 -25 3 21 -10 -23 2 -21 1 13 
12 -1 5 -6 10 -24 23 17 18 6 3 5 3 25 -13 25 22 0 25 
-9 3 -24 14 18 21 22 -25 -15 20 9 -15 19 16 2 -23 24 -22 20 
24 4 -9 5 2 -21 25 23 1 8 6 -17 3 7 19 -5 16 23 24 
30
5
8 3
2 6
1 5
0 16
11 16
8 15
14 12
15 13
16 2
5 2
20
13 11 14
16 17 14
2 5 15
7 3 10
15 2 14
11 8 14
12 18 15
5 14 15
6 9 9
16 6 14
3 7 14
0 1 14
14 13 15
9 15 10
1 16 14
5 10 14
4 0 15
11 4 15
10 9 9
0 12 14
26
14 8
7 0
3 6
10 6
4 13
2 1
0 11
16 11
13 2
7 13
7 5
10 14
8 4
2 10
9 18
13 12
6 12
12 5
14 17
16 7
0 7
3 16
9 5
9 13
6 4
8 14
