20 13
4 -4 6 0 2 1 2 0 2 1 6 2 -1 
0 1 4 -3 0 -1 2 5 4 0 3 -4 3 
7 5 -3 -7 1 1 4 6 0 1 4 -6 7 
5 2 0 -7 7 1 4 1 -6 4 0 4 -1 
2 1 7 0 6 6 2 6 -4 -3 5 5 3 
4 1 -3 7 1 7 0 2 -5 1 7 -7 -1 
0 6 2 0 4 -6 1 -6 7 4 -5 2 1 
-3 4 7 3 6 -1 4 6 4 7 -7 2 6 
5 3 4 -7 0 1 5 2 -3 0 3 0 6 
6 4 1 -5 7 4 4 5 -3 2 7 7 1 
1 7 7 2 -3 5 4 4 7 -5 1 4 6 
6 0 3 0 -3 2 5 1 0 -7 4 3 5 
6 2 -7 7 4 6 4 -1 6 3 7 4 -3 
1 2 -5 4 7 -6 1 -6 4 0 2 6 0 
-1 -7 7 1 -5 2 0 7 1 7 -3 1 4 
3 5 5 -3 -4 6 2 6 6 0 7 1 2 
-1 4 0 4 -6 1 4 1 7 -7 0 2 5 
7 -6 4 1 0 6 4 1 1 -7 -3 5 7 
3 -4 3 0 4 5 2 -1 0 -3 4 1 0 
-1 2 6 1 2 0 2 1 2 0 6 -4 4 
54
3
14 5
13 11
19 9
5 7
6 1
0 3
10
7 6 8
3 12 15
1 12 10
3 2 11
12 1 10
12 6 8
16 0 15
18 0 10
16 10 11
7 11 10
24
19 3
18 12
13 6
11 5
7 0
19 0
13 3
8 3
6 5
15 2
18 10
7 1
0 9
1 0
6 6
8 7
12 12
0 12
6 9
11 9
13 7
4 10
1 2
12 11
