17 11
2 4 7 -2 4 3 7 5 3 -5 0 
2 -5 -1 2 6 4 -4 7 -2 8 3 
-4 -7 5 6 -4 1 3 6 6 3 -8 
8 1 6 0 4 -6 3 -5 5 2 -7 
5 -5 4 7 1 -8 6 8 3 2 7 
-1 -6 3 4 8 5 4 5 5 4 7 
2 -3 6 8 -5 8 8 -2 6 2 8 
-7 6 4 4 -1 5 -8 -7 3 0 1 
5 -7 1 6 6 7 6 6 1 -7 5 
1 0 3 -7 -8 5 -1 4 4 6 -7 
8 2 6 -2 8 8 -5 8 6 -3 2 
7 4 5 5 4 5 8 4 3 -6 -1 
7 2 3 8 6 -8 1 7 4 -5 5 
-7 2 5 -5 3 -6 4 0 6 1 8 
-8 3 6 6 3 1 -4 6 5 -7 -4 
3 8 -2 7 -4 4 6 2 -1 -5 2 
0 -5 3 5 7 3 4 -2 7 4 2 
41
8
15 8
7 3
5 6
6 10
8 9
11 5
7 8
0 6
1 2
9 7
11 4
10 0
8 1
5 5
9 2
16 4
6
9 1 16
14 0 13
16 10 11
7 9 16
2 10 13
0 0 11
14
2 7
16 8
4 6
5 7
11 2
4 9
6 5
14 3
0 2
12 4
11 3
5 8
12 1
10 5
