14 10
12 -12 14 10 1 2 7 8 16 6 
-13 12 15 10 15 9 14 13 1 7 
-11 2 6 4 4 -13 1 14 7 12 
15 16 6 5 14 10 13 11 12 13 
9 9 -4 13 15 11 8 8 -12 -11 
-7 1 5 15 1 12 -3 16 -1 -10 
10 9 4 -6 2 3 2 -12 2 6 
6 2 -12 2 3 2 -6 4 9 10 
-10 -1 16 -3 12 1 15 5 1 -7 
-11 -12 8 8 11 15 13 -4 9 9 
13 12 11 13 10 14 5 6 16 15 
12 7 14 1 -13 4 4 6 2 -11 
7 1 13 14 9 15 10 15 12 -13 
6 16 8 7 2 1 10 14 -12 12 
45
7
11 8
2 3
10 7
13 8
0 5
2 7
13 5
2 1
11 6
3 2
0 1
13 4
11 2
0 4
20
8 6 15
7 5 9
9 2 14
5 4 13
8 9 11
5 6 15
1 9 16
13 7 14
3 4 11
10 4 11
5 3 15
6 4 9
4 7 14
8 5 13
5 0 11
8 3 15
12 0 16
0 2 14
10 5 11
3 5 11
14
1 4
10 1
3 9
0 6
1 0
12 1
11 9
12 5
3 8
10 0
13 3
12 9
1 8
2 0
