13 12
2 -4 2 5 -1 3 1 5 3 5 0 3 
3 3 1 -3 4 4 4 1 5 2 0 1 
3 -3 0 1 5 0 -3 1 2 0 1 1 
-1 0 4 4 5 0 -3 -5 1 -2 5 5 
4 -5 3 2 -1 4 2 0 3 -2 4 5 
5 -2 2 5 4 4 -3 0 3 -3 1 -3 
4 3 4 5 -5 -3 -3 -5 5 4 3 4 
-3 1 -3 3 0 -3 4 4 5 2 -2 5 
5 4 -2 3 0 2 4 -1 2 3 -5 4 
5 5 -2 1 -5 -3 0 5 4 4 0 -1 
1 1 0 2 1 -3 0 5 1 0 -3 3 
1 0 2 5 1 4 4 4 -3 1 3 3 
3 0 5 3 5 1 3 -1 5 2 -4 2 
43
4
3 7
8 3
5 10
10 1
9 4
4 8
7 1
2 10
20
4 9 8
12 10 11
3 6 8
11 3 13
3 5 12
12 7 13
2 0 15
10 7 13
10 0 15
6 8 11
8 2 8
0 1 11
9 5 8
1 8 13
9 6 12
0 4 13
10 11 15
2 4 13
2 11 15
6 3 11
14
7 4
7 3
10 2
4 6
6 2
3 11
7 11
5 7
5 8
2 9
8 5
6 9
9 0
5 0
