20 20
-3 -2 3 1 2 -3 -2 0 2 3 -3 0 0 -2 2 3 3 -3 2 -3 
1 -3 -2 3 0 2 3 3 2 2 -3 1 3 3 1 3 1 1 1 3 
3 1 3 2 1 2 -1 0 -2 1 -1 2 1 1 2 -3 2 -2 -2 2 
3 3 -1 -1 3 -3 3 -3 3 3 3 -3 2 1 2 3 1 1 -1 2 
0 2 0 -2 -2 2 1 -3 0 2 1 2 1 2 -3 -3 2 2 2 3 
1 -1 -2 1 2 1 2 3 -1 -2 -2 -1 -2 2 1 1 0 1 1 3 
1 -1 2 -1 2 3 2 0 2 3 1 2 2 -1 0 0 3 -3 2 0 
0 0 0 2 0 0 1 3 1 2 2 2 2 2 -2 -1 2 2 3 2 
3 0 2 0 -1 0 2 2 2 3 2 -2 2 3 -1 2 0 -2 1 2 
2 1 3 -2 3 -3 0 3 1 3 3 -1 1 3 3 0 3 -2 2 0 
0 2 -2 3 0 3 3 1 -1 3 3 1 3 0 -3 3 -2 3 1 2 
2 1 -2 0 2 -1 3 2 -2 2 3 2 2 2 0 -1 0 2 0 3 
2 3 2 2 -1 -2 2 2 2 2 2 1 3 1 0 0 2 0 0 0 
0 2 -3 3 0 0 -1 2 2 1 3 2 0 2 3 2 -1 2 -1 1 
3 1 1 0 1 1 2 -2 -1 -2 -2 -1 3 2 1 2 1 -2 -1 1 
3 2 2 2 -3 -3 2 1 2 1 2 0 -3 1 2 -2 -2 0 2 0 
2 -1 1 1 3 2 1 2 -3 3 3 3 -3 3 -3 3 -1 -1 3 3 
2 -2 -2 2 -3 2 1 1 2 -1 1 -2 0 -1 2 1 2 3 1 3 
3 1 1 1 3 1 3 3 1 -3 2 2 3 3 2 0 3 -2 -3 1 
-3 2 -3 3 3 2 -2 0 0 -3 3 2 0 -2 -3 2 1 3 -2 -3 
43
5
7 17
2 8
0 18
8 5
0 15
12 2
17 11
19 1
11 14
19 4
12
3 9 16
0 12 12
4 9 15
14 11 10
11 6 8
19 17 9
16 10 16
19 7 12
15 10 15
5 8 10
8 13 8
0 2 9
0
