13 19
10 3 3 -16 -9 10 4 4 7 11 -4 5 8 9 12 15 9 16 -12 
0 0 15 14 16 1 15 6 8 0 11 -6 16 -16 15 -10 13 12 -15 
4 -3 9 1 -3 14 16 10 13 0 -17 -1 17 12 14 -9 0 10 17 
1 -7 15 15 6 10 -11 3 -1 3 10 -7 9 -13 9 16 11 -17 -5 
12 14 0 -16 13 2 -13 -10 13 0 -1 17 8 15 6 -12 13 -17 -2 
13 11 3 4 17 16 12 2 -7 -14 -8 6 14 -7 0 -11 -11 -7 4 
17 10 10 7 16 11 1 -6 -10 -12 -10 -6 1 11 16 7 10 10 17 
4 -7 -11 -11 0 -7 14 6 -8 -14 -7 2 12 16 17 4 3 11 13 
-2 -17 13 -12 6 15 8 17 -1 0 13 -10 -13 2 13 -16 0 14 12 
-5 -17 11 16 9 -13 9 -7 10 3 -1 3 -11 10 6 15 15 -7 1 
17 10 0 -9 14 12 17 -1 -17 0 13 10 16 14 -3 1 9 -3 4 
-15 12 13 -10 15 -16 16 -6 11 0 8 6 15 1 16 14 15 0 0 
-12 16 9 15 12 9 8 5 -4 11 7 4 4 10 -9 -16 3 3 10 
60
2
1 13
11 0
11 5
1 18
8
0 12 11
9 15 12
12 16 15
2 3 15
12 6 11
3 3 12
0 2 15
10 15 15
18
8 14
1 5
7 1
11 14
7 14
4 16
11 7
4 6
3 1
4 4
11 13
5 17
1 4
5 4
8 2
1 11
8 12
9 17
