16 18
-7 -4 8 4 15 8 9 1 5 12 6 3 14 -11 -12 -2 3 11 
7 1 -6 12 -1 2 -10 16 14 4 -6 1 14 -6 1 15 -12 2 
15 12 -16 -4 8 5 -3 10 -10 6 15 14 14 10 4 1 5 13 
15 5 5 -4 -6 16 14 -7 14 5 -13 -4 8 -11 10 -5 1 -5 
-16 1 6 5 12 9 -16 8 9 12 14 15 15 4 9 4 -9 6 
2 10 5 11 6 15 -15 14 4 9 12 4 15 -11 11 -4 2 3 
-2 4 -9 -11 4 3 1 14 10 9 7 7 12 -3 2 5 -10 1 
-10 9 -8 12 -7 7 7 -12 -6 11 16 13 10 9 7 1 14 2 
2 14 1 7 9 10 13 16 11 -6 -12 7 7 -7 12 -8 9 -10 
1 -10 5 2 -3 12 7 7 9 10 14 1 3 4 -11 -9 4 -2 
3 2 -4 11 -11 15 4 12 9 4 14 -15 15 6 11 5 10 2 
6 -9 4 9 4 15 15 14 12 9 8 -16 9 12 5 6 1 -16 
-5 1 -5 10 -11 8 -4 -13 5 14 -7 14 16 -6 -4 5 5 15 
13 5 1 4 10 14 14 15 6 -10 10 -3 5 8 -4 -16 12 15 
2 -12 15 1 -6 14 1 -6 4 14 16 -10 2 -1 12 -6 1 7 
11 3 -2 -12 -11 14 3 6 12 5 1 9 8 15 4 8 -4 -7 
46
5
6 12
3 16
6 1
7 2
9 17
9 5
12 1
9 16
8 15
6 0
8
7 0 16
7 12 13
2 8 9
2 17 13
8 17 16
8 5 13
13 9 9
13 0 13
26
14 9
14 13
8 7
12 3
6 7
0 12
14 17
15 4
13 5
11 2
8 1
7 11
6 9
1 8
1 4
7 10
3 14
9 10
15 5
1 0
0 13
2 12
4 15
7 16
8 6
9 8
