20 20
5 3 11 7 12 1 2 1 -2 9 11 9 8 3 4 10 11 10 0 9 
12 7 1 11 0 9 5 5 11 6 -2 1 7 8 11 3 12 12 4 3 
6 6 6 -9 8 -9 1 9 9 0 6 6 11 10 -1 11 -9 4 0 -4 
6 -11 2 8 6 7 4 11 -11 2 9 4 -8 6 -9 -7 4 8 6 -8 
-1 -7 9 0 2 7 7 1 0 3 10 -8 6 6 7 -11 11 -4 9 -11 
-10 -1 4 1 8 -2 2 -6 1 0 12 4 -5 7 10 7 -7 8 11 -8 
4 -8 6 -10 7 2 11 4 7 -9 8 4 0 -10 11 0 5 7 -10 0 
10 1 1 10 -1 2 -12 6 6 4 9 6 6 10 -6 3 8 9 7 8 
5 5 11 -11 7 12 -12 0 -1 1 -8 -3 6 12 12 -5 2 5 10 -9 
10 5 5 -7 -12 -2 5 8 6 8 4 12 -11 3 8 -8 -12 8 10 3 
3 10 8 -12 -8 8 3 -11 12 4 8 6 8 5 -2 -12 -7 5 5 10 
-9 10 5 2 -5 12 12 6 -3 -8 1 -1 0 -12 12 7 -11 11 5 5 
8 7 9 8 3 -6 10 6 6 9 4 6 6 -12 2 -1 10 1 1 10 
0 -10 7 5 0 11 -10 0 4 8 -9 7 4 11 2 7 -10 6 -8 4 
-8 11 8 -7 7 10 7 -5 4 12 0 1 -6 2 -2 8 1 4 -1 -10 
-11 9 -4 11 -11 7 6 6 -8 10 3 0 1 7 7 2 0 9 -7 -1 
-8 6 8 4 -7 -9 6 -8 4 9 2 -11 11 4 7 6 8 2 -11 6 
-4 0 4 -9 11 -1 10 11 6 6 0 9 9 1 -9 8 -9 6 6 6 
3 4 12 12 3 11 8 7 1 -2 6 11 5 5 9 0 11 1 7 12 
9 0 10 11 10 4 3 8 9 11 9 -2 1 2 1 12 7 11 3 5 
57
7
15 7
16 14
9 12
7 16
18 9
10 5
5 12
4 12
3 5
10 7
12 3
1 10
9 14
14 7
10
5 19 16
18 14 11
12 8 8
7 14 9
5 4 13
14 0 16
1 5 11
7 11 8
12 5 9
14 15 13
0
