14 14
4 7 3 17 5 18 17 0 9 -20 3 15 16 10 
8 -20 21 19 19 -20 7 17 9 -17 9 19 -2 -17 
5 -17 11 11 -4 19 2 1 2 3 -21 18 15 17 
12 -9 3 6 3 2 -7 19 11 19 14 8 -7 9 
3 15 -14 17 18 14 20 -12 16 9 15 -3 17 8 
4 14 3 20 3 5 12 6 13 1 -16 -16 21 5 
9 -5 -3 -11 6 12 -21 -5 15 12 0 -1 20 18 
18 20 -1 0 12 15 -5 -21 12 6 -11 -3 -5 9 
5 21 -16 -16 1 13 6 12 5 3 20 3 14 4 
8 17 -3 15 9 16 -12 20 14 18 17 -14 15 3 
9 -7 8 14 19 11 19 -7 2 3 6 3 -9 12 
17 15 18 -21 3 2 1 2 19 -4 11 11 -17 5 
-17 -2 19 9 -17 9 17 7 -20 19 19 21 -20 8 
10 16 15 3 -20 9 0 17 18 5 17 3 7 4 
60
2
7 6
8 7
6 7
5 6
16
13 10 14
1 10 12
10 6 15
12 13 8
12 8 16
5 10 12
0 10 12
13 8 8
0 3 14
12 3 12
3 7 15
1 0 8
1 5 16
8 3 12
13 3 12
0 5 8
18
7 2
12 11
11 1
10 8
0 9
6 4
5 4
7 0
7 1
6 11
1 2
2 12
3 5
13 4
7 9
8 9
6 13
6 12
