17 16
6 9 5 9 9 9 9 8 6 -6 6 7 -4 9 4 4 
5 2 3 2 7 2 3 9 1 5 6 9 6 2 2 5 
8 1 -1 4 3 0 4 5 -2 3 1 7 7 2 4 2 
1 -6 -5 6 7 5 1 8 6 -7 7 -2 5 1 3 0 
6 8 5 3 8 6 9 7 1 1 5 3 1 9 6 6 
0 1 9 2 5 -8 6 -4 0 1 2 0 3 3 8 1 
3 -6 8 7 1 3 6 9 8 2 -8 6 -2 7 4 5 
9 -4 1 3 6 1 2 9 -8 9 8 0 2 0 6 -5 
3 -1 -6 -2 8 5 2 6 6 2 5 8 -2 -6 -1 3 
-5 6 0 2 0 8 9 -8 9 2 1 6 3 1 -4 9 
5 4 7 -2 6 -8 2 8 9 6 3 1 7 8 -6 3 
1 8 3 3 0 2 1 0 -4 6 -8 5 2 9 1 0 
6 6 9 1 3 5 1 1 7 9 6 8 3 5 8 6 
0 3 1 5 -2 7 -7 6 8 1 5 7 6 -5 -6 1 
2 4 2 7 7 1 3 -2 5 4 0 3 4 -1 1 8 
5 2 2 6 9 6 5 1 9 3 2 7 2 3 2 5 
4 4 9 -4 7 6 -6 6 8 9 9 9 9 5 9 6 
34
3
1 10
3 6
9 15
15 5
13 9
7 0
14
12 2 13
7 13 11
3 10 13
1 0 9
6 8 9
16 5 15
7 8 11
4 13 13
9 2 11
13 5 13
15 15 9
10 7 9
0 10 15
9 7 11
24
9 5
12 5
3 7
11 15
14 6
6 10
0 14
13 3
12 15
3 15
0 3
11 4
7 10
4 10
13 8
5 0
2 9
10 5
16 1
3 12
4 0
13 0
16 12
5 11
