19 15
2 5 6 -2 2 7 -4 2 2 2 4 -8 6 7 1 
-4 0 6 -3 -4 9 7 6 7 -9 1 6 7 5 7 
6 2 9 7 5 1 4 5 2 1 7 -8 3 -1 -6 
4 0 4 -6 8 -6 8 0 -3 6 5 4 9 -8 -7 
1 1 2 9 9 6 -2 -3 -1 0 -7 8 3 -5 5 
-6 3 9 0 5 9 7 1 1 9 8 5 -4 3 6 
-9 1 -8 -2 7 6 -5 4 8 1 7 3 5 -1 6 
3 9 -6 8 8 -4 3 5 3 6 9 5 -1 -8 3 
0 9 -1 2 4 7 4 7 6 7 3 9 5 2 2 
6 6 8 4 7 7 2 6 2 7 7 4 8 6 6 
2 2 5 9 3 7 6 7 4 7 4 2 -1 9 0 
3 -8 -1 5 9 6 3 5 3 -4 8 8 -6 9 3 
6 -1 5 3 7 1 8 4 -5 6 7 -2 -8 1 -9 
6 3 -4 5 8 9 1 1 7 9 5 0 9 3 -6 
5 -5 3 8 -7 0 -1 -3 -2 6 9 9 2 1 1 
-7 -8 9 4 5 6 -3 0 8 -6 8 -6 4 0 4 
-6 -1 3 -8 7 1 2 5 4 1 5 7 9 2 6 
7 5 7 6 1 -9 7 6 7 9 -4 -3 6 0 -4 
1 7 6 -8 4 2 2 2 -4 7 2 -2 6 5 2 
32
7
15 3
16 10
1 11
13 1
11 8
0 4
5 4
3 11
2 4
17 3
5 13
7 6
18 10
13 10
6
4 6 14
14 1 12
1 3 14
14 8 14
4 13 12
17 11 14
20
15 14
11 9
12 5
2 5
1 0
9 12
17 2
5 3
0 2
10 12
3 0
7 5
6 9
16 9
17 14
9 2
1 12
13 11
18 12
8 2
