14 17
-5 3 0 2 0 4 0 0 -3 4 5 4 -2 5 3 2 4 
0 4 2 2 -2 2 1 5 0 2 2 4 5 0 -5 5 2 
0 -5 4 2 0 1 4 2 4 5 0 5 5 4 3 4 3 
3 -3 3 3 0 1 3 5 -4 0 1 -4 -3 5 4 2 2 
4 -3 2 2 4 5 1 -2 4 5 5 -4 0 5 -1 2 0 
4 3 1 3 4 2 4 -1 1 2 3 3 1 5 2 1 -2 
1 0 0 0 -4 5 1 2 4 4 0 2 -4 -4 -3 1 1 
1 1 -3 -4 -4 2 0 4 4 2 1 5 -4 0 0 0 1 
-2 1 2 5 1 3 3 2 1 -1 4 2 4 3 1 3 4 
0 2 -1 5 0 -4 5 5 4 -2 1 5 4 2 2 -3 4 
2 2 4 5 -3 -4 1 0 -4 5 3 1 0 3 3 -3 3 
3 4 3 4 5 5 0 5 4 2 4 1 0 2 4 -5 0 
2 5 -5 0 5 4 2 2 0 5 1 2 -2 2 2 4 0 
4 2 3 5 -2 4 5 4 -3 0 0 4 0 2 0 3 -5 
50
8
3 14
7 5
9 16
5 9
8 13
4 11
2 14
5 0
10 2
6 11
4 0
8 7
5 3
9 5
11 2
8 16
16
1 0 12
11 1 10
6 16 11
1 5 15
4 7 13
5 8 14
1 2 15
11 8 11
12 16 12
2 15 10
7 0 11
12 11 15
9 9 13
8 8 14
12 14 15
2 8 11
14
12 4
9 14
6 8
7 3
0 4
12 3
5 7
1 12
4 2
7 8
6 13
13 12
1 13
8 9
