17 18
12 8 6 -16 3 1 7 5 12 5 11 -16 4 5 6 10 19 19 
5 11 -13 17 3 15 15 12 12 11 -12 -11 12 18 11 14 6 9 
15 -6 14 4 15 1 2 5 17 13 8 -18 12 19 4 -6 -6 9 
13 5 15 18 19 8 9 16 10 17 19 15 17 21 -19 -9 3 -16 
10 20 5 0 3 11 14 -1 8 12 -5 -18 19 20 -18 -6 8 -8 
13 1 14 7 0 14 12 14 9 -11 11 -9 3 0 14 -15 -8 3 
1 3 7 7 -18 17 21 -3 0 7 1 17 0 -9 11 7 11 10 
20 -15 1 -16 7 16 -10 19 19 12 -11 4 -6 8 21 -21 10 18 
8 21 -3 15 3 -10 -13 4 1 1 4 -13 -10 3 15 -3 21 8 
18 10 -21 21 8 -6 4 -11 12 19 19 -10 16 7 -16 1 -15 20 
10 11 7 11 -9 0 17 1 7 0 -3 21 17 -18 7 7 3 1 
3 -8 -15 14 0 3 -9 11 -11 9 14 12 14 0 7 14 1 13 
-8 8 -6 -18 20 19 -18 -5 12 8 -1 14 11 3 0 5 20 10 
-16 3 -9 -19 21 17 15 19 17 10 16 9 8 19 18 15 5 13 
9 -6 -6 4 19 12 -18 8 13 17 5 2 1 15 4 14 -6 15 
9 6 14 11 18 12 -11 -12 11 12 12 15 15 3 17 -13 11 5 
19 19 10 6 5 4 -16 11 5 12 5 7 1 3 -16 6 8 12 
58
5
3 9
5 2
2 7
7 9
12 17
13 8
11 15
14 10
9 8
4 0
14
7 11 8
8 12 8
12 1 12
1 6 11
14 16 9
11 4 10
1 17 13
9 6 8
8 5 8
4 16 12
15 11 11
2 1 9
5 13 10
15 0 13
26
9 2
0 13
1 8
9 7
4 13
3 14
8 0
12 13
11 17
4 15
11 5
16 12
5 8
7 15
16 4
15 9
7 10
12 4
13 3
8 17
4 4
5 0
12 2
5 12
0 5
11 9
