12 16
5 3 0 8 -10 -12 2 13 1 1 1 4 9 7 10 5 
-8 -4 1 -4 -2 6 2 13 13 -5 10 -9 13 5 6 3 
-10 -3 -12 11 4 1 12 13 4 6 -6 5 12 4 12 -8 
5 8 8 9 12 9 12 3 3 -3 1 4 7 3 4 6 
5 13 0 10 10 -6 13 6 3 10 12 6 1 -10 13 11 
-4 13 1 11 9 3 -9 10 11 12 5 5 3 9 5 12 
12 5 9 3 5 5 12 11 10 -9 3 9 11 1 13 -4 
11 13 -10 1 6 12 10 3 6 13 -6 10 10 0 13 5 
6 4 3 7 4 1 -3 3 3 12 9 12 9 8 8 5 
-8 12 4 12 5 -6 6 4 13 12 1 4 11 -12 -3 -10 
3 6 5 13 -9 10 -5 13 13 2 6 -2 -4 1 -4 -8 
5 10 7 9 4 1 1 1 13 2 -12 -10 8 0 3 5 
53
7
9 13
5 0
2 9
6 11
7 11
0 7
4 5
2 2
6 15
9 6
5 4
4 4
11 8
7 10
8
1 4 8
7 6 12
7 0 15
2 12 15
10 11 8
4 9 12
4 15 15
9 3 15
16
4 11
3 5
8 7
9 2
2 6
3 6
6 8
1 0
7 4
8 10
3 8
2 13
9 9
8 9
5 7
10 15
