16 14
5 0 3 4 1 -2 1 5 1 5 -1 4 1 3 
5 5 5 5 -2 1 -1 2 5 -1 4 5 2 0 
5 5 2 5 2 -1 0 2 3 4 0 5 2 3 
2 -5 4 5 -1 5 0 0 -5 3 5 0 1 -2 
1 3 4 4 -3 2 5 -3 -4 4 5 -3 2 2 
2 0 -2 0 1 0 3 3 3 3 5 4 -4 4 
-2 2 2 5 2 1 -5 4 2 1 3 -3 2 5 
1 1 4 2 1 1 2 -5 3 4 0 -1 4 0 
0 4 -1 0 4 3 -5 2 1 1 2 4 1 1 
5 2 -3 3 1 2 4 -5 1 2 5 2 2 -2 
4 -4 4 5 3 3 3 3 0 1 0 -2 0 2 
2 2 -3 5 4 -4 -3 5 2 -3 4 4 3 1 
-2 1 0 5 3 -5 0 0 5 -1 5 4 -5 2 
3 2 5 0 4 3 2 0 -1 2 5 2 5 5 
0 2 5 4 -1 5 2 -1 1 -2 5 5 5 5 
3 1 4 -1 5 1 5 1 -2 1 4 3 0 5 
58
7
11 0
9 13
11 2
6 3
14 4
7 1
12 1
4 13
6 0
4 11
9 10
1 9
8 12
3 12
8
8 5 15
2 11 11
8 6 11
3 4 8
7 8 15
13 2 11
7 7 11
12 9 8
20
6 10
9 11
1 2
10 1
14 0
5 8
15 5
12 13
15 3
2 7
9 3
6 2
14 11
5 12
1 13
10 5
0 8
3 0
0 10
13 6
