20 20
-2 3 -2 -2 4 -1 1 4 -6 -6 5 -6 1 -6 -2 2 7 2 6 0 
5 5 2 5 6 1 6 6 -7 7 4 2 5 2 7 4 1 5 5 7 
1 0 5 -6 7 4 3 6 5 2 5 1 6 -1 -5 3 -4 5 1 1 
-4 5 4 2 3 7 -5 1 3 6 7 5 -7 6 4 6 4 3 6 5 
1 4 7 -7 7 -7 1 7 -7 2 3 1 2 7 -7 2 -1 -1 4 5 
-7 3 7 6 7 5 5 1 2 0 0 6 2 5 3 5 6 7 5 2 
0 -6 3 5 -2 7 4 -5 4 7 7 3 6 5 -2 -4 -1 7 0 -5 
7 5 0 4 1 3 3 1 1 2 7 0 1 7 0 2 4 -1 0 5 
0 4 5 6 5 2 7 2 4 5 -6 -5 -2 7 -7 6 0 7 -7 -6 
3 4 1 2 2 5 3 6 0 1 4 5 6 6 1 5 5 0 3 7 
7 3 0 5 5 1 6 6 5 4 1 0 6 3 5 2 2 1 4 3 
-6 -7 7 0 6 -7 7 -2 -5 -6 5 4 2 7 2 5 6 5 4 0 
5 0 -1 4 2 0 7 1 0 7 2 1 1 3 3 1 4 0 5 7 
-5 0 7 -1 -4 -2 5 6 3 7 7 4 -5 4 7 -2 5 3 -6 0 
2 5 7 6 5 3 5 2 6 0 0 2 1 5 5 7 6 7 3 -7 
5 4 -1 -1 2 -7 7 2 1 3 2 -7 7 1 -7 7 -7 7 4 1 
5 6 3 4 6 4 6 -7 5 7 6 3 1 -5 7 3 2 4 5 -4 
1 1 5 -4 3 -5 -1 6 1 5 2 5 6 3 4 7 -6 5 0 1 
7 5 5 1 4 7 2 5 2 4 7 -7 6 6 1 6 5 2 5 5 
0 6 2 7 2 -2 -6 1 -6 5 -6 -6 4 1 -1 4 -2 -2 3 -2 
43
4
4 6
3 4
14 6
11 13
15 13
16 15
5 13
8 6
12
10 9 9
9 18 9
12 4 12
14 3 9
17 19 14
8 7 12
9 10 9
10 1 9
7 15 12
5 16 9
2 0 14
11 12 12
0
