20 20
4 5 4 -4 2 1 -5 0 -4 3 5 -2 1 5 -5 -2 4 -6 5 6 
5 4 4 5 -1 3 6 6 0 6 0 6 -2 3 5 5 6 1 2 1 
1 6 2 1 3 -4 2 1 5 1 1 -5 4 5 3 5 1 4 1 2 
-5 5 2 3 3 3 -6 3 4 6 1 -3 -5 3 0 5 0 1 6 -1 
1 3 6 2 -4 -5 4 -1 -3 4 5 -3 -1 -4 3 3 -4 4 2 3 
-6 6 0 2 -4 -2 3 -5 5 3 6 -4 4 2 4 5 5 6 2 6 
3 3 4 2 1 -2 6 5 6 6 2 -2 1 3 -6 6 6 1 2 4 
2 1 2 0 3 -4 2 -3 2 6 3 -4 4 1 1 4 1 -2 6 5 
5 0 0 5 3 3 -5 1 3 5 6 -4 4 -2 2 -4 4 2 0 4 
2 1 3 3 -4 3 2 4 0 4 1 5 6 2 -2 -6 3 4 4 4 
4 4 4 3 -6 -2 2 6 5 1 4 0 4 2 3 -4 3 3 1 2 
4 0 2 4 -4 2 -2 4 -4 6 5 3 1 -5 3 3 5 0 0 5 
5 6 -2 1 4 1 1 4 -4 3 6 2 -3 2 -4 3 0 2 1 2 
4 2 1 6 6 -6 3 1 -2 2 6 6 5 6 -2 1 2 4 3 3 
6 2 6 5 5 4 2 4 -4 6 3 5 -5 3 -2 -4 2 0 6 -6 
3 2 4 -4 3 3 -4 -1 -3 5 4 -3 -1 4 -5 -4 2 6 3 1 
-1 6 1 0 5 0 3 -5 -3 1 6 4 3 -6 3 3 3 2 5 -5 
2 1 4 1 5 3 5 4 -5 1 1 5 1 2 -4 3 1 2 6 1 
1 2 1 6 5 5 3 -2 6 0 6 0 6 6 3 -1 5 4 4 5 
6 5 -6 4 -2 -5 5 1 -2 5 3 -4 0 -5 1 2 -4 4 5 4 
54
8
7 1
4 9
2 3
4 13
3 10
0 4
19 7
1 9
12 18
15 10
17 16
15 6
16 9
19 15
0 12
18 10
20
15 7 14
15 1 8
17 3 8
9 0 14
0 1 15
3 18 8
16 19 16
18 2 11
14 18 15
12 9 14
4 12 14
4 18 8
2 16 8
10 19 14
19 18 15
16 1 8
3 0 16
1 17 11
5 1 15
7 10 14
0
