11 17
-2 1 4 5 3 5 1 1 2 5 -3 0 1 -4 0 0 4 
5 4 2 0 3 3 5 4 -5 5 4 1 1 2 3 3 4 
3 5 5 -3 3 1 3 1 -5 4 5 2 1 5 -3 -1 4 
-5 0 4 5 -1 0 -2 2 2 1 4 0 1 3 5 2 -2 
1 -2 4 3 5 2 -5 0 -1 -1 0 -3 5 4 -5 3 1 
1 3 3 0 5 4 -5 2 -3 2 -5 4 5 0 3 3 1 
1 3 -5 4 5 -3 0 -1 -1 0 -5 2 5 3 4 -2 1 
-2 2 5 3 1 0 4 1 2 2 -2 0 -1 5 4 0 -5 
4 -1 -3 5 1 2 5 4 -5 1 3 1 3 -3 5 5 3 
4 3 3 2 1 1 4 5 -5 4 5 3 3 0 2 4 5 
4 0 0 -4 1 0 -3 5 2 1 1 5 3 5 4 1 -2 
48
3
1 11
6 5
7 14
9 5
4 11
3 2
20
10 14 9
1 5 14
3 16 15
6 4 10
5 9 8
3 5 8
9 16 9
6 9 15
9 13 9
5 3 10
0 2 9
9 11 14
7 0 15
4 12 10
5 7 8
7 11 8
1 0 9
4 7 15
1 3 9
5 13 10
16
2 16
9 2
4 15
10 2
2 13
9 8
4 3
9 0
8 0
1 14
6 1
0 14
8 3
1 8
6 13
1 16
