11 17
-4 3 4 7 -6 3 -5 2 2 0 3 -1 5 2 2 7 4 
5 1 4 -6 6 5 4 -3 4 4 6 -1 6 5 -1 -1 5 
2 7 2 7 2 6 -5 4 2 4 2 1 4 7 4 7 0 
-4 3 -3 3 -6 -3 7 -2 7 4 3 7 5 -1 3 1 -3 
7 2 5 3 1 6 0 6 6 -5 7 1 -2 4 -5 2 7 
2 7 6 6 5 -3 7 7 1 7 7 -3 5 6 6 7 2 
7 2 -5 4 -2 1 7 -5 6 6 0 6 1 3 5 2 7 
-3 1 3 -1 5 7 3 4 7 -2 7 -3 -6 3 -3 3 -4 
0 7 4 7 4 1 2 4 2 4 -5 6 2 7 2 7 2 
5 -1 -1 5 6 -1 6 4 4 -3 4 5 6 -6 4 1 5 
4 7 2 2 5 -1 3 0 2 2 -5 3 -6 7 4 3 -4 
32
7
6 7
10 4
0 14
1 0
9 12
8 12
0 4
4 9
0 12
10 2
9 16
1 4
2 4
10 12
16
0 5 8
4 14 11
5 9 11
0 10 15
10 16 15
6 0 9
6 13 13
3 8 15
10 11 8
6 2 11
5 7 11
10 6 15
0 0 15
4 16 9
4 3 13
7 8 15
18
9 0
7 5
5 14
3 0
5 10
1 8
2 6
7 4
10 14
1 16
3 11
5 2
7 16
5 6
9 8
8 10
3 12
0 2
