15 14
-18 10 17 -20 -2 -1 4 12 13 5 15 -15 -3 0 
5 16 8 6 15 -10 -2 18 1 2 19 18 5 -16 
9 16 -19 3 -2 13 -19 13 14 10 3 13 -1 20 
-12 -2 9 -5 -12 0 8 -7 19 20 5 17 16 16 
17 16 17 9 17 13 18 3 1 19 16 -4 9 10 
19 10 11 19 12 4 -2 0 19 20 18 13 5 18 
-5 16 7 13 5 1 13 15 6 13 -4 11 20 11 
-13 15 5 20 11 3 7 7 3 11 20 5 15 -13 
11 20 11 -4 13 6 15 13 1 5 13 7 16 -5 
18 5 13 18 20 19 0 -2 4 12 19 11 10 19 
10 9 -4 16 19 1 3 18 13 17 9 17 16 17 
16 16 17 5 20 19 -7 8 0 -12 -5 9 -2 -12 
20 -1 13 3 10 14 13 -19 13 -2 3 -19 16 9 
-16 5 18 19 2 1 18 -2 -10 15 6 8 16 5 
0 -3 -15 15 5 13 12 4 -1 -2 -20 17 10 -18 
57
2
6 0
3 4
8 13
11 9
14
1 4 9
13 7 10
2 7 15
5 13 10
13 6 9
2 13 11
2 11 13
13 9 9
1 6 10
12 6 15
9 0 10
1 7 9
12 0 11
12 2 13
20
14 6
4 13
2 5
13 4
5 11
1 3
13 2
4 11
14 5
10 5
0 7
10 0
12 8
1 9
9 2
13 10
1 11
10 2
0 8
4 8
