20 18
-14 2 3 4 15 6 13 -3 2 -9 -17 14 -1 -10 4 2 10 10 
-15 1 1 17 1 0 16 8 -7 0 9 13 -17 -9 15 2 -16 -15 
-17 2 11 3 8 -10 2 13 1 8 12 18 8 -8 -16 -9 14 13 
-11 3 2 14 -16 11 9 10 2 14 7 12 9 -4 12 8 4 -13 
9 16 7 7 17 7 5 5 3 11 15 -16 14 -18 17 11 -5 13 
18 -9 5 11 14 16 4 16 17 -3 17 2 4 6 1 7 6 13 
5 5 1 17 18 5 2 10 16 2 -14 14 -3 7 5 -12 9 15 
7 15 11 9 8 3 0 17 9 7 8 -5 2 -18 9 3 -9 13 
16 5 15 18 9 5 16 18 1 13 18 9 15 -11 1 17 5 13 
-17 13 11 4 17 -3 13 4 -13 5 13 3 -4 13 13 16 -13 -8 
-8 -13 16 13 13 -4 3 13 5 -13 4 13 -3 17 4 11 13 -17 
13 5 17 1 -11 15 9 18 13 1 18 16 5 9 18 15 5 16 
13 -9 3 9 -18 2 -5 8 7 9 17 0 3 8 9 11 15 7 
15 9 -12 5 7 -3 14 -14 2 16 10 2 5 18 17 1 5 5 
13 6 7 1 6 4 2 17 -3 17 16 4 16 14 11 5 -9 18 
13 -5 11 17 -18 14 -16 15 11 3 5 5 7 17 7 7 16 9 
-13 4 8 12 -4 9 12 7 14 2 10 9 11 -16 14 2 3 -11 
13 14 -9 -16 -8 8 18 12 8 1 13 2 -10 8 3 11 2 -17 
-15 -16 2 15 -9 -17 13 9 0 -7 8 16 0 1 17 1 1 -15 
10 10 2 4 -10 -1 14 -17 -9 2 -3 13 6 15 4 3 2 -14 
50
6
2 14
14 10
17 1
8 13
2 8
11 9
17 3
5 7
2 16
11 4
17 9
8 8
14
5 8 10
2 5 8
1 8 9
11 7 13
19 16 12
1 0 8
13 2 9
14 9 10
17 12 8
18 9 9
8 10 13
0 1 12
18 17 8
6 15 9
36
7 6
11 2
13 16
9 10
19 8
10 17
18 0
6 17
19 10
11 5
2 6
14 5
12 16
14 1
15 14
9 1
17 4
1 4
12 11
8 15
6 1
10 7
0 9
9 0
1 17
13 0
0 7
8 12
17 11
5 12
7 1
5 16
4 3
10 16
2 13
18 13
