20 20
0 4 -14 9 9 7 9 -10 8 11 10 2 -6 9 7 -15 4 -7 3 2 
6 10 15 10 4 2 7 -10 -15 2 4 13 -15 11 0 -4 3 7 -11 9 
3 7 -13 12 11 -15 3 -5 9 -10 6 7 13 12 12 8 5 -16 -8 -3 
12 1 1 13 -5 3 -7 -7 -15 -3 -13 13 8 0 7 11 -10 4 2 1 
8 4 2 7 15 16 7 2 10 16 12 13 -7 7 2 7 14 8 -3 8 
11 -6 14 8 14 5 5 0 -8 10 2 -12 9 7 -10 -2 16 5 11 4 
13 8 6 16 14 -5 1 -12 -4 -6 12 1 15 2 7 12 16 3 9 14 
-15 15 11 2 1 8 6 3 -12 10 13 8 1 9 -1 4 12 3 5 -15 
11 0 5 0 -11 -8 -14 -7 9 6 11 4 -11 -16 14 12 9 -1 8 11 
0 12 -6 -12 3 4 10 5 6 -8 10 9 8 7 13 3 8 14 6 -6 
-6 6 14 8 3 13 7 8 9 10 -8 6 5 10 4 3 -12 -6 12 0 
11 8 -1 9 12 14 -16 -11 4 11 6 9 -7 -14 -8 -11 0 5 0 11 
-15 5 3 12 4 -1 9 1 8 13 10 -12 3 6 8 1 2 11 15 -15 
14 9 3 16 12 7 2 15 1 12 -6 -4 -12 1 -5 14 16 6 8 13 
4 11 5 16 -2 -10 7 9 -12 2 10 -8 0 5 5 14 8 14 -6 11 
8 -3 8 14 7 2 7 -7 13 12 16 10 2 7 16 15 7 2 4 8 
1 2 4 -10 11 7 0 8 13 -13 -3 -15 -7 -7 3 -5 13 1 1 12 
-3 -8 -16 5 8 12 12 13 7 6 -10 9 -5 3 -15 11 12 -13 7 3 
9 -11 7 3 -4 0 11 -15 13 4 2 -15 -10 7 2 4 10 15 10 6 
2 3 -7 4 -15 7 9 -6 2 10 11 8 -10 9 7 9 9 -14 4 0 
42
7
7 2
3 8
16 9
13 11
15 14
8 12
11 8
12 17
16 11
3 10
6 8
4 5
11 7
8 11
14
13 18 12
10 6 10
9 8 8
19 3 10
14 6 9
8 6 8
6 12 11
6 1 12
9 13 10
10 11 8
0 16 10
5 13 9
11 13 8
13 7 11
0
