18 19
-3 -1 -1 3 3 0 3 2 3 0 3 0 2 1 2 2 -1 -1 -1 
-1 0 1 1 -2 3 1 0 2 -2 3 1 0 2 3 1 -1 3 0 
-3 0 0 1 2 2 3 2 0 2 2 0 1 3 3 2 3 1 1 
1 -1 2 3 3 0 1 -1 2 3 0 1 0 1 0 2 3 -3 1 
2 2 -2 2 1 1 3 1 3 2 2 2 2 3 1 1 2 3 3 
-3 2 1 0 1 -2 -1 -3 0 -1 0 -1 0 3 0 -2 0 0 1 
1 0 -3 -1 3 1 2 -2 -2 1 1 1 3 -1 -3 1 2 2 3 
1 1 2 -2 1 2 1 0 3 1 3 3 1 1 3 2 1 2 2 
0 -3 1 2 1 0 0 -2 1 3 3 2 2 3 2 1 2 2 0 
0 2 2 1 2 3 2 2 3 3 1 -2 0 0 1 2 1 -3 0 
2 2 1 2 3 1 1 3 3 1 3 0 1 2 1 -2 2 1 1 
3 2 2 1 -3 -1 3 1 1 1 -2 -2 2 1 3 -1 -3 0 1 
1 0 0 -2 0 3 0 -1 0 -1 0 -3 -1 -2 1 0 1 2 -3 
3 3 2 1 1 3 2 2 2 2 3 1 3 1 1 2 -2 2 2 
1 -3 3 2 0 1 0 1 0 3 2 -1 1 0 3 3 2 -1 1 
1 1 3 2 3 3 1 0 2 2 0 2 3 2 2 1 0 0 -3 
0 3 -1 1 3 2 0 1 3 -2 2 0 1 3 -2 1 1 0 -1 
-1 -1 -1 2 2 1 2 0 3 0 3 2 3 0 3 3 -1 -1 -3 
53
3
8 14
10 7
16 13
9 4
7 11
1 5
10
15 1 16
13 11 16
9 2 13
16 17 14
16 9 11
2 17 16
4 7 16
8 16 13
1 1 14
1 9 11
22
10 14
7 5
13 7
10 5
11 2
13 10
7 8
10 15
3 17
1 12
12 16
7 4
10 13
4 11
7 13
6 16
4 8
10 10
7 3
14 1
16 6
5 2
