10 20
4 -3 4 4 -5 12 -9 12 11 3 7 9 14 11 8 8 8 4 1 -6 
15 3 -1 10 2 -5 -15 12 3 -2 0 12 0 0 7 15 -15 13 9 8 
9 10 11 -1 -9 2 1 -2 10 6 8 6 10 2 14 -10 9 12 10 4 
-6 8 -7 6 7 15 5 3 4 15 14 14 1 0 -6 11 6 13 0 10 
-14 12 12 2 1 0 7 10 -10 4 14 7 10 3 3 -14 11 9 9 -3 
-3 9 9 11 -14 3 3 10 7 14 4 -10 10 7 0 1 2 12 12 -14 
10 0 13 6 11 -6 0 1 14 14 15 4 3 5 15 7 6 -7 8 -6 
4 10 12 9 -10 14 2 10 6 8 6 10 -2 1 2 -9 -1 11 10 9 
8 9 13 -15 15 7 0 0 12 0 -2 3 12 -15 -5 2 10 -1 3 15 
-6 1 4 8 8 8 11 14 9 7 3 11 12 -9 12 -5 4 4 -3 4 
47
8
4 5
0 1
4 14
1 14
6 11
9 0
8 2
0 18
5 14
9 18
5 5
8 5
3 8
0 19
1 17
9 1
6
6 12 13
9 14 11
8 9 8
3 7 13
0 5 11
1 10 8
16
2 14
5 17
5 7
8 7
6 17
1 2
2 8
6 9
7 5
4 2
4 12
1 12
3 2
8 17
7 11
3 10
