16 17
20 18 28 -1 3 2 -1 16 29 -29 26 13 5 -26 18 -12 -18 
-27 15 -17 14 27 25 -13 12 8 20 28 -24 6 26 -9 15 12 
14 -11 4 10 7 -13 8 -2 23 10 11 26 -24 13 9 16 27 
-1 9 -25 27 -2 5 3 2 19 4 30 12 9 20 -12 26 14 
5 17 8 -7 -7 29 20 27 13 24 11 -26 13 -10 9 30 20 
23 5 -14 9 25 13 21 -1 -14 7 26 -17 11 4 5 11 9 
28 30 5 14 -2 -2 -21 23 22 19 -7 25 20 9 7 12 -20 
27 21 14 -30 -21 2 16 2 1 -29 -28 -7 -21 3 12 18 8 
8 18 12 3 -21 -7 -28 -29 1 2 16 2 -21 -30 14 21 27 
-20 12 7 9 20 25 -7 19 22 23 -21 -2 -2 14 5 30 28 
9 11 5 4 11 -17 26 7 -14 -1 21 13 25 9 -14 5 23 
20 30 9 -10 13 -26 11 24 13 27 20 29 -7 -7 8 17 5 
14 26 -12 20 9 12 30 4 19 2 3 5 -2 27 -25 9 -1 
27 16 9 13 -24 26 11 10 23 -2 8 -13 7 10 4 -11 14 
12 15 -9 26 6 -24 28 20 8 12 -13 25 27 14 -17 15 -27 
-18 -12 18 -26 5 13 26 -29 29 16 -1 2 3 -1 28 18 20 
34
5
13 16
6 8
2 15
14 3
10 13
2 0
9 8
13 1
1 13
5 3
14
4 0 16
10 12 13
12 11 10
5 8 10
3 7 16
10 15 9
9 2 9
11 16 16
5 4 13
3 5 10
10 8 10
12 9 16
5 1 9
6 14 9
20
3 11
3 12
8 16
7 14
12 2
12 0
6 9
4 3
7 9
4 1
12 5
12 4
7 0
8 2
3 14
3 16
9 7
11 13
8 7
11 15
