20 20
4 -7 10 13 2 4 14 3 3 0 -6 5 -12 -11 0 7 10 11 3 9 
-3 0 1 4 12 -10 4 2 13 -14 12 11 4 -2 12 7 6 5 -2 2 
-6 9 7 14 -1 0 14 9 6 8 11 12 8 9 8 9 8 -1 6 -1 
6 5 12 12 7 2 13 3 9 11 0 4 4 13 2 9 9 13 6 11 
-7 0 8 4 5 9 13 9 6 9 13 9 13 8 12 11 11 5 3 10 
3 14 4 9 11 13 -10 3 7 13 12 4 5 0 -14 11 0 13 6 1 
5 3 -3 1 0 12 -2 3 5 7 -10 -12 14 -6 14 1 6 -12 8 4 
0 1 4 -12 6 7 11 -3 1 -8 9 12 4 -11 -8 9 8 2 2 2 
8 14 14 11 8 0 12 -8 2 11 -2 -12 8 9 11 0 -3 9 6 5 
11 -7 2 10 13 12 5 -4 12 2 0 14 12 -13 -2 4 5 4 -1 0 
0 -1 4 5 4 -2 -13 12 14 0 2 12 -4 5 12 13 10 2 -7 11 
5 6 9 -3 0 11 9 8 -12 -2 11 2 -8 12 0 8 11 14 14 8 
2 2 2 8 9 -8 -11 4 12 9 -8 1 -3 11 7 6 -12 4 1 0 
4 8 -12 6 1 14 -6 14 -12 -10 7 5 3 -2 12 0 1 -3 3 5 
1 6 13 0 11 -14 0 5 4 12 13 7 3 -10 13 11 9 4 14 3 
10 3 5 11 11 12 8 13 9 13 9 6 9 13 9 5 4 8 0 -7 
11 6 13 9 9 2 13 4 4 0 11 9 3 13 2 7 12 12 5 6 
-1 6 -1 8 9 8 9 8 12 11 8 6 9 14 0 -1 14 7 9 -6 
2 -2 5 6 7 12 -2 4 11 12 -14 13 2 4 -10 12 4 1 0 -3 
9 3 11 10 7 0 -11 -12 5 -6 0 3 3 14 4 2 13 10 -7 4 
59
7
5 8
16 1
13 2
12 7
6 15
15 8
5 13
14 11
3 18
6 17
7 12
13 4
4 11
14 6
12
0 18 13
2 9 16
14 2 12
16 7 16
7 1 8
10 11 8
19 1 13
17 10 16
5 17 12
3 12 16
12 18 8
9 8 8
0
