12 15
1 2 1 -5 2 3 3 1 1 1 2 3 3 3 1 
-4 2 4 -2 3 5 5 2 0 -4 5 5 3 1 1 
-1 4 5 5 2 1 2 -4 3 1 -3 -1 -1 -4 0 
-4 4 -5 1 4 -2 -5 2 5 1 -5 4 1 2 0 
3 3 0 1 0 3 2 0 1 3 4 3 2 -3 5 
-1 2 4 1 -5 3 1 3 2 1 -5 -5 2 5 1 
1 5 2 -5 -5 1 2 3 1 3 -5 1 4 2 -1 
5 -3 2 3 4 3 1 0 2 3 0 1 0 3 3 
0 2 1 4 -5 1 5 2 -5 -2 4 1 -5 4 -4 
0 -4 -1 -1 -3 1 3 -4 2 1 2 5 5 4 -1 
1 1 3 5 5 -4 0 2 5 5 3 -2 4 2 -4 
1 3 3 3 2 1 1 1 3 3 2 -5 1 2 1 
56
8
10 1
8 13
11 8
6 13
9 10
9 12
7 6
3 9
1 13
3 1
0 6
5 1
2 4
2 2
4 8
8 5
6
3 6 13
1 8 16
7 14 15
8 8 13
10 6 16
4 0 15
12
5 7
0 8
11 14
7 5
1 6
9 7
6 7
11 6
0 0
4 9
10 8
2 7
