20 20
9 6 -3 7 1 3 4 3 3 7 5 2 3 7 4 4 9 -3 4 1 
2 9 8 2 8 0 -4 6 8 -7 2 -4 9 -3 4 7 -9 3 7 -6 
1 0 9 8 8 3 2 3 -5 -4 3 -1 2 -1 -7 -6 -5 4 8 6 
0 -9 3 7 6 2 6 0 7 2 2 1 1 8 5 5 -8 8 2 -3 
-2 9 9 8 -7 -8 3 -3 1 2 8 1 -7 6 3 5 8 2 2 -7 
8 2 1 9 -9 1 9 7 5 1 3 3 1 -8 7 1 0 0 -4 3 
7 5 4 4 -2 -9 8 7 9 -1 7 5 7 2 0 -3 1 1 -6 8 
7 3 2 8 7 3 6 7 9 6 0 -1 0 6 9 8 2 5 3 -9 
-3 0 1 -3 8 4 2 3 6 -3 5 1 4 3 4 8 8 1 -7 6 
-5 5 9 -7 5 -5 8 8 4 8 3 8 5 8 9 4 8 -4 2 5 
5 2 -4 8 4 9 8 5 8 3 8 4 8 8 -5 5 -7 9 5 -5 
6 -7 1 8 8 4 3 4 1 5 -3 6 3 2 4 8 -3 1 0 -3 
-9 3 5 2 8 9 6 0 -1 0 6 9 7 6 3 7 8 2 3 7 
8 -6 1 1 -3 0 2 7 5 7 -1 9 7 8 -9 -2 4 4 5 7 
3 -4 0 0 1 7 -8 1 3 3 1 5 7 9 1 -9 9 1 2 8 
-7 2 2 8 5 3 6 -7 1 8 2 1 -3 3 -8 -7 8 9 9 -2 
-3 2 8 -8 5 5 8 1 1 2 2 7 0 6 2 6 7 3 -9 0 
6 8 4 -5 -6 -7 -1 2 -1 3 -4 -5 3 2 3 8 8 9 0 1 
-6 7 3 -9 7 4 -3 9 -4 2 -7 8 6 -4 0 8 2 8 9 2 
1 4 -3 9 4 4 7 3 2 5 7 3 3 4 3 1 7 -3 6 9 
47
3
8 6
2 15
5 15
11 13
17 4
14 4
18
8 14 13
10 15 16
19 2 9
17 1 11
19 1 11
1 6 8
16 14 10
5 14 13
5 19 14
11 5 13
9 4 16
0 17 9
2 18 11
0 18 11
18 13 8
3 5 10
14 5 13
14 0 14
0
