13 18
-2 0 3 3 4 1 2 3 4 2 1 -2 2 3 1 4 2 3 
0 -2 3 2 3 2 4 5 2 -1 -3 5 2 0 3 5 1 5 
4 -2 0 2 1 1 3 1 4 5 3 4 0 2 1 1 5 0 
-3 -3 3 4 -3 3 5 -4 1 4 -4 2 5 -2 1 1 5 2 
4 2 3 -3 4 4 1 0 1 -1 1 0 -1 4 3 0 -1 1 
2 2 2 5 5 -1 4 -3 1 -4 1 0 -4 -5 4 4 1 -2 
2 -2 5 -5 4 4 4 3 0 0 3 4 4 4 -5 5 -2 2 
-2 1 4 4 -5 -4 0 1 -4 1 -3 4 -1 5 5 2 2 2 
1 -1 0 3 4 -1 0 1 -1 1 0 1 4 4 -3 3 2 4 
2 5 1 1 -2 5 2 -4 4 1 -4 5 3 -3 4 3 -3 -3 
0 5 1 1 2 0 4 3 5 4 1 3 1 1 2 0 -2 4 
5 1 5 3 0 2 5 -3 -1 2 5 4 2 3 2 3 -2 0 
3 2 4 1 3 2 -2 1 2 4 3 2 1 4 3 3 0 -2 
38
2
10 11
11 4
2 6
1 13
16
12 16 14
5 4 13
2 5 16
7 1 9
10 4 14
0 12 13
9 15 11
8 16 13
0 1 14
7 13 13
10 12 16
5 16 9
2 13 14
12 5 13
3 2 11
4 1 13
22
8 15
7 4
5 17
5 11
5 9
12 11
1 0
4 7
0 2
5 2
10 8
4 2
5 13
7 0
7 6
7 8
0 6
11 17
8 10
12 15
7 15
2 9
