14 10
8 -13 10 2 -9 14 2 2 8 10 
0 9 1 4 8 5 4 -9 12 4 
9 7 10 2 2 5 9 -11 1 10 
13 -7 14 -6 7 6 1 -1 2 12 
10 5 6 12 6 8 -6 -2 14 1 
6 -5 9 12 3 1 11 -9 -5 9 
-7 10 14 1 12 6 13 2 -9 -4 
-4 -9 2 13 6 12 1 14 10 -7 
9 -5 -9 11 1 3 12 9 -5 6 
1 14 -2 -6 8 6 12 6 5 10 
12 2 -1 1 6 7 -6 14 -7 13 
10 1 -11 9 5 2 2 10 7 9 
4 12 -9 4 5 8 4 1 9 0 
10 8 2 2 14 -9 2 10 -13 8 
51
3
8 7
8 9
6 4
5 2
5 0
7 5
8
12 7 14
11 0 10
2 8 16
13 4 10
1 2 14
2 9 10
11 1 16
0 5 10
14
7 2
9 6
2 0
5 7
13 7
0 1
12 3
6 7
4 3
11 9
8 2
0 2
13 8
1 6
