17 10
2 12 -11 -12 -7 -9 -5 9 1 10 
12 11 6 13 13 3 -2 8 0 7 
9 4 7 4 11 8 12 1 12 2 
12 8 -5 9 -4 11 0 -7 11 -11 
1 -13 13 -4 -9 6 3 11 9 1 
7 2 0 7 0 10 12 11 4 3 
9 2 -10 2 10 8 1 5 5 4 
-8 -6 7 3 11 1 4 4 9 0 
3 -4 -6 13 10 10 13 -6 -4 3 
0 9 4 4 1 11 3 7 -6 -8 
4 5 5 1 8 10 2 -10 2 9 
3 4 11 12 10 0 7 0 2 7 
1 9 11 3 6 -9 -4 13 -13 1 
-11 11 -7 0 11 -4 9 -5 8 12 
2 12 1 12 8 11 4 7 4 9 
7 0 8 -2 3 13 13 6 11 12 
10 1 9 -5 -9 -7 -12 -11 12 2 
60
7
0 3
5 8
4 1
16 7
7 2
5 6
15 8
16 6
11 1
12 8
0 2
9 7
11 3
1 1
18
1 9 11
1 0 14
1 2 9
14 1 14
16 3 16
5 2 11
12 2 9
3 4 8
3 0 15
15 0 11
15 9 14
15 7 9
2 8 14
0 6 16
11 7 11
4 7 9
13 5 8
13 9 15
12
5 4
14 8
7 4
12 1
7 9
8 9
11 5
2 1
9 5
4 8
9 0
8 0
