20 20
5 6 2 8 11 7 5 4 7 8 1 2 3 -4 3 3 1 10 -5 8 
-8 -2 -3 4 8 6 -1 -6 -8 10 7 11 -3 11 5 5 -8 7 3 2 
1 5 0 5 6 1 9 10 8 8 9 -7 4 1 -3 5 7 -11 2 8 
10 11 2 -1 9 2 9 0 2 11 6 3 8 -8 6 8 11 -2 -7 11 
10 1 10 3 11 6 1 -6 6 0 1 -6 10 -4 5 -7 3 1 7 -11 
5 6 9 11 2 5 2 1 -6 -2 8 3 9 -3 2 7 9 4 -3 7 
2 11 0 9 10 5 1 11 9 7 5 7 7 10 3 -5 3 11 7 5 
1 -1 5 9 2 9 4 6 0 5 8 3 1 8 9 9 9 1 8 2 
-1 -9 3 3 3 11 8 4 0 2 1 10 7 -6 10 11 -2 -3 11 1 
7 10 7 -11 1 8 7 6 4 10 -2 3 10 11 6 6 2 9 7 1 
1 7 9 2 6 6 11 10 3 -2 10 4 6 7 8 1 -11 7 10 7 
1 11 -3 -2 11 10 -6 7 10 1 2 0 4 8 11 3 3 3 -9 -1 
2 8 1 9 9 9 8 1 3 8 5 0 6 4 9 2 9 5 -1 1 
5 7 11 3 -5 3 10 7 7 5 7 9 11 1 5 10 9 0 11 2 
7 -3 4 9 7 2 -3 9 3 8 -2 -6 1 2 5 2 11 9 6 5 
-11 7 1 3 -7 5 -4 10 -6 1 0 6 -6 1 6 11 3 10 1 10 
11 -7 -2 11 8 6 -8 8 3 6 11 2 0 9 2 9 -1 2 11 10 
8 2 -11 7 5 -3 1 4 -7 9 8 8 10 9 1 6 5 0 5 1 
2 3 7 -8 5 5 11 -3 11 7 10 -8 -6 -1 6 8 4 -3 -2 -8 
8 -5 10 1 3 3 -4 3 2 1 8 7 4 5 7 11 8 2 6 5 
60
3
7 1
15 4
12 8
12 18
4 15
7 11
10
9 16 14
12 7 15
17 19 9
9 15 15
6 7 13
10 3 14
7 12 15
2 0 9
10 4 15
13 12 13
0
