20 13
16 8 -9 8 2 16 15 4 12 12 -11 -14 -11 
7 12 -12 -6 1 9 7 1 13 1 12 2 12 
-6 -10 10 -11 9 -12 -11 14 -7 -16 14 0 14 
4 -4 6 1 3 6 12 5 -7 -5 6 13 10 
12 -6 11 12 -9 -10 -2 15 -9 2 -8 2 13 
11 2 9 6 -7 16 11 -4 -7 7 -7 16 -2 
2 8 13 11 2 8 7 -1 15 -1 12 5 9 
2 2 3 0 5 1 -16 7 1 10 3 15 2 
9 4 1 -2 1 5 10 13 -6 15 -2 15 9 
-13 14 11 16 11 12 5 16 -7 5 14 -3 6 
6 -3 14 5 -7 16 5 12 11 16 11 14 -13 
9 15 -2 15 -6 13 10 5 1 -2 1 4 9 
2 15 3 10 1 7 -16 1 5 0 3 2 2 
9 5 12 -1 15 -1 7 8 2 11 13 8 2 
-2 16 -7 7 -7 -4 11 16 -7 6 9 2 11 
13 2 -8 2 -9 15 -2 -10 -9 12 11 -6 12 
10 13 6 -5 -7 5 12 6 3 1 6 -4 4 
14 0 14 -16 -7 14 -11 -12 9 -11 10 -10 -6 
12 2 12 1 13 1 7 9 1 -6 -12 12 7 
-11 -14 -11 12 12 4 15 16 2 8 -9 8 16 
50
3
4 2
10 5
0 5
15 10
9 7
19 7
20
3 9 16
13 7 16
3 10 9
9 6 12
11 8 10
2 4 14
2 6 8
10 7 12
12 7 11
12 8 11
16 3 16
6 5 16
16 2 9
10 6 12
8 4 10
17 8 14
17 6 8
9 5 12
7 5 11
7 4 11
16
9 2
10 11
12 5
7 2
9 3
3 6
4 7
15 0
10 10
9 1
7 7
12 10
10 9
16 6
15 5
4 12
