17 10
5 -2 0 8 2 -3 2 -1 3 6 
6 5 6 5 4 -8 6 7 -3 8 
3 8 8 -6 7 -6 8 8 1 5 
4 2 -7 1 6 3 8 1 5 1 
-5 3 7 0 2 -5 5 0 1 7 
-1 -3 8 0 8 4 5 7 3 4 
2 5 3 5 8 7 8 -2 1 7 
2 8 2 0 1 8 -2 -5 -7 0 
8 -1 -2 -6 -5 -5 -6 -2 -1 8 
0 -7 -5 -2 8 1 0 2 8 2 
7 1 -2 8 7 8 5 3 5 2 
4 3 7 5 4 8 0 8 -3 -1 
7 1 0 5 -5 2 0 7 3 -5 
1 5 1 8 3 6 1 -7 2 4 
5 1 8 8 -6 7 -6 8 8 3 
8 -3 7 6 -8 4 5 6 5 6 
6 3 -1 2 -3 2 8 0 -2 5 
38
6
2 4
1 7
12 9
8 3
9 5
0 7
14 5
15 2
4 0
8 6
7 4
16 2
16
12 4 16
5 0 15
15 8 16
10 0 11
14 3 15
6 3 12
10 8 10
0 8 15
4 5 16
11 9 15
1 1 16
6 9 11
2 6 15
10 6 12
6 1 10
16 1 15
16
11 6
13 8
16 3
14 2
12 8
11 5
13 6
9 2
5 3
3 1
0 6
2 7
4 1
5 4
3 3
7 7
