19 18
7 -9 8 -3 2 -10 13 8 14 9 7 -8 5 -3 7 -10 4 13 
10 14 13 -12 13 9 7 2 8 -1 12 6 6 10 1 7 7 14 
-7 2 -1 2 2 -9 3 1 3 0 0 5 -11 2 8 1 8 -10 
-11 5 9 7 1 10 10 -7 6 5 8 9 14 -3 5 0 10 -4 
-14 -2 14 5 13 4 10 3 5 -4 10 9 -12 14 11 10 10 2 
0 12 12 4 5 1 5 11 -4 12 -10 8 7 -9 -14 -12 5 11 
10 -1 13 14 -13 2 4 9 12 7 1 0 4 -2 -11 7 -3 -11 
11 10 -13 12 9 6 5 4 -8 5 13 -14 6 2 4 4 7 -11 
3 7 -12 -6 8 12 13 11 8 7 9 -1 -12 7 6 2 -14 11 
4 2 7 0 -12 -10 2 12 1 1 12 2 -10 -12 0 7 2 4 
11 -14 2 6 7 -12 -1 9 7 8 11 13 12 8 -6 -12 7 3 
-11 7 4 4 2 6 -14 13 5 -8 4 5 6 9 12 -13 10 11 
-11 -3 7 -11 -2 4 0 1 7 12 9 4 2 -13 14 13 -1 10 
11 5 -12 -14 -9 7 8 -10 12 -4 11 5 1 5 4 12 12 0 
2 10 10 11 14 -12 9 10 -4 5 3 10 4 13 5 14 -2 -14 
-4 10 0 5 -3 14 9 8 5 6 -7 10 10 1 7 9 5 -11 
-10 8 1 8 2 -11 5 0 0 3 1 3 -9 2 2 -1 2 -7 
14 7 7 1 10 6 6 12 -1 8 2 7 9 13 -12 13 14 10 
13 4 -10 7 -3 5 -8 7 9 14 8 13 -10 2 -3 8 -9 7 
35
3
1 14
5 14
0 16
17 3
13 3
18 1
12
15 3 10
14 5 15
16 1 15
5 6 12
11 10 8
6 16 8
3 14 10
4 12 15
2 16 15
13 11 12
7 7 8
12 1 8
30
6 3
1 13
1 9
3 7
6 13
16 3
3 10
2 6
14 6
3 13
3 15
17 10
8 15
0 1
3 0
12 14
17 4
17 8
15 10
12 4
2 14
15 7
16 11
4 11
15 4
15 2
1 7
10 2
18 16
15 17
