10 18
2 -2 1 2 2 -2 0 -3 2 0 1 -3 0 -3 1 1 0 1 
-3 3 2 2 3 1 3 1 2 3 1 1 3 0 -3 3 1 0 
1 0 -1 3 -1 2 2 3 2 -3 0 1 0 0 3 2 1 -3 
1 0 2 -3 1 2 1 -1 3 1 2 -3 -3 -2 3 2 2 2 
-1 1 3 2 3 2 2 -2 2 1 3 2 -3 2 3 3 -2 1 
1 -2 3 3 2 -3 2 3 1 2 -2 2 2 3 2 3 1 -1 
2 2 2 3 -2 -3 -3 2 1 3 -1 1 2 1 -3 2 0 1 
-3 1 2 3 0 0 1 0 -3 2 3 2 2 -1 3 -1 0 1 
0 1 3 -3 0 3 1 1 3 2 1 3 1 3 2 2 3 -3 
1 0 1 1 -3 0 -3 1 0 2 -3 0 -2 2 2 1 -2 2 
47
8
5 3
8 2
3 16
6 2
1 14
1 10
4 15
7 3
4 14
1 15
6 1
3 15
8 3
8 7
5 2
2 14
12
0 1 8
6 4 14
3 5 15
1 3 16
6 5 16
5 0 8
9 16 8
3 13 14
6 12 15
8 14 16
3 12 16
4 17 8
12
7 6
3 0
7 12
2 4
4 12
9 6
2 11
6 17
2 5
7 13
5 5
0 11
