15 16
0 -1 3 3 -3 3 -1 3 3 1 3 -2 1 2 -1 -3 
0 1 -1 -2 1 2 3 0 -3 2 3 3 1 1 2 0 
0 2 1 3 2 -1 0 1 0 2 1 1 0 2 1 -1 
2 3 -2 -3 1 2 3 3 -3 0 2 0 3 1 1 2 
3 0 1 1 2 2 3 3 2 -2 3 1 2 2 0 2 
2 1 3 -2 3 2 3 3 3 2 -2 -3 3 3 0 -2 
1 3 1 1 -3 1 3 1 1 2 0 3 -1 2 -3 1 
1 1 1 1 0 1 1 2 2 1 1 0 1 1 1 1 
1 -3 2 -1 3 0 2 1 1 3 1 -3 1 1 3 1 
-2 0 3 3 -3 -2 2 3 3 3 2 3 -2 3 1 2 
2 0 2 2 1 3 -2 2 3 3 2 2 1 1 0 3 
2 1 1 3 0 2 0 -3 3 3 2 1 -3 -2 3 2 
-1 1 2 0 1 1 2 0 1 0 -1 2 3 1 2 0 
0 2 1 1 3 3 2 -3 0 3 2 1 -2 -1 1 0 
-3 -1 2 1 -2 3 1 3 3 -1 3 -3 3 3 -1 0 
33
2
11 1
1 2
3 14
13 13
14
4 13 11
12 11 14
8 2 11
2 6 13
1 5 15
12 4 14
12 7 8
10 2 11
2 4 14
6 13 11
12 9 13
13 10 15
2 11 14
2 8 8
20
3 2
7 4
13 14
14 1
6 3
7 12
12 15
1 9
5 15
0 13
11 13
7 11
1 1
0 14
8 12
7 3
2 0
13 6
9 0
14 2
