20 20
11 -10 11 9 7 -11 3 -3 6 7 4 4 1 1 5 3 9 10 -2 8 
5 9 11 8 -8 0 11 -2 7 -10 5 9 9 9 -11 6 11 -8 4 -10 
8 1 6 1 2 10 6 5 11 6 0 -2 2 -8 -8 8 -2 4 2 -3 
4 5 5 9 -4 9 -9 0 -6 3 8 -11 2 -3 -10 -5 -4 9 5 9 
4 11 -2 4 3 -10 3 9 -4 5 8 3 8 8 4 9 11 5 2 8 
1 8 2 8 10 2 3 0 11 -10 -6 6 7 -10 9 8 0 5 4 3 
-3 5 -8 1 2 -4 -3 -3 4 9 5 5 3 9 1 9 7 9 -7 1 
7 5 6 10 4 6 -4 2 8 5 -3 8 6 6 6 1 6 3 11 -11 
0 11 6 7 6 -1 -1 -10 -4 -4 -2 11 9 8 6 7 4 4 6 0 
0 -9 8 1 5 3 -2 -9 -7 8 -4 6 -1 4 5 7 -9 2 3 0 
0 3 2 -9 7 5 4 -1 6 -4 8 -7 -9 -2 3 5 1 8 -9 0 
0 6 4 4 7 6 8 9 11 -2 -4 -4 -10 -1 -1 6 7 6 11 0 
-11 11 3 6 1 6 6 6 8 -3 5 8 2 -4 6 4 10 6 5 7 
1 -7 9 7 9 1 9 3 5 5 9 4 -3 -3 -4 2 1 -8 5 -3 
3 4 5 0 8 9 -10 7 6 -6 -10 11 0 3 2 10 8 2 8 1 
8 2 5 11 9 4 8 8 3 8 5 -4 9 3 -10 3 4 -2 11 4 
9 5 9 -4 -5 -10 -3 2 -11 8 3 -6 0 -9 9 -4 9 5 5 4 
-3 2 4 -2 8 -8 -8 2 -2 0 6 11 5 6 10 2 1 6 1 8 
-10 4 -8 11 6 -11 9 9 9 5 -10 7 -2 11 0 -8 8 11 9 5 
8 -2 10 9 3 5 1 1 4 4 7 6 -3 3 -11 7 9 11 -10 11 
44
2
11 14
11 18
8 5
8 1
16
14 19 15
14 13 10
7 3 9
19 7 14
13 7 10
6 18 15
19 8 9
2 13 11
5 0 15
5 6 10
12 16 9
0 12 14
6 12 10
13 1 15
0 11 9
17 6 11
0
