17 20
-11 8 13 14 -16 -22 18 8 -15 25 7 11 17 13 25 12 -17 1 4 10 
4 15 11 26 14 7 6 22 -16 4 7 15 -18 -24 -3 7 7 -17 9 13 
-6 2 16 6 5 6 -14 15 -7 5 4 0 14 -12 24 11 14 -17 13 12 
24 25 13 4 15 20 13 8 9 6 12 24 4 14 -4 -8 -18 24 -10 24 
17 5 16 8 -12 0 2 1 11 2 16 13 4 -21 24 11 2 20 25 0 
-21 20 23 17 14 25 18 -1 12 15 10 -26 -6 13 9 -7 0 -10 18 19 
4 26 16 25 16 24 18 -3 26 4 -17 13 -5 -1 4 -25 6 -26 11 -6 
14 -19 18 19 25 2 14 2 23 19 -25 8 7 23 12 1 22 5 3 6 
11 7 -11 2 21 -23 8 0 6 2 2 6 0 8 -23 21 2 -11 7 11 
6 3 5 22 1 12 23 7 8 -25 19 23 2 14 2 25 19 18 -19 14 
-6 11 -26 6 -25 4 -1 -5 13 -17 4 26 -3 18 24 16 25 16 26 4 
19 18 -10 0 -7 9 13 -6 -26 10 15 12 -1 18 25 14 17 23 20 -21 
0 25 20 2 11 24 -21 4 13 16 2 11 1 2 0 -12 8 16 5 17 
24 -10 24 -18 -8 -4 14 4 24 12 6 9 8 13 20 15 4 13 25 24 
12 13 -17 14 11 24 -12 14 0 4 5 -7 15 -14 6 5 6 16 2 -6 
13 9 -17 7 7 -3 -24 -18 15 7 4 -16 22 6 7 14 26 11 15 4 
10 4 1 -17 12 25 13 17 11 7 25 -15 8 18 -22 -16 14 13 8 -11 
36
7
11 18
7 15
16 19
8 11
15 14
12 8
14 7
5 1
9 4
0 0
8 8
1 5
4 11
2 12
14
11 15 12
15 0 12
5 15 13
2 18 11
0 2 15
12 17 9
6 16 15
5 4 12
1 19 12
11 4 13
14 1 11
16 17 15
4 2 9
10 3 15
26
7 19
1 0
6 9
3 9
13 4
6 17
11 9
8 15
0 6
15 17
2 6
0 12
3 10
9 0
15 19
10 10
13 10
3 15
10 2
5 10
8 4
16 13
1 2
14 13
16 7
13 9
