10 19
9 17 15 29 8 -17 -17 25 15 20 11 28 -25 6 3 29 4 23 15 
12 -20 6 25 15 1 24 -18 20 -1 13 9 15 -24 20 3 1 29 26 
6 0 6 29 13 5 13 15 10 5 26 2 25 10 14 7 6 23 15 
10 -12 -19 -2 28 2 -29 25 15 8 13 18 4 10 8 -12 29 8 23 
16 14 20 18 28 1 3 4 -12 4 26 13 23 29 -28 27 26 27 21 
21 27 26 27 -28 29 23 13 26 4 -12 4 3 1 28 18 20 14 16 
23 8 29 -12 8 10 4 18 13 8 15 25 -29 2 28 -2 -19 -12 10 
15 23 6 7 14 10 25 2 26 5 10 15 13 5 13 29 6 0 6 
26 29 1 3 20 -24 15 9 13 -1 20 -18 24 1 15 25 6 -20 12 
15 23 4 29 3 6 -25 28 11 20 15 25 -17 -17 8 29 15 17 9 
45
3
7 17
9 2
8 12
2 1
0 16
1 6
8
1 7 11
6 15 8
6 16 12
1 8 14
8 11 11
3 3 8
3 2 12
8 10 14
18
0 5
4 1
4 16
5 10
6 18
0 12
7 16
9 12
5 18
9 13
5 17
5 2
4 8
3 0
9 6
2 2
0 6
4 0
