16 15
5 4 4 4 1 1 -4 3 0 5 -3 4 2 5 -2 
4 4 5 0 0 5 -3 -5 1 1 5 3 -4 3 4 
0 3 -5 -2 3 3 4 2 5 4 5 3 4 3 2 
0 4 4 0 4 2 0 4 3 5 3 0 3 5 0 
-5 -1 5 4 -3 1 -4 -2 1 2 0 1 4 4 5 
5 3 5 -5 0 -2 0 -5 2 -5 -3 4 3 3 -1 
-2 2 -3 1 -4 4 4 -2 3 -2 3 5 4 3 0 
-4 3 2 -1 4 3 2 -1 2 4 -2 4 -2 4 2 
2 4 -2 4 -2 4 2 -1 2 3 4 -1 2 3 -4 
0 3 4 5 3 -2 3 -2 4 4 -4 1 -3 2 -2 
-1 3 3 4 -3 -5 2 -5 0 -2 0 -5 5 3 5 
5 4 4 1 0 2 1 -2 -4 1 -3 4 5 -1 -5 
0 5 3 0 3 5 3 4 0 2 4 0 4 4 0 
2 3 4 3 5 4 5 2 4 3 3 -2 -5 3 0 
4 3 -4 3 5 1 1 -5 -3 5 0 0 5 4 4 
-2 5 2 4 -3 5 0 3 -4 1 1 4 4 4 5 
49
4
12 0
6 10
3 11
11 10
3 14
9 4
12 3
4 4
20
6 11 14
1 2 8
2 1 12
14 6 15
14 11 16
3 2 10
6 2 13
0 5 15
13 1 16
7 9 16
9 3 14
14 12 8
13 13 12
1 8 15
1 3 16
12 12 10
9 12 13
15 9 15
2 13 16
8 5 16
18
1 14
0 11
9 6
6 1
7 14
2 3
3 13
6 4
4 14
14 0
15 3
6 8
9 13
8 0
13 11
12 1
9 10
11 0
