17 20
4 -6 2 8 -8 3 0 -8 7 -8 -7 3 4 5 5 8 5 -1 -1 3 
7 2 9 3 9 1 7 2 4 -2 -6 3 8 0 -6 -2 2 8 8 0 
9 -4 4 9 5 -7 6 5 2 0 6 2 7 9 6 -4 0 0 5 -6 
2 7 4 4 3 4 5 5 7 5 8 1 3 5 7 3 1 4 8 -2 
3 3 -2 2 0 2 8 9 6 8 1 6 4 4 9 8 9 4 -4 -2 
9 2 9 4 -3 4 5 9 -8 5 8 2 8 1 -3 7 -6 3 7 0 
4 -7 1 7 4 9 1 6 3 8 5 3 6 -2 7 -4 1 1 5 5 
9 2 -4 4 -6 5 3 4 -8 7 -1 -5 6 -2 -2 7 1 0 5 -8 
0 0 4 -2 2 8 9 8 3 2 2 3 8 9 8 2 -2 4 0 0 
-8 5 0 1 7 -2 -2 6 -5 -1 7 -8 4 3 5 -6 4 -4 2 9 
5 5 1 1 -4 7 -2 6 3 5 8 3 6 1 9 4 7 1 -7 4 
0 7 3 -6 7 -3 1 8 2 8 5 -8 9 5 4 -3 4 9 2 9 
-2 -4 4 9 8 9 4 4 6 1 8 6 9 8 2 0 2 -2 3 3 
-2 8 4 1 3 7 5 3 1 8 5 7 5 5 4 3 4 4 7 2 
-6 5 0 0 -4 6 9 7 2 6 0 2 5 6 -7 5 9 4 -4 9 
0 8 8 2 -2 -6 0 8 3 -6 -2 4 2 7 1 9 3 9 2 7 
3 -1 -1 5 8 5 5 4 3 -7 -8 7 -8 0 3 -8 8 2 -6 4 
53
6
9 6
14 0
0 7
2 14
5 19
2 18
7 13
2 19
16 12
14 5
11 0
14 1
18
11 4 9
9 3 12
15 10 13
13 4 12
9 14 16
15 5 12
7 4 14
3 8 10
4 14 16
5 15 9
7 16 12
1 9 13
3 15 12
7 5 16
1 14 12
9 15 14
13 11 10
12 5 16
24
3 2
9 4
3 12
0 8
10 2
0 12
10 17
6 13
13 12
13 2
6 5
15 11
13 17
7 15
13 7
16 11
6 17
16 7
6 2
10 6
3 7
3 17
10 14
1 8
