12 12
12 13 7 -4 10 -15 5 3 8 -1 16 8 
7 -5 18 -10 16 5 -3 -12 14 17 18 15 
12 1 6 10 16 11 3 -4 16 13 4 6 
3 5 4 15 18 -4 1 9 15 15 3 -5 
6 -2 10 6 15 -14 4 -14 -10 11 9 8 
17 10 16 2 14 1 -12 7 3 4 -5 4 
4 -5 4 3 7 -12 1 14 2 16 10 17 
8 9 11 -10 -14 4 -14 15 6 10 -2 6 
-5 3 15 15 9 1 -4 18 15 4 5 3 
6 4 13 16 -4 3 11 16 10 6 1 12 
15 18 17 14 -12 -3 5 16 -10 18 -5 7 
8 16 -1 8 3 5 -15 10 -4 7 13 12 
45
3
3 6
4 11
2 1
8 5
7 0
9 10
16
10 9 11
10 0 12
8 7 9
5 4 9
7 10 9
1 9 12
3 1 16
8 11 8
1 2 11
1 11 12
3 4 9
6 7 9
4 1 9
10 2 12
8 10 16
3 0 8
10
7 4
10 6
4 9
0 4
11 5
4 7
1 5
7 2
11 7
0 6
