14 18
2 19 -12 11 1 13 18 12 -6 5 10 9 16 4 -8 -17 8 18 
10 12 -12 7 -17 3 -3 8 14 16 3 13 16 13 11 10 -9 3 
3 -4 14 18 -4 -17 18 7 9 6 -14 12 14 17 -14 -11 17 15 
11 -9 14 17 3 -19 1 -20 -15 14 8 3 -11 7 1 11 -11 2 
-10 6 -19 18 19 9 -6 18 18 12 16 5 -10 8 4 -6 2 10 
9 -2 20 6 -10 -12 19 7 6 3 -16 14 16 -13 7 11 17 -2 
-12 2 8 20 5 -20 19 5 8 4 9 10 12 7 -5 -5 14 13 
13 14 -5 -5 7 12 10 9 4 8 5 19 -20 5 20 8 2 -12 
-2 17 11 7 -13 16 14 -16 3 6 7 19 -12 -10 6 20 -2 9 
10 2 -6 4 8 -10 5 16 12 18 18 -6 9 19 18 -19 6 -10 
2 -11 11 1 7 -11 3 8 14 -15 -20 1 -19 3 17 14 -9 11 
15 17 -11 -14 17 14 12 -14 6 9 7 18 -17 -4 18 14 -4 3 
3 -9 10 11 13 16 13 3 16 14 8 -3 3 -17 7 -12 12 10 
18 8 -17 -8 4 16 9 10 5 -6 12 18 13 1 11 -12 19 2 
37
4
5 17
7 1
13 8
11 1
8 0
6 16
0 9
2 16
6
7 15 10
13 6 16
0 8 15
6 2 10
0 11 16
13 9 15
18
7 5
9 4
12 14
13 15
11 10
6 13
1 16
8 1
11 7
6 12
4 13
1 3
0 2
2 7
7 4
12 1
5 16
2 10
