20 20
2 5 7 -6 10 9 2 6 4 -1 -5 5 10 6 8 5 9 -2 0 11 
0 7 -1 1 7 -4 2 7 9 -7 3 11 8 1 7 11 9 3 2 6 
-7 0 8 11 -4 -3 8 4 -3 9 -8 5 11 1 3 4 -6 6 4 5 
1 11 4 -4 7 7 10 9 9 6 8 11 11 11 7 0 -2 0 2 4 
-9 -5 9 -11 10 11 1 9 1 4 7 -4 11 -8 3 2 -7 9 5 8 
-8 11 -5 -5 6 5 -8 -9 5 -7 11 8 8 0 9 9 5 2 5 7 
6 9 3 5 1 9 4 0 7 8 -2 8 -5 3 4 10 -4 4 5 8 
-5 8 6 -5 3 9 8 2 10 -11 9 6 8 7 4 -2 11 1 4 0 
11 10 2 3 9 5 -9 4 4 -1 4 6 8 3 1 -7 6 9 -7 -3 
9 10 -5 -4 -1 -1 -9 11 9 11 1 7 8 3 11 7 0 7 0 -11 
-11 0 7 0 7 11 3 8 7 1 11 9 11 -9 -1 -1 -4 -5 10 9 
-3 -7 9 6 -7 1 3 8 6 4 -1 4 4 -9 5 9 3 2 10 11 
0 4 1 11 -2 4 7 8 6 9 -11 10 2 8 9 3 -5 6 8 -5 
8 5 4 -4 10 4 3 -5 8 -2 8 7 0 4 9 1 5 3 9 6 
7 5 2 5 9 9 0 8 8 11 -7 5 -9 -8 5 6 -5 -5 11 -8 
8 5 9 -7 2 3 -8 11 -4 7 4 1 9 1 11 10 -11 9 -5 -9 
4 2 0 -2 0 7 11 11 11 8 6 9 9 10 7 7 -4 4 11 1 
5 4 6 -6 4 3 1 11 5 -8 9 -3 4 8 -3 -4 11 8 0 -7 
6 2 3 9 11 7 1 8 11 3 -7 9 7 2 -4 7 1 -1 7 0 
11 0 -2 9 5 8 6 10 5 -5 -1 4 6 2 9 10 -6 7 5 2 
34
8
15 1
3 17
11 19
15 14
5 4
15 8
3 14
13 3
4 18
16 2
8 0
4 5
14 15
4 11
16 5
6 16
18
12 19 14
9 0 12
16 9 16
9 19 14
3 2 12
19 5 14
17 1 14
16 1 13
19 6 14
7 0 14
10 19 12
3 10 16
10 0 14
16 17 12
0 14 14
2 18 14
3 18 13
0 13 14
0
