18 10
0 -1 -7 1 -8 8 -1 8 4 8 
2 5 7 0 2 -2 8 -1 2 7 
0 1 -6 7 -7 8 7 -4 0 7 
-4 6 8 5 0 4 7 7 2 2 
1 1 5 2 4 5 3 4 -1 7 
4 3 5 3 4 5 -5 1 7 7 
8 2 7 -1 6 -6 2 5 -7 8 
5 -4 -8 0 -3 -8 4 4 2 2 
8 -2 -5 0 -5 4 5 6 -4 -8 
-8 -4 6 5 4 -5 0 -5 -2 8 
2 2 4 4 -8 -3 0 -8 -4 5 
8 -7 5 2 -6 6 -1 7 2 8 
7 7 1 -5 5 4 3 5 3 4 
7 -1 4 3 5 4 2 5 1 1 
2 2 7 7 4 0 5 8 6 -4 
7 0 -4 7 8 -7 7 -6 1 0 
7 2 -1 8 -2 2 0 7 5 2 
8 4 8 -1 8 -8 1 -7 -1 0 
45
3
13 1
8 9
12 2
4 8
9 0
5 7
20
0 1 8
1 2 8
1 8 12
4 6 10
2 4 8
9 6 15
14 4 12
9 4 16
8 0 15
2 8 15
17 8 8
16 7 8
16 1 12
13 3 10
15 5 8
8 3 15
3 5 12
8 5 16
9 9 15
15 1 15
12
11 9
2 5
13 5
10 8
13 0
1 9
6 0
15 4
4 4
7 1
4 9
16 0
