18 13
-3 -10 3 5 1 9 -10 10 1 9 1 6 -10 
5 2 -9 9 2 5 5 -4 4 10 0 -2 10 
10 -7 7 5 9 10 6 4 7 1 5 8 8 
6 -5 -8 5 1 6 0 8 2 9 -3 7 10 
0 8 -10 1 7 -2 -8 1 2 5 9 -3 0 
4 10 7 5 4 5 2 -7 2 2 10 8 5 
-3 3 8 0 8 5 4 -1 6 8 -5 -9 3 
5 10 7 -8 3 1 4 0 9 0 10 6 2 
6 -6 9 9 -2 8 9 3 -10 3 0 -6 4 
4 -6 0 3 -10 3 9 8 -2 9 9 -6 6 
2 6 10 0 9 0 4 1 3 -8 7 10 5 
3 -9 -5 8 6 -1 4 5 8 0 8 3 -3 
5 8 10 2 2 -7 2 5 4 5 7 10 4 
0 -3 9 5 2 1 -8 -2 7 1 -10 8 0 
10 7 -3 9 2 8 0 6 1 5 -8 -5 6 
8 8 5 1 7 4 6 10 9 5 7 -7 10 
10 -2 0 10 4 -4 5 5 2 9 -9 2 5 
-10 6 1 9 1 10 -10 9 1 5 3 -10 -3 
49
2
15 8
11 12
2 4
6 0
18
3 1 15
3 9 10
6 9 16
5 4 10
1 3 13
0 3 8
2 9 8
11 9 8
10 4 15
14 11 15
14 3 10
11 3 16
12 8 10
16 9 13
17 9 8
15 3 8
6 3 8
7 8 15
14
10 11
12 10
7 0
0 9
8 4
17 8
2 10
7 1
5 2
10 12
17 3
9 8
0 4
15 2
