17 12
4 5 3 -4 2 0 5 0 3 3 4 2 
1 3 4 -3 -3 -1 4 2 2 4 3 -2 
-1 4 -1 -5 1 5 -4 3 2 4 -5 -1 
3 3 -2 1 4 0 5 2 5 -1 4 5 
3 5 4 2 4 -4 4 -5 4 4 1 2 
3 0 -1 1 3 3 -3 0 1 3 1 3 
5 2 -4 3 2 -3 5 2 0 3 4 -3 
5 1 0 3 3 5 2 -3 0 5 5 2 
5 2 5 0 1 0 0 1 0 5 2 5 
2 5 5 0 -3 2 5 3 3 0 1 5 
-3 4 3 0 2 5 -3 2 3 -4 2 5 
3 1 3 1 0 -3 3 3 1 -1 0 3 
2 1 4 4 -5 4 -4 4 2 4 5 3 
5 4 -1 5 2 5 0 4 1 -2 3 3 
-1 -5 4 2 3 -4 5 1 -5 -1 4 -1 
-2 3 4 2 2 4 -1 -3 -3 4 3 1 
2 4 3 3 0 5 0 2 -4 3 5 4 
40
3
11 2
4 2
2 11
5 9
12 9
14 0
16
1 3 8
2 7 8
4 9 10
7 2 13
9 11 14
10 0 14
16 11 15
0 4 11
15 8 8
14 4 8
12 2 10
9 9 13
7 0 14
6 11 14
0 0 15
16 7 11
16
6 10
8 3
14 9
8 2
7 4
1 6
6 5
1 7
10 1
8 8
2 2
8 9
9 7
15 5
10 6
15 4
