10 15
10 -3 4 -1 -6 -11 3 7 -1 6 6 5 -2 4 4 
11 -6 7 8 10 10 -10 5 1 7 4 7 2 -1 -3 
4 11 8 3 0 3 0 -2 0 1 2 -3 -10 -1 3 
11 6 -7 4 10 3 2 9 8 8 5 6 10 2 9 
7 -7 2 11 2 1 -11 -7 -10 -5 8 5 6 4 7 
7 4 6 5 8 -5 -10 -7 -11 1 2 11 2 -7 7 
9 2 10 6 5 8 8 9 2 3 10 4 -7 6 11 
3 -1 -10 -3 2 1 0 -2 0 3 0 3 8 11 4 
-3 -1 2 7 4 7 1 5 -10 10 10 8 7 -6 11 
4 4 -2 5 6 6 -1 7 3 -11 -6 -1 4 -3 10 
45
7
5 11
8 6
0 5
9 10
6 7
5 7
8 14
4 3
1 8
9 9
0 4
3 7
4 7
1 0
10
2 12 15
5 14 16
4 1 12
3 11 10
8 5 11
7 2 15
4 0 16
5 13 12
6 3 10
1 9 11
12
8 10
6 2
3 6
3 2
0 11
5 10
1 4
3 12
6 8
6 12
9 3
4 4
