20 11
8 6 5 2 4 7 1 -3 6 6 7 
6 3 0 8 3 5 1 2 -8 0 5 
6 7 1 -1 -4 7 3 6 2 7 8 
-6 -5 3 4 6 1 7 5 4 4 6 
-4 0 -8 2 0 3 8 2 -7 -4 -5 
-5 5 7 -8 3 6 4 2 4 3 6 
8 1 8 7 5 6 8 5 -3 5 4 
6 3 8 5 6 8 3 2 -1 -6 7 
2 -7 -8 8 3 1 -1 4 6 3 -2 
8 0 3 7 -6 -4 2 6 1 -7 2 
2 -7 1 6 2 -4 -6 7 3 0 8 
-2 3 6 4 -1 1 3 8 -8 -7 2 
7 -6 -1 2 3 8 6 5 8 3 6 
4 5 -3 5 8 6 5 7 8 1 8 
6 3 4 2 4 6 3 -8 7 5 -5 
-5 -4 -7 2 8 3 0 2 -8 0 -4 
6 4 4 5 7 1 6 4 3 -5 -6 
8 7 2 6 3 7 -4 -1 1 7 6 
5 0 -8 2 1 5 3 8 0 3 6 
7 6 6 -3 1 7 4 2 5 6 8 
41
4
9 7
6 8
6 2
15 10
10 3
13 2
13 8
4 0
16
17 5 15
17 1 14
12 10 12
11 7 11
0 6 11
7 6 9
6 3 10
1 2 16
2 5 15
2 9 14
7 0 12
8 3 11
19 4 11
12 4 9
13 7 10
18 8 16
22
17 3
18 5
14 8
0 5
8 1
4 2
17 4
13 10
7 8
3 2
8 2
2 7
1 5
5 2
19 5
11 9
15 8
2 6
6 0
12 2
16 8
11 8
