19 13
0 14 8 -5 7 15 13 -10 15 4 6 -16 -11 
3 15 16 7 1 7 11 3 7 -14 7 14 6 
-14 -15 2 0 2 15 10 3 10 -12 15 -14 11 
6 -10 12 6 -14 9 -7 6 4 6 -6 14 3 
11 10 5 12 4 14 2 -4 2 7 14 10 -4 
8 5 2 16 1 9 15 -8 10 6 8 10 -3 
-11 -7 4 -6 16 10 10 0 6 5 10 -12 14 
16 0 11 7 12 7 9 -12 8 15 -7 11 16 
12 5 13 -5 -2 13 10 15 -13 -6 6 1 13 
-10 14 -11 -6 -9 12 6 12 -9 -6 -11 14 -10 
13 1 6 -6 -13 15 10 13 -2 -5 13 5 12 
16 11 -7 15 8 -12 9 7 12 7 11 0 16 
14 -12 10 5 6 0 10 10 16 -6 4 -7 -11 
-3 10 8 6 10 -8 15 9 1 16 2 5 8 
-4 10 14 7 2 -4 2 14 4 12 5 10 11 
3 14 -6 6 4 6 -7 9 -14 6 12 -10 6 
11 -14 15 -12 10 3 10 15 2 0 2 -15 -14 
6 14 7 -14 7 3 11 7 1 7 16 15 3 
-11 -16 6 4 15 -10 13 15 7 -5 8 14 0 
51
6
18 11
1 7
8 4
3 1
0 5
12 5
0 1
17 5
10 8
15 11
18 7
6 7
6
13 7 10
16 10 15
14 0 11
5 5 10
2 2 15
4 12 11
22
14 2
2 3
1 9
12 2
11 12
8 10
6 4
10 0
16 4
8 7
12 6
4 10
16 9
17 3
6 10
7 0
10 2
12 8
8 12
2 8
10 5
6 6
