17 20
-1 1 0 2 2 5 2 -4 5 0 4 3 2 5 3 3 1 5 3 2 
1 -2 -1 3 -4 0 4 5 -4 5 0 2 -2 -4 -2 1 5 2 -2 5 
-4 4 -1 4 3 3 5 4 -3 2 -3 5 4 2 2 -4 3 -3 -1 2 
5 -3 4 5 5 -4 4 5 1 3 -3 5 2 0 0 1 3 -1 0 -5 
0 2 3 -4 1 -1 5 0 5 4 2 5 2 3 -2 2 5 2 -1 0 
3 1 1 2 -4 3 1 0 0 4 4 4 -1 3 0 5 4 4 0 1 
3 3 4 -4 5 1 0 1 2 1 1 0 -2 5 -5 4 2 -5 3 3 
2 5 -5 3 2 5 -4 1 4 -2 5 4 4 1 1 0 0 -3 4 4 
-2 -2 0 5 5 -2 -4 5 1 3 3 1 5 -4 -2 5 5 0 -2 -2 
4 4 -3 0 0 1 1 4 4 5 -2 4 1 -4 5 2 3 -5 5 2 
3 3 -5 2 4 -5 5 -2 0 1 1 2 1 0 1 5 -4 4 3 3 
1 0 4 4 5 0 3 -1 4 4 4 0 0 1 3 -4 2 1 1 3 
0 -1 2 5 2 -2 3 2 5 2 4 5 0 5 -1 1 -4 3 2 0 
-5 0 -1 3 1 0 0 2 5 -3 3 1 5 4 -4 5 5 4 -3 5 
2 -1 -3 3 -4 2 2 4 5 -3 2 -3 4 5 3 3 4 -1 4 -4 
5 -2 2 5 1 -2 -4 -2 2 0 5 -4 5 4 0 -4 3 -1 -2 1 
2 3 5 1 3 3 5 2 3 4 0 5 -4 2 5 2 2 0 1 -1 
42
7
1 19
12 16
4 14
9 12
11 0
5 8
5 16
15 0
4 3
12 5
7 7
5 19
11 11
11 3
18
1 5 14
14 10 14
1 9 11
0 14 13
12 4 13
13 1 16
11 19 16
7 4 9
4 11 13
15 14 14
2 9 14
15 10 11
16 5 13
4 15 13
3 18 16
5 0 16
9 15 9
12 8 13
34
12 11
0 5
8 18
2 19
9 6
9 2
1 18
11 2
13 14
14 13
12 10
4 1
7 15
14 12
2 18
1 3
0 13
4 8
16 14
8 1
14 0
7 13
7 17
15 1
5 17
3 5
2 6
4 9
12 18
9 4
2 7
14 1
15 16
16 6
