20 20
5 6 -7 12 9 -5 -3 -8 6 -8 12 3 1 10 1 6 -5 5 5 7 
10 4 9 11 5 3 8 -2 -7 6 10 2 0 -6 4 2 9 7 10 7 
0 6 12 -7 11 11 -11 4 11 -10 -2 9 6 9 -6 8 2 10 1 9 
5 -6 -8 -4 0 0 11 8 8 8 5 8 4 6 12 2 9 1 4 -4 
2 3 -4 1 2 3 4 -4 0 -5 3 3 2 6 0 2 3 3 5 -7 
4 9 8 -8 1 -6 9 5 -5 -6 2 -7 9 -7 6 8 -2 1 8 0 
1 2 4 1 6 -7 -3 11 0 8 6 -10 4 1 -9 5 12 3 11 -6 
4 3 1 1 8 8 8 -8 7 2 3 5 6 -8 1 -3 7 0 6 4 
11 8 11 1 4 1 1 4 3 6 10 -10 0 0 -6 -11 -9 2 7 1 
7 -3 -12 2 10 12 4 12 -1 11 12 1 7 6 -9 11 3 5 11 1 
1 11 5 3 11 -9 6 7 1 12 11 -1 12 4 12 10 2 -12 -3 7 
1 7 2 -9 -11 -6 0 0 -10 10 6 3 4 1 1 4 1 11 8 11 
4 6 0 7 -3 1 -8 6 5 3 2 7 -8 8 8 8 1 1 3 4 
-6 11 3 12 5 -9 1 4 -10 6 8 0 11 -3 -7 6 1 4 2 1 
0 8 1 -2 8 6 -7 9 -7 2 -6 -5 5 9 -6 1 -8 8 9 4 
-7 5 3 3 2 0 6 2 3 3 -5 0 -4 4 3 2 1 -4 3 2 
-4 4 1 9 2 12 6 4 8 5 8 8 8 11 0 0 -4 -8 -6 5 
9 1 10 2 8 -6 9 6 9 -2 -10 11 4 -11 11 11 -7 12 6 0 
7 10 7 9 2 4 -6 0 2 10 6 -7 -2 8 3 5 11 9 4 10 
7 5 5 -5 6 1 10 1 3 12 -8 6 -8 -3 -5 9 12 -7 6 5 
55
4
14 9
0 4
2 9
0 18
5 10
19 15
17 10
19 1
20
3 4 14
4 5 16
3 18 15
5 18 13
12 18 8
11 15 13
10 4 15
12 1 9
8 9 16
19 6 9
16 15 14
15 14 16
16 1 15
14 1 13
7 1 8
8 4 13
9 15 15
7 18 9
11 10 16
0 13 9
0
