20 20
6 -5 2 6 4 6 6 4 9 4 8 3 -9 9 -6 3 7 4 8 1 
9 -8 5 9 1 4 5 3 7 -4 -7 4 -7 -7 0 0 -2 0 9 4 
-9 1 -6 2 6 -3 -6 3 -9 -4 3 6 5 4 1 6 4 -1 -3 7 
-5 8 3 9 -2 9 3 8 2 -7 3 -5 4 -2 1 9 2 9 7 8 
8 -3 0 4 7 0 -5 -1 2 -3 1 9 8 1 9 3 -8 -4 5 -9 
3 -5 0 5 0 6 6 1 9 -8 -3 5 3 7 7 -9 8 2 7 3 
3 4 7 5 -9 9 9 5 5 4 6 4 3 9 5 7 8 6 3 2 
1 0 -3 0 2 7 4 -6 5 1 7 2 6 5 8 0 9 9 4 1 
5 0 1 1 -5 -9 -5 8 9 4 5 7 -2 0 5 4 -7 -3 4 9 
-5 -3 -3 5 5 6 5 8 7 -4 -6 -9 -9 -4 7 1 9 -3 -8 0 
0 -8 -3 9 1 7 -4 -9 -9 -6 -4 7 8 5 6 5 5 -3 -3 -5 
9 4 -3 -7 4 5 0 -2 7 5 4 9 8 -5 -9 -5 1 1 0 5 
1 4 9 9 0 8 5 6 2 7 1 5 -6 4 7 2 0 -3 0 1 
2 3 6 8 7 5 9 3 4 6 4 5 5 9 9 -9 5 7 4 3 
3 7 2 8 -9 7 7 3 5 -3 -8 9 1 6 6 0 5 0 -5 3 
-9 5 -4 -8 3 9 1 8 9 1 -3 2 -1 -5 0 7 4 0 -3 8 
8 7 9 2 9 1 -2 4 -5 3 -7 2 8 3 9 -2 9 3 8 -5 
7 -3 -1 4 6 1 4 5 6 3 -4 -9 3 -6 -3 6 2 -6 1 -9 
4 9 0 -2 0 0 -7 -7 4 -7 -4 7 3 5 4 1 9 5 -8 9 
1 8 4 7 3 -6 9 -9 3 8 4 9 4 6 6 4 6 2 -5 6 
30
2
14 13
9 10
5 6
10 9
18
7 9 14
0 3 10
0 13 11
7 5 14
12 5 14
12 3 10
9 0 14
15 8 10
15 7 15
12 10 14
19 16 10
19 6 11
12 14 14
7 14 14
7 16 10
10 19 14
4 11 10
4 12 15
0
