20 20
6 7 1 -9 -3 8 9 -4 -8 3 8 6 2 6 -8 -1 3 7 1 5 
0 -3 -6 -8 2 4 2 9 11 11 -7 -6 -6 -3 10 9 9 -6 9 -6 
7 10 7 1 1 1 8 5 -6 10 5 -6 4 0 1 4 -6 4 5 3 
4 10 -11 8 1 -7 5 11 -6 6 -2 8 3 -7 7 5 -4 8 -9 5 
1 7 1 -5 -8 7 10 10 -2 10 8 11 2 -10 8 5 -4 6 5 5 
2 8 2 10 6 7 -6 -2 6 3 2 8 11 9 5 6 10 6 3 8 
-6 -10 8 2 5 1 11 6 6 4 8 8 2 2 10 9 8 4 2 -2 
8 -6 10 5 10 -3 7 9 6 7 -1 11 9 1 0 6 7 -10 9 -8 
9 7 6 4 8 -6 10 -3 3 -1 2 4 4 10 11 1 9 7 8 8 
6 3 1 10 9 4 1 11 9 4 -2 2 9 3 5 3 1 9 11 6 
6 11 9 1 3 5 3 9 2 -2 4 9 11 1 4 9 10 1 3 6 
8 8 7 9 1 11 10 4 4 2 -1 3 -3 10 -6 8 4 6 7 9 
-8 9 -10 7 6 0 1 9 11 -1 7 6 9 7 -3 10 5 10 -6 8 
-2 2 4 8 9 10 2 2 8 8 4 6 6 11 1 5 2 8 -10 -6 
8 3 6 10 6 5 9 11 8 2 3 6 -2 -6 7 6 10 2 8 2 
5 5 6 -4 5 8 -10 2 11 8 10 -2 10 10 7 -8 -5 1 7 1 
5 -9 8 -4 5 7 -7 3 8 -2 6 -6 11 5 -7 1 8 -11 10 4 
3 5 4 -6 4 1 0 4 -6 5 10 -6 5 8 1 1 1 7 10 7 
-6 9 -6 9 9 10 -3 -6 -6 -7 11 11 9 2 4 2 -8 -6 -3 0 
5 1 7 3 -1 -8 6 2 6 8 3 -8 -4 9 8 -3 -9 1 7 6 
60
8
15 5
14 2
8 10
7 0
3 4
18 6
4 13
16 7
4 14
5 17
11 9
12 19
16 15
1 13
15 6
3 12
12
6 2 10
16 17 9
0 10 9
4 8 16
3 17 15
7 16 13
13 17 10
3 2 9
19 9 9
15 11 16
16 2 15
12 3 13
0
