14 11
6 2 10 10 -9 7 -5 2 2 -4 3 
2 2 -2 9 -10 5 8 4 6 3 1 
2 1 8 4 6 10 -5 9 -10 -1 4 
0 -4 10 0 9 8 3 6 1 6 9 
-4 8 7 5 -10 10 -3 4 4 1 5 
3 -2 8 3 -1 -9 3 -9 8 10 10 
2 8 -3 -1 7 1 -8 9 10 -1 -9 
-9 -1 10 9 -8 1 7 -1 -3 8 2 
10 10 8 -9 3 -9 -1 3 8 -2 3 
5 1 4 4 -3 10 -10 5 7 8 -4 
9 6 1 6 3 8 9 0 10 -4 0 
4 -1 -10 9 -5 10 6 4 8 1 2 
1 3 6 4 8 5 -10 9 -2 2 2 
3 -4 2 2 -5 7 -9 10 10 2 6 
58
5
8 10
1 5
1 9
3 2
4 9
5 0
12 5
12 1
10 8
9 1
6
13 4 15
8 9 16
6 3 13
0 6 15
5 1 16
7 7 13
10
9 3
2 7
2 1
11 1
0 4
4 7
11 3
11 9
2 9
13 6
