20 20
8 10 4 -7 -5 8 10 2 5 -2 8 10 11 -12 -5 12 7 5 10 4 
12 -7 2 9 12 11 5 12 1 -1 -10 -4 5 -12 9 3 -7 -5 12 8 
10 11 8 5 -10 8 -2 -2 9 8 -5 -7 5 -4 6 7 5 3 12 3 
2 12 11 3 8 9 2 2 -4 8 12 7 7 0 12 2 9 2 10 -10 
5 3 11 -4 10 4 2 7 -2 -9 1 8 8 -1 6 10 6 10 5 4 
1 3 5 -12 1 -9 3 4 10 -2 10 3 7 -12 3 4 5 -5 11 4 
2 7 -6 8 7 -4 3 -10 0 6 9 12 1 -6 6 12 7 1 7 2 
3 -7 3 10 11 -12 12 0 5 7 4 3 4 -5 6 1 1 6 -7 9 
-8 3 5 0 3 4 -2 12 -6 0 2 6 0 9 5 10 7 4 9 1 
6 9 7 7 12 11 3 8 0 1 0 3 5 3 -12 11 -6 9 -11 2 
2 -11 9 -6 11 -12 3 5 3 0 1 0 8 3 11 12 7 7 9 6 
1 9 4 7 10 5 9 0 6 2 0 -6 12 -2 4 3 0 5 3 -8 
9 -7 6 1 1 6 -5 4 3 4 7 5 0 12 -12 11 10 3 -7 3 
2 7 1 7 12 6 -6 1 12 9 6 0 -10 3 -4 7 8 -6 7 2 
4 11 -5 5 4 3 -12 7 3 10 -2 10 4 3 -9 1 -12 5 3 1 
4 5 10 6 10 6 -1 8 8 1 -9 -2 7 2 4 10 -4 11 3 5 
-10 10 2 9 2 12 0 7 7 12 8 -4 2 2 9 8 3 11 12 2 
3 12 3 5 7 6 -4 5 -7 -5 8 9 -2 -2 8 -10 5 8 11 10 
8 12 -5 -7 3 9 -12 5 -4 -10 -1 1 12 5 11 12 9 2 -7 12 
4 10 5 7 12 -5 -12 11 10 8 -2 5 2 10 8 -5 -7 4 10 8 
34
3
11 6
11 15
15 18
8 13
8 4
4 1
20
6 4 11
2 0 15
13 9 12
3 14 10
10 14 12
15 7 13
2 16 11
3 11 14
15 3 12
16 10 16
13 15 11
17 19 15
6 10 12
16 5 10
9 5 12
4 12 13
17 3 11
16 8 14
4 16 12
3 9 16
0
