13 13
-3 -7 5 5 7 3 4 8 4 0 3 3 7 
2 2 3 8 8 0 6 4 0 4 -7 -7 7 
2 2 1 4 1 -3 -2 -6 2 -6 5 4 -5 
2 -4 2 -2 5 2 -8 -3 2 -7 7 -1 -4 
-5 -7 0 2 6 -7 2 3 4 7 -1 1 2 
5 4 5 8 3 -7 5 2 -3 -2 -4 6 3 
6 -5 8 -4 6 8 5 8 6 -4 8 -5 6 
3 6 -4 -2 -3 2 5 -7 3 8 5 4 5 
2 1 -1 7 4 3 2 -7 6 2 0 -7 -5 
-4 -1 7 -7 2 -3 -8 2 5 -2 2 -4 2 
-5 4 5 -6 2 -6 -2 -3 1 4 1 2 2 
7 -7 -7 4 0 4 6 0 8 8 3 2 2 
7 3 3 0 4 8 4 3 7 5 5 -7 -3 
41
5
6 10
12 5
9 5
12 6
12 2
6 2
0 7
3 7
0 6
0 10
16
11 12 14
9 7 9
0 8 13
8 7 10
4 7 8
9 10 13
5 3 11
1 6 13
1 0 14
3 5 9
12 4 13
4 5 10
8 5 8
3 2 13
7 9 11
11 6 13
16
6 11
5 0
9 3
8 1
8 0
2 7
11 1
3 6
6 1
7 12
3 9
4 11
4 12
10 5
1 11
9 6
