20 20
2 3 3 0 -3 2 2 3 1 3 -2 1 3 2 -2 1 1 0 -3 3 
2 2 0 2 1 2 2 1 -3 -3 2 2 -3 2 0 2 -1 2 3 -2 
2 3 3 -1 1 1 0 3 2 1 2 3 -1 -1 2 2 1 2 1 -1 
-1 0 3 -3 -1 -2 2 0 2 1 -3 -3 0 -3 0 0 2 1 2 2 
1 3 1 3 3 3 -1 3 2 3 1 0 -1 1 2 -1 0 3 3 -1 
1 1 2 -3 2 3 2 1 -1 -1 2 -1 2 -2 -3 -2 3 3 2 2 
2 0 3 2 3 3 1 1 -2 1 0 1 1 0 -2 0 -1 -1 -3 3 
3 3 1 1 2 2 3 -3 1 -3 -3 1 3 0 3 -1 -3 3 1 1 
2 -1 2 2 0 1 3 -2 0 2 1 1 -2 3 -3 2 1 1 -3 2 
-3 3 0 -3 -2 -3 3 -1 1 2 1 3 0 0 3 -3 -1 0 -1 2 
2 -1 0 -1 -3 3 0 0 3 1 2 1 -1 3 -3 -2 -3 0 3 -3 
2 -3 1 1 2 -3 3 -2 1 1 2 0 -2 3 1 0 2 2 -1 2 
1 1 3 -3 -1 3 0 3 1 -3 -3 1 -3 3 2 2 1 1 3 3 
3 -3 -1 -1 0 -2 0 1 1 0 1 -2 1 1 3 3 2 3 0 2 
2 2 3 3 -2 -3 -2 2 -1 2 -1 -1 1 2 3 2 -3 2 1 1 
-1 3 3 0 -1 2 1 -1 0 1 3 2 3 -1 3 3 3 1 3 1 
2 2 1 2 0 0 -3 0 -3 -3 1 2 0 2 -2 -1 -3 3 0 -1 
-1 1 2 1 2 2 -1 -1 3 2 1 2 3 0 1 1 -1 3 3 2 
-2 3 2 -1 2 0 2 -3 2 2 -3 -3 1 2 2 1 2 0 2 2 
3 -3 0 1 1 -2 2 3 1 -2 3 1 3 2 2 -3 0 3 3 2 
44
3
3 2
0 2
5 14
16 17
19 17
14 5
18
3 5 8
0 6 9
1 14 14
0 19 10
16 5 9
3 4 8
10 5 16
1 9 11
15 13 10
16 14 8
19 13 9
18 5 14
19 0 10
3 14 9
16 15 8
9 14 16
18 10 11
4 6 10
0
