20 20
2 2 2 -2 0 -1 2 -4 -2 1 -4 1 2 2 -1 1 2 3 2 -3 
-1 0 1 4 -4 2 1 1 -1 0 0 -2 -3 3 2 2 0 -3 2 0 
2 -2 4 4 3 0 -2 -2 2 0 2 1 -3 1 4 1 2 2 -2 2 
-4 -2 4 2 -2 1 0 4 -2 -2 2 1 -4 -1 0 3 1 0 2 1 
1 3 1 1 2 1 4 2 3 3 4 -3 0 3 2 4 4 4 2 2 
1 2 -3 3 0 4 1 -1 4 0 1 2 -4 -1 3 1 1 3 2 0 
4 2 3 3 3 1 -1 -4 -4 0 4 4 -4 2 2 -4 -3 2 -2 0 
3 4 -2 3 1 4 0 -2 -2 2 0 1 3 1 1 2 -3 4 -4 0 
3 1 4 3 -4 2 0 3 -2 2 0 0 3 4 4 3 2 -2 0 4 
-3 0 -4 1 2 -1 3 1 3 -1 0 -2 3 1 -3 2 1 0 4 4 
4 4 0 1 2 -3 1 3 -2 0 -1 3 1 3 -1 2 1 -4 0 -3 
4 0 -2 2 3 4 4 3 0 0 2 -2 3 0 2 -4 3 4 1 3 
0 -4 4 -3 2 1 1 3 1 0 2 -2 -2 0 4 1 3 -2 4 3 
0 -2 2 -3 -4 2 2 -4 4 4 0 -4 -4 -1 1 3 3 3 2 4 
0 2 3 1 1 3 -1 -4 2 1 0 4 -1 1 4 0 3 -3 2 1 
2 2 4 4 4 2 3 0 -3 4 3 3 2 4 1 2 1 1 3 1 
1 2 0 1 3 0 -1 -4 1 2 -2 -2 4 0 1 -2 2 4 -2 -4 
2 -2 2 2 1 4 1 -3 1 2 0 2 -2 -2 0 3 4 4 -2 2 
0 2 -3 0 2 2 3 -3 -2 0 0 -1 1 1 2 -4 4 1 0 -1 
-3 2 3 2 1 -1 2 2 1 -4 1 -2 -4 2 -1 0 -2 2 2 2 
39
6
5 16
15 12
9 1
19 11
16 17
15 16
14 3
4 7
10 18
0 8
3 2
4 3
20
6 16 12
15 14 16
11 15 12
4 19 16
14 19 9
15 9 12
12 1 11
11 10 10
8 3 13
14 11 9
13 3 12
4 5 16
8 4 12
15 0 16
5 0 9
4 10 12
7 18 11
8 9 10
11 16 13
5 8 9
0
