20 18
10 11 8 3 15 5 -2 0 3 12 -7 1 10 5 5 12 -5 4 
14 6 1 2 13 -9 -11 -5 7 12 -8 8 11 -12 5 -11 14 7 
4 0 -9 13 4 -6 1 12 1 15 3 14 -5 11 -6 12 -8 9 
4 -14 9 5 -14 -8 10 3 12 -8 13 -14 15 4 2 -7 8 7 
15 2 -10 -14 10 9 8 10 -8 9 -15 4 14 8 15 0 9 4 
2 7 10 6 0 0 9 -13 15 -4 -6 -2 -5 5 8 5 13 4 
13 13 8 -8 -3 -6 2 10 7 -9 -4 9 6 2 4 14 1 1 
9 -12 7 10 8 13 -11 -14 13 -11 -4 15 0 -11 4 11 15 12 
-13 -10 -4 -6 -8 -7 5 12 13 12 11 6 2 4 7 15 1 12 
-7 4 11 7 7 15 6 1 -15 4 6 5 11 3 9 -9 15 -15 
-15 15 -9 9 3 11 5 6 4 -15 1 6 15 7 7 11 4 -7 
12 1 15 7 4 2 6 11 12 13 12 5 -7 -8 -6 -4 -10 -13 
12 15 11 4 -11 0 15 -4 -11 13 -14 -11 13 8 10 7 -12 9 
1 1 14 4 2 6 9 -4 -9 7 10 2 -6 -3 -8 8 13 13 
4 13 5 8 5 -5 -2 -6 -4 15 -13 9 0 0 6 10 7 2 
4 9 0 15 8 14 4 -15 9 -8 10 8 9 10 -14 -10 2 15 
7 8 -7 2 4 15 -14 13 -8 12 3 10 -8 -14 5 9 -14 4 
9 -8 12 -6 11 -5 14 3 15 1 12 1 -6 4 13 -9 0 4 
7 14 -11 5 -12 11 8 -8 12 7 -5 -11 -9 13 2 1 6 14 
4 -5 12 5 5 10 1 -7 12 3 0 -2 5 15 3 8 11 10 
56
7
4 17
2 14
2 8
2 13
12 10
5 0
5 15
15 0
17 3
17 9
17 4
7 7
14 17
14 2
20
6 16 16
4 8 13
12 9 10
16 14 14
2 0 12
6 3 12
11 5 8
17 16 9
9 7 8
14 0 14
13 1 16
15 9 13
7 8 10
3 3 14
17 17 12
13 14 12
8 12 8
2 1 9
10 10 8
5 17 14
32
6 2
0 9
12 6
2 16
10 9
7 6
19 14
12 13
11 13
1 3
11 2
12 17
15 4
0 6
11 15
15 7
13 15
19 8
7 11
17 1
9 8
12 11
0 3
7 4
8 4
18 14
8 15
7 0
4 13
19 11
8 2
4 10
