20 20
2 -2 4 -3 -2 5 1 -1 -5 0 -4 -1 5 -4 1 0 4 5 -1 -5 
-1 4 0 4 1 3 5 3 2 3 4 1 4 1 4 4 4 3 3 4 
-5 0 -4 3 5 2 3 4 1 0 -5 2 -2 3 1 -3 2 -3 0 1 
-5 -3 1 2 1 0 4 1 2 2 0 4 -4 1 3 -2 -3 3 -5 -3 
-4 0 -2 0 1 2 -2 0 -1 3 4 3 0 3 4 4 -3 -2 3 1 
2 0 -1 2 2 3 5 4 4 4 2 5 1 4 1 -4 0 3 5 1 
1 2 3 -3 3 1 3 5 2 5 3 4 -1 2 -1 2 2 -4 -3 4 
3 -2 -3 0 3 -4 4 -2 2 4 2 2 1 -3 4 -4 2 4 5 1 
0 -5 1 0 2 4 1 -5 1 1 5 3 1 5 3 1 0 -2 1 3 
5 5 4 1 5 1 -1 5 -3 1 -5 0 1 -5 1 2 -5 5 3 1 
1 3 5 -5 2 1 -5 1 0 -5 1 -3 5 -1 1 5 1 4 5 5 
3 1 -2 0 1 3 5 1 3 5 1 1 -5 1 4 2 0 1 -5 0 
1 5 4 2 -4 4 -3 1 2 2 4 2 -2 4 -4 3 0 -3 -2 3 
4 -3 -4 2 2 -1 2 -1 4 3 5 2 5 3 1 3 -3 3 2 1 
1 5 3 0 -4 1 4 1 5 2 4 4 4 5 3 2 2 -1 0 2 
1 3 -2 -3 4 4 3 0 3 4 3 -1 0 -2 2 1 0 -2 0 -4 
-3 -5 3 -3 -2 3 1 -4 4 0 2 2 1 4 0 1 2 1 -3 -5 
1 0 -3 2 -3 1 3 -2 2 -5 0 1 4 3 2 5 3 -4 0 -5 
4 3 3 4 4 4 1 4 1 4 3 2 3 5 3 1 4 0 4 -1 
-5 -1 5 4 0 1 -4 5 -1 -4 0 -5 -1 1 5 -2 -3 4 -2 2 
46
6
14 10
2 6
6 4
4 11
11 13
16 12
5 9
17 13
13 15
15 8
8 6
3 7
12
0 4 10
4 18 11
11 1 11
6 14 15
9 17 12
2 19 12
19 15 10
15 1 11
8 18 11
13 5 15
10 2 12
17 0 12
0
