20 17
6 5 2 3 5 4 -3 6 4 4 5 4 -3 0 3 2 -2 
0 0 3 3 -2 3 3 4 6 2 -1 -3 -5 0 -2 -6 2 
1 4 0 4 -2 -6 4 1 5 -3 -2 3 2 -1 3 2 -2 
-3 -4 -2 3 -6 2 5 6 2 5 4 6 -1 4 5 -3 2 
-3 -4 2 3 1 1 6 6 -4 0 6 3 1 -3 -4 4 2 
5 6 0 0 3 -5 5 2 1 0 3 3 3 5 5 3 3 
2 -5 3 -6 5 6 -3 6 2 1 6 3 2 2 -4 0 -1 
4 3 4 1 0 -3 0 -3 0 -1 2 0 2 2 6 4 4 
2 2 3 0 1 2 4 2 -3 3 3 -3 3 0 -2 2 4 
3 -3 2 0 0 1 -1 -3 2 -6 6 2 -2 0 -6 0 5 
5 0 -6 0 -2 2 6 -6 2 -3 -1 1 0 0 2 -3 3 
4 2 -2 0 3 -3 3 3 -3 2 4 2 1 0 3 2 2 
4 4 6 2 2 0 2 -1 0 -3 0 -3 0 1 4 3 4 
-1 0 -4 2 2 3 6 1 2 6 -3 6 5 -6 3 -5 2 
3 3 5 5 3 3 3 0 1 2 5 -5 3 0 0 6 5 
2 4 -4 -3 1 3 6 0 -4 6 6 1 1 3 2 -4 -3 
2 -3 5 4 -1 6 4 5 2 6 5 2 -6 3 -2 -4 -3 
-2 2 3 -1 2 3 -2 -3 5 1 4 -6 -2 4 0 4 1 
2 -6 -2 0 -5 -3 -1 2 6 4 3 3 -2 3 3 0 0 
-2 2 3 0 -3 4 5 4 4 6 -3 4 5 3 2 5 6 
30
4
4 1
8 6
2 14
9 15
15 15
11 10
17 2
10 1
18
11 1 13
11 14 14
7 16 8
0 1 12
17 6 9
13 15 16
17 11 8
7 2 16
4 5 13
8 15 13
8 2 14
12 0 8
19 15 12
2 10 9
6 1 16
2 5 8
12 14 16
15 11 13
30
12 13
5 7
10 9
1 5
6 13
7 10
3 15
19 11
18 16
16 8
14 0
18 4
1 10
12 5
5 2
7 3
14 9
9 7
18 11
13 3
12 6
16 1
0 5
1 0
3 8
5 16
1 12
18 6
7 11
14 14
