19 15
24 9 7 15 2 18 24 13 23 16 16 19 22 2 21 
14 -21 21 2 14 -16 7 20 20 14 22 6 -12 16 -9 
1 1 15 7 -1 -15 19 2 21 22 1 11 -4 8 2 
15 6 6 24 6 5 1 10 -1 13 2 20 19 -4 3 
5 -20 10 -17 2 20 4 1 0 22 24 24 4 5 1 
22 -8 17 18 -4 14 21 23 -17 19 12 -4 19 3 10 
4 4 24 14 12 17 7 23 18 19 8 -22 12 20 9 
10 12 -18 9 24 -4 3 9 10 8 -22 6 18 21 22 
21 -15 13 -3 11 5 -17 19 24 7 14 -23 10 18 21 
-8 22 5 17 -3 -14 13 21 13 -14 -3 17 5 22 -8 
21 18 10 -23 14 7 24 19 -17 5 11 -3 13 -15 21 
22 21 18 6 -22 8 10 9 3 -4 24 9 -18 12 10 
9 20 12 -22 8 19 18 23 7 17 12 14 24 4 4 
10 3 19 -4 12 19 -17 23 21 14 -4 18 17 -8 22 
1 5 4 24 24 22 0 1 4 20 2 -17 10 -20 5 
3 -4 19 20 2 13 -1 10 1 5 6 24 6 6 15 
2 8 -4 11 1 22 21 2 19 -15 -1 7 15 1 1 
-9 16 -12 6 22 14 20 20 7 -16 14 2 21 -21 14 
21 2 22 19 16 16 23 13 24 18 2 15 7 9 24 
49
3
9 13
7 12
5 14
9 1
11 2
13 0
8
13 7 15
9 11 9
6 3 13
18 3 12
5 7 15
9 3 9
12 11 13
0 11 12
26
12 13
7 0
6 0
16 0
14 11
15 7
1 3
8 11
18 11
18 5
8 9
11 4
15 2
6 1
11 14
12 14
2 14
4 3
3 7
17 11
10 3
0 3
0 9
10 5
7 10
3 12
