20 20
2 3 7 6 -8 0 -6 8 6 8 0 7 2 2 -5 -3 -8 -8 6 4 
0 1 -7 5 -5 3 3 -3 4 8 4 3 1 8 3 -5 8 -3 6 7 
6 2 3 2 -3 1 -2 -2 0 8 0 7 1 2 5 -6 -7 7 1 -1 
6 0 7 5 -8 2 8 6 7 5 -5 6 7 4 -4 7 2 4 6 3 
1 1 -5 3 7 3 3 6 0 8 8 3 3 7 -2 2 2 6 2 1 
4 -4 0 4 2 3 0 4 8 5 0 1 1 -3 0 2 -2 -6 -4 6 
7 5 5 -8 8 1 -8 -8 7 5 5 -7 -6 6 3 7 -2 6 8 3 
4 2 0 -4 5 2 2 -5 7 6 2 -3 -6 3 0 3 1 2 -3 8 
0 3 -8 4 4 7 6 -8 -7 -1 -1 2 1 8 -2 6 0 2 8 5 
-3 -1 8 0 -8 5 8 -4 4 6 8 -8 0 7 1 8 -4 0 6 4 
4 6 0 -4 8 1 7 0 -8 8 6 4 -4 8 5 -8 0 8 -1 -3 
5 8 2 0 6 -2 8 1 2 -1 -1 -7 -8 6 7 4 4 -8 3 0 
8 -3 2 1 3 0 3 -6 -3 2 6 7 -5 2 2 5 -4 0 2 4 
3 8 6 -2 7 3 6 -6 -7 5 5 7 -8 -8 1 8 -8 5 5 7 
6 -4 -6 -2 2 0 -3 1 1 0 5 8 4 0 3 2 4 0 -4 4 
1 2 6 2 2 -2 7 3 3 8 8 0 6 3 3 7 3 -5 1 1 
3 6 4 2 7 -4 4 7 6 -5 5 7 6 8 2 -8 5 7 0 6 
-1 1 7 -7 -6 5 2 1 7 0 8 0 -2 -2 1 -3 2 3 2 6 
7 6 -3 8 -5 3 8 1 3 4 8 4 -3 3 3 -5 5 -7 1 0 
4 6 -8 -8 -3 -5 2 2 7 0 8 6 8 -6 0 -8 6 7 3 2 
52
2
14 15
10 3
5 4
9 16
20
4 9 13
13 3 16
7 18 12
10 16 16
10 4 11
7 8 10
18 9 8
17 13 12
16 15 13
19 18 14
15 10 13
6 16 16
12 1 12
9 3 16
9 15 11
12 11 10
1 10 8
2 6 12
3 4 13
0 1 14
0
