17 13
3 1 1 -1 2 0 2 1 -4 0 1 -1 2 
1 0 1 4 4 4 1 3 1 4 -2 -2 2 
0 1 2 1 2 3 -1 4 1 -2 3 4 -2 
-2 1 3 4 -4 0 3 4 3 0 4 1 1 
-2 -2 -2 1 1 1 3 -3 4 4 0 1 1 
2 4 1 0 2 3 4 4 3 0 -1 1 4 
1 -3 -4 4 4 2 1 1 -3 -2 3 -3 3 
0 0 3 1 2 1 -3 2 0 4 2 3 1 
3 2 4 3 4 3 2 3 4 3 4 2 3 
1 3 2 4 0 2 -3 1 2 1 3 0 0 
3 -3 3 -2 -3 1 1 2 4 4 -4 -3 1 
4 1 -1 0 3 4 4 3 2 0 1 4 2 
1 1 0 4 4 -3 3 1 1 1 -2 -2 -2 
1 1 4 0 3 4 3 0 -4 4 3 1 -2 
-2 4 3 -2 1 4 -1 3 2 1 2 1 0 
2 -2 -2 4 1 3 1 4 4 4 1 0 1 
2 -1 1 0 -4 1 2 0 2 -1 1 1 3 
48
8
5 8
4 2
6 1
8 4
3 6
5 10
1 2
7 10
11 4
12 10
10 11
8 8
13 6
11 2
15 10
9 2
18
3 4 13
0 12 8
9 1 10
16 12 10
16 5 13
4 6 9
14 4 9
15 12 10
15 0 12
13 8 13
16 0 8
7 11 10
0 0 10
0 7 13
12 6 9
2 8 9
1 0 10
1 12 12
18
8 0
6 2
14 5
5 6
14 2
11 1
0 8
2 12
1 9
8 12
10 10
2 7
11 6
2 10
5 11
16 4
14 0
15 3
