20 20
3 5 13 0 11 -4 -9 -7 2 0 -12 -10 4 1 -6 13 13 0 5 7 
9 1 -12 9 13 -1 5 2 12 11 3 13 8 -4 9 12 4 9 8 3 
-1 2 2 4 2 2 -6 -9 13 4 1 -13 4 2 6 1 -13 7 6 3 
4 7 -8 -10 1 10 5 -6 2 13 12 -13 9 1 -12 13 -4 7 7 -2 
-7 7 -2 -4 -12 0 0 9 2 9 5 13 6 3 9 7 9 10 12 10 
-9 12 5 -8 13 4 -3 13 -11 9 10 -5 1 5 -1 13 -13 0 -6 -4 
-13 10 4 5 8 -11 -1 12 2 8 10 -8 2 5 6 -10 -8 1 6 -11 
-9 -10 6 -12 13 9 8 -4 5 -10 -6 1 12 -13 9 0 2 -13 0 -5 
7 5 5 2 1 -4 5 11 -9 12 1 0 12 10 -11 4 6 2 6 3 
-10 2 10 12 9 7 6 -1 2 13 10 8 9 3 1 1 10 7 -4 12 
12 -4 7 10 1 1 3 9 8 10 13 2 -1 6 7 9 12 10 2 -10 
3 6 2 6 4 -11 10 12 0 1 12 -9 11 5 -4 1 2 5 5 7 
-5 0 -13 2 0 9 -13 12 1 -6 -10 5 -4 8 9 13 -12 6 -10 -9 
-11 6 1 -8 -10 6 5 2 -8 10 8 2 12 -1 -11 8 5 4 10 -13 
-4 -6 0 -13 13 -1 5 1 -5 10 9 -11 13 -3 4 13 -8 5 12 -9 
10 12 10 9 7 9 3 6 13 5 9 2 9 0 0 -12 -4 -2 7 -7 
-2 7 7 -4 13 -12 1 9 -13 12 13 2 -6 5 10 1 -10 -8 7 4 
3 6 7 -13 1 6 2 4 -13 1 4 13 -9 -6 2 2 4 2 2 -1 
3 8 9 4 12 9 -4 8 13 3 11 12 2 5 -1 13 9 -12 1 9 
7 5 0 13 13 -6 1 4 -10 -12 0 2 -7 -9 -4 11 0 13 5 3 
48
7
14 11
19 1
13 5
16 13
8 11
16 0
16 10
5 8
0 18
6 14
3 6
11 8
3 19
3 9
8
14 17 15
11 10 13
12 1 11
0 7 13
5 2 15
8 9 13
7 18 11
19 12 13
0
