17 13
3 1 1 2 3 3 3 1 3 -2 3 1 -1 
3 1 1 3 -1 -2 1 1 -2 2 0 3 -2 
2 3 0 2 2 1 3 -1 3 1 -3 3 0 
2 2 0 3 3 2 2 0 -2 1 1 2 2 
3 1 3 0 3 2 -1 0 2 2 3 2 -1 
1 3 -1 1 -3 -1 2 -1 3 1 1 3 0 
-1 1 1 3 0 -1 3 -2 3 -1 0 3 -2 
2 2 3 2 -1 -3 1 1 3 1 -3 0 3 
-3 1 -2 1 0 0 -3 0 0 1 -2 1 -3 
3 0 -3 1 3 1 1 -3 -1 2 3 2 2 
-2 3 0 -1 3 -2 3 -1 0 3 1 1 -1 
0 3 1 1 3 -1 2 -1 -3 1 -1 3 1 
-1 2 3 2 2 0 -1 2 3 0 3 1 3 
2 2 1 1 -2 0 2 2 3 3 0 2 2 
0 3 -3 1 3 -1 3 1 2 2 0 3 2 
-2 3 0 2 -2 1 1 -2 -1 3 1 1 3 
-1 1 3 -2 3 1 3 3 3 2 1 1 3 
39
5
8 11
16 7
14 5
2 10
5 0
8 1
0 5
2 7
14 2
11 12
10
6 5 9
12 4 15
16 10 15
12 10 13
5 6 16
10 7 9
4 8 15
0 2 15
4 2 13
11 6 16
20
10 6
3 8
9 1
9 3
4 6
13 1
0 7
7 4
14 4
8 5
6 6
13 4
7 11
7 9
12 6
3 11
16 5
9 8
2 8
8 7
