20 20
3 0 3 -3 2 3 1 -3 0 4 2 4 2 2 3 -1 0 -1 -4 -2 
1 4 2 1 4 1 -3 1 1 4 0 2 4 4 2 3 -3 -4 4 2 
2 1 4 1 4 1 -4 3 4 2 3 4 -4 1 3 0 4 -2 -2 2 
4 -1 2 -4 -4 2 -4 -4 4 3 3 4 2 1 3 -1 1 4 3 -4 
-2 4 2 2 -1 0 0 1 1 2 1 0 -3 1 1 1 2 -2 2 -3 
1 1 4 1 3 0 0 3 3 0 2 3 -3 0 1 2 1 4 2 4 
1 1 -2 3 -1 3 -2 1 0 4 -3 2 -1 1 4 2 0 4 -2 4 
3 1 -4 2 2 4 3 -4 3 -4 2 0 4 -1 4 1 0 1 -1 3 
3 -2 2 3 2 4 1 1 -1 -3 4 0 4 1 3 0 -2 1 4 3 
4 0 -2 4 0 -4 0 -2 -1 1 2 4 1 4 3 2 4 1 4 0 
0 4 1 4 2 3 4 1 4 2 1 -1 -2 0 -4 0 4 -2 0 4 
3 4 1 -2 0 3 1 4 0 4 -3 -1 1 1 4 2 3 2 -2 3 
3 -1 1 0 1 4 -1 4 0 2 -4 3 -4 3 4 2 2 -4 1 3 
4 -2 4 0 2 4 1 -1 2 -3 4 0 1 -2 3 -1 3 -2 1 1 
4 2 4 1 2 1 0 -3 3 2 0 3 3 0 0 3 1 4 1 1 
-3 2 -2 2 1 1 1 -3 0 1 2 1 1 0 0 -1 2 2 4 -2 
-4 3 4 1 -1 3 1 2 4 3 3 4 -4 -4 2 -4 -4 2 -1 4 
2 -2 -2 4 0 3 1 -4 4 3 2 4 3 -4 1 4 1 4 1 2 
2 4 -4 -3 3 2 4 4 2 0 4 1 1 -3 1 4 1 2 4 1 
-2 -4 -1 0 -1 3 2 2 4 2 4 0 -3 1 3 2 -3 3 0 3 
49
6
6 9
17 3
10 7
16 6
1 16
14 3
13 10
2 16
9 12
3 13
18 3
5 16
16
13 2 9
15 8 11
8 19 9
11 8 10
12 5 9
5 11 11
2 15 12
12 2 9
6 17 9
4 11 11
11 0 9
8 11 10
7 14 9
14 8 11
17 4 12
7 17 9
0
