16 19
0 17 13 25 24 20 24 -12 8 -13 -6 14 -9 19 10 -6 12 -1 21 
8 8 24 -1 11 21 16 15 -13 -13 21 -22 12 20 17 10 9 6 13 
-25 15 16 25 -2 21 9 7 23 -13 10 1 -14 10 4 8 5 6 -24 
12 -9 5 11 13 4 18 4 21 -12 24 -24 19 15 11 10 8 14 14 
22 -23 -3 4 -21 21 16 3 -3 18 8 20 -10 25 -8 9 21 3 23 
2 4 24 4 13 -17 -25 15 23 12 12 -25 10 3 -16 0 13 16 25 
22 1 2 -13 10 5 -12 20 11 25 10 -24 22 17 13 11 21 10 2 
2 18 20 -13 22 18 19 25 3 8 -7 10 0 -18 9 3 -22 -25 3 
3 -25 -22 3 9 -18 0 10 -7 8 3 25 19 18 22 -13 20 18 2 
2 10 21 11 13 17 22 -24 10 25 11 20 -12 5 10 -13 2 1 22 
25 16 13 0 -16 3 10 -25 12 12 23 15 -25 -17 13 4 24 4 2 
23 3 21 9 -8 25 -10 20 8 18 -3 3 16 21 -21 4 -3 -23 22 
14 14 8 10 11 15 19 -24 24 -12 21 4 18 4 13 11 5 -9 12 
-24 6 5 8 4 10 -14 1 10 -13 23 7 9 21 -2 25 16 15 -25 
13 6 9 10 17 20 12 -22 21 -13 -13 15 16 21 11 -1 24 8 8 
21 -1 12 -6 10 19 -9 14 -6 -13 8 -12 24 20 24 25 13 17 0 
54
2
13 11
11 5
2 7
4 13
20
11 2 8
5 2 16
15 5 12
4 15 8
9 17 12
13 9 8
7 15 12
13 8 16
13 0 16
14 5 8
4 16 8
10 16 16
0 13 12
11 3 8
6 1 12
2 9 8
8 3 12
2 10 16
2 18 16
1 13 8
30
4 12
6 5
10 5
15 14
15 11
9 0
3 1
11 4
13 17
11 8
0 2
8 5
12 8
11 14
15 9
11 6
9 13
5 13
0 4
0 7
6 18
12 17
4 14
2 1
4 10
15 16
7 13
3 10
4 4
0 9
