14 11
3 3 3 5 5 5 5 1 4 0 5 
4 -1 5 4 5 2 -4 2 4 5 2 
2 5 2 -1 4 5 2 1 4 4 0 
1 -1 5 5 3 0 3 3 -1 4 3 
3 -2 5 1 2 -2 3 0 3 5 0 
2 5 5 5 2 0 3 -3 4 2 1 
2 2 1 2 4 3 5 1 2 5 -4 
-4 5 2 1 5 3 4 2 1 2 2 
1 2 4 -3 3 0 2 5 5 5 2 
0 5 3 0 3 -2 2 1 5 -2 3 
3 4 -1 3 3 0 3 5 5 -1 1 
0 4 4 1 2 5 4 -1 2 5 2 
2 5 4 2 -4 2 5 4 5 -1 4 
5 0 4 1 5 5 5 5 3 3 3 
43
7
2 7
4 2
6 9
1 6
10 7
13 9
8 10
11 3
9 8
7 1
12 4
3 3
0 1
5 0
20
6 3 11
5 8 12
12 1 16
1 2 13
5 3 13
5 4 13
3 6 13
5 1 14
2 5 15
6 1 13
7 7 11
8 2 12
1 9 16
12 8 13
8 7 13
8 6 13
10 4 13
8 9 14
11 5 15
7 9 13
12
8 0
7 6
11 6
1 0
12 3
2 8
5 10
6 4
2 4
12 10
1 7
11 2
