18 14
4 2 8 2 16 12 -15 6 11 15 15 14 12 3 
5 10 14 -6 1 -10 4 12 0 -7 -6 6 15 -5 
1 11 12 -11 -7 -13 12 12 -14 8 1 14 8 15 
-15 -14 12 0 -9 16 0 1 5 13 4 -5 -1 -9 
15 4 15 2 4 13 11 -15 1 15 9 8 15 6 
12 11 5 14 16 2 2 -2 -3 7 -2 5 -16 13 
4 -6 7 6 3 10 6 -3 2 3 5 8 6 12 
2 0 5 -13 6 7 3 12 14 16 7 15 15 10 
6 5 7 -1 6 -3 12 0 -10 -1 0 3 9 2 
2 9 3 0 -1 -10 0 12 -3 6 -1 7 5 6 
10 15 15 7 16 14 12 3 7 6 -13 5 0 2 
12 6 8 5 3 2 -3 6 10 3 6 7 -6 4 
13 -16 5 -2 7 -3 -2 2 2 16 14 5 11 12 
6 15 8 9 15 1 -15 11 13 4 2 15 4 15 
-9 -1 -5 4 13 5 1 0 16 -9 0 12 -14 -15 
15 8 14 1 8 -14 12 12 -13 -7 -11 12 11 1 
-5 15 6 -6 -7 0 12 4 -10 1 -6 14 10 5 
3 12 14 15 15 11 6 -15 12 16 2 8 2 4 
54
4
14 6
10 13
5 10
14 8
3 7
7 0
12 3
3 5
6
4 0 16
4 8 9
7 11 14
13 13 16
13 5 9
10 2 14
18
12 7
15 5
3 0
11 6
13 1
12 0
8 6
1 3
16 6
5 6
2 8
14 13
6 7
4 12
5 13
9 7
16 10
1 7
