19 17
10 9 4 -9 -2 -15 -10 15 15 -13 3 -13 3 4 7 6 -12 
-9 8 2 3 0 -3 3 7 1 -3 4 7 -5 11 13 7 12 
-13 12 5 14 0 -10 8 -8 11 1 11 11 -5 0 -14 4 5 
6 10 -15 3 12 8 10 11 7 -12 -7 15 5 -15 15 11 3 
1 14 11 3 9 8 6 -12 2 7 15 13 8 1 1 2 -13 
-5 1 7 6 6 -3 11 -5 2 0 9 10 12 1 15 -1 13 
-7 6 3 9 10 -4 3 13 -15 15 14 6 0 13 -3 -9 8 
5 4 10 -11 5 9 -9 7 7 -8 7 0 11 -3 0 7 -4 
11 0 -12 8 6 -3 4 14 11 -11 1 8 6 -9 -4 -9 9 
2 8 -8 14 3 3 -1 13 4 13 -1 3 3 14 -8 8 2 
9 -9 -4 -9 6 8 1 -11 11 14 4 -3 6 8 -12 0 11 
-4 7 0 -3 11 0 7 -8 7 7 -9 9 5 -11 10 4 5 
8 -9 -3 13 0 6 14 15 -15 13 3 -4 10 9 3 6 -7 
13 -1 15 1 12 10 9 0 2 -5 11 -3 6 6 7 1 -5 
-13 2 1 1 8 13 15 7 2 -12 6 8 9 3 11 14 1 
3 11 15 -15 5 15 -7 -12 7 11 10 8 12 3 -15 10 6 
5 4 -14 0 -5 11 11 1 11 -8 8 -10 0 14 5 12 -13 
12 7 13 11 -5 7 4 -3 1 7 3 -3 0 3 2 8 -9 
-12 6 7 4 3 -13 3 -13 15 15 -10 -15 -2 -9 4 9 10 
42
2
0 6
5 14
18 10
13 2
18
6 0 15
16 3 16
7 0 10
8 6 15
9 10 16
4 15 15
1 4 15
0 1 12
14 9 13
12 16 15
2 13 16
11 16 10
10 10 15
9 6 16
14 1 15
17 12 15
18 15 12
4 7 13
22
8 4
15 8
18 7
4 2
18 14
0 11
10 16
1 0
2 9
13 10
6 7
10 12
3 8
0 9
14 14
0 2
18 5
8 0
17 16
16 7
5 6
12 9
