16 11
10 22 -1 6 3 19 -23 4 -24 16 -12 
-26 26 -7 17 19 3 20 3 22 13 26 
18 26 19 -17 7 -8 21 16 3 2 4 
7 -13 23 -16 -20 12 1 12 0 5 14 
-26 14 14 -4 -16 7 19 0 -17 24 -15 
22 2 5 -25 11 3 15 -20 10 22 -4 
13 5 12 21 22 4 4 25 2 17 -16 
22 8 12 14 22 0 -21 23 -20 25 4 
4 25 -20 23 -21 0 22 14 12 8 22 
-16 17 2 25 4 4 22 21 12 5 13 
-4 22 10 -20 15 3 11 -25 5 2 22 
-15 24 -17 0 19 7 -16 -4 14 14 -26 
14 5 0 12 1 12 -20 -16 23 -13 7 
4 2 3 16 21 -8 7 -17 19 26 18 
26 13 22 3 20 3 19 17 -7 26 -26 
-12 16 -24 4 -23 19 3 6 -1 22 10 
38
7
7 1
11 0
11 5
4 6
9 0
2 5
3 9
8 9
4 10
4 5
11 4
6 10
13 5
12 1
8
8 6 16
6 8 12
2 8 11
10 9 11
7 4 16
9 2 12
13 2 11
5 1 11
12
12 6
12 3
5 9
0 6
10 6
6 5
3 4
3 7
10 1
15 4
5 4
9 5
