20 14
2 14 -11 -17 -14 18 3 12 -10 -16 3 6 -18 13 
2 18 11 2 -1 -10 17 9 16 -2 -2 12 -7 14 
7 -10 3 3 3 -10 -18 -15 11 16 15 11 -12 8 
-16 9 14 8 16 1 4 5 -4 3 -8 7 -12 13 
18 1 2 18 10 -15 14 2 4 12 4 12 1 16 
8 15 -15 6 -9 13 -7 17 8 17 -7 4 11 3 
-5 11 0 18 16 -6 -18 -16 8 12 -6 16 3 3 
15 10 1 -17 5 5 12 16 9 0 3 -18 -7 -7 
-18 11 15 14 -13 -2 15 14 5 12 15 17 16 9 
-5 5 5 15 -4 6 10 10 16 15 2 -17 12 -11 
-11 12 -17 2 15 16 10 10 6 -4 15 5 5 -5 
9 16 17 15 12 5 14 15 -2 -13 14 15 11 -18 
-7 -7 -18 3 0 9 16 12 5 5 -17 1 10 15 
3 3 16 -6 12 8 -16 -18 -6 16 18 0 11 -5 
3 11 4 -7 17 8 17 -7 13 -9 6 -15 15 8 
16 1 12 4 12 4 2 14 -15 10 18 2 1 18 
13 -12 7 -8 3 -4 5 4 1 16 8 14 9 -16 
8 -12 11 15 16 11 -15 -18 -10 3 3 3 -10 7 
14 -7 12 -2 -2 16 9 17 -10 -1 2 11 18 2 
13 -18 6 3 -16 -10 12 3 18 -14 -17 -11 14 2 
30
3
19 4
9 7
6 1
0 9
10 6
13 12
14
10 0 13
7 10 15
16 0 12
13 4 13
9 10 14
3 11 11
0 7 16
9 13 13
12 3 15
3 13 12
6 9 13
10 3 14
16 2 11
19 6 16
18
2 5
17 9
18 2
15 12
19 12
3 6
15 10
8 9
3 10
17 8
2 4
1 11
4 1
0 1
16 7
4 3
11 4
16 3
