12 18
4 5 -7 2 -9 7 -7 5 3 8 0 9 2 1 9 -5 0 7 
-3 6 4 8 0 -9 6 -7 1 0 4 5 -8 3 9 1 4 8 
0 -4 2 3 2 -6 2 8 8 3 -1 4 -9 8 1 -3 4 5 
-7 8 7 6 0 -9 3 2 6 3 0 1 -5 7 3 3 2 8 
5 6 9 -1 -1 4 8 -6 8 3 -2 8 -8 -1 -1 3 8 0 
9 2 8 -1 -9 9 -7 9 7 1 7 8 9 2 4 5 9 5 
5 9 5 4 2 9 8 7 1 7 9 -7 9 -9 -1 8 2 9 
0 8 3 -1 -1 -8 8 -2 3 8 -6 8 4 -1 -1 9 6 5 
8 2 3 3 7 -5 1 0 3 6 2 3 -9 0 6 7 8 -7 
5 4 -3 1 8 -9 4 -1 3 8 8 2 -6 2 3 2 -4 0 
8 4 1 9 3 -8 5 4 0 1 -7 6 -9 0 8 4 6 -3 
7 0 -5 9 1 2 9 0 8 3 5 -7 7 -9 2 -7 5 4 
54
7
9 14
6 17
1 0
10 11
2 8
0 7
2 9
2 3
5 0
10 17
1 6
9 9
11 10
9 8
20
3 12 8
6 1 11
11 7 14
10 9 14
7 2 16
11 5 8
0 17 8
1 10 11
1 5 9
2 5 11
8 5 8
5 16 11
0 10 14
1 8 14
4 15 16
0 12 8
11 0 8
10 7 11
10 12 9
9 12 11
20
2 4
7 12
2 17
10 6
4 8
0 6
5 15
9 6
5 4
11 17
9 13
4 5
9 0
1 11
7 9
11 11
6 2
2 11
6 13
0 0
