20 20
2 3 1 2 3 3 0 1 -2 -2 1 1 2 2 1 1 0 1 2 2 
0 0 0 2 2 -3 0 -1 2 0 2 -2 3 2 2 0 1 1 1 3 
-1 1 1 1 1 3 3 -3 3 2 2 2 1 3 3 3 3 0 3 -1 
1 3 1 -1 2 0 2 -2 0 1 2 2 1 3 1 2 3 0 3 2 
0 -2 3 1 -2 -1 0 3 2 2 1 2 1 1 3 1 1 2 0 -2 
-1 -3 3 3 -2 2 2 1 3 -2 2 1 1 2 -3 2 1 1 2 2 
2 -3 -3 -1 3 3 3 2 0 3 0 3 1 -1 2 2 2 -2 3 -2 
3 3 2 1 -2 1 -2 0 0 -1 -3 1 3 3 2 1 3 1 -1 1 
2 2 3 1 -1 2 -1 -2 3 0 2 -2 -2 -2 0 1 3 1 0 -2 
0 1 1 -2 -1 3 2 0 3 1 2 0 -2 -3 1 -3 0 0 0 0 
0 0 0 0 -3 1 -3 -2 0 2 1 3 0 2 3 -1 -2 1 1 0 
-2 0 1 3 1 0 -2 -2 -2 2 0 3 -2 -1 2 -1 1 3 2 2 
1 -1 1 3 1 2 3 3 1 -3 -1 0 0 -2 1 -2 1 2 3 3 
-2 3 -2 2 2 2 -1 1 3 0 3 0 2 3 3 3 -1 -3 -3 2 
2 2 1 1 2 -3 2 1 1 2 -2 3 1 2 2 -2 3 3 -3 -1 
-2 0 2 1 1 3 1 1 2 1 2 2 3 0 -1 -2 1 3 -2 0 
2 3 0 3 2 1 3 1 2 2 1 0 -2 2 0 2 -1 1 3 1 
-1 3 0 3 3 3 3 1 2 2 2 3 -3 3 3 1 1 1 1 -1 
3 1 1 1 0 2 2 3 -2 2 0 2 -1 0 -3 2 2 0 0 0 
2 2 1 0 1 1 2 2 1 1 -2 -2 1 0 3 3 2 1 3 2 
41
8
16 4
9 11
8 10
15 11
18 2
4 19
18 6
4 18
3 15
10 8
11 9
4 8
1 17
15 0
1 13
15 1
8
0 6 16
14 1 13
2 16 11
1 0 14
19 13 16
5 18 13
17 3 11
18 19 14
0
