12 13
4 2 0 1 -3 -3 3 2 1 -1 4 3 0 
3 4 4 3 2 1 -3 -4 -2 1 4 4 1 
1 2 4 1 2 2 4 4 2 1 3 2 0 
4 1 1 0 1 -3 4 0 0 2 2 4 3 
3 0 -4 3 2 -3 1 3 1 -2 0 -1 1 
4 0 3 2 3 1 -1 3 1 2 3 4 0 
0 4 3 2 1 3 -1 1 3 2 3 0 4 
1 -1 0 -2 1 3 1 -3 2 3 -4 0 3 
3 4 2 2 0 0 4 -3 1 0 1 1 4 
0 2 3 1 2 4 4 2 2 1 4 2 1 
1 4 4 1 -2 -4 -3 1 2 3 4 4 3 
0 3 4 -1 1 2 3 -3 -3 1 0 2 4 
60
7
1 2
7 11
8 1
11 4
2 1
1 9
10 11
10 10
4 1
3 11
0 8
9 11
10 3
1 1
18
0 2 15
0 9 8
2 12 9
5 9 12
11 2 11
2 3 15
4 7 10
9 12 9
3 6 12
11 10 15
11 3 8
9 0 9
6 3 12
0 10 11
9 9 15
7 5 10
2 0 9
8 6 12
12
10 5
7 0
6 12
8 2
0 5
1 3
1 7
4 12
5 0
3 10
11 7
10 9
