20 20
0 2 1 -6 -6 6 3 4 2 -5 -5 5 1 1 1 2 1 2 5 1 
0 4 -5 0 -6 6 0 4 2 4 1 4 -6 2 -5 4 -5 6 -2 6 
0 6 0 -3 3 5 4 2 3 -2 -4 3 5 6 -5 -3 2 4 6 5 
6 6 4 -6 1 3 6 3 5 -2 6 5 0 0 6 4 -1 3 2 6 
3 0 2 0 4 1 3 2 2 2 -1 1 -4 2 2 5 1 -6 -5 4 
5 3 6 3 3 5 0 -4 -2 3 6 2 -1 4 1 4 4 3 -6 6 
6 5 3 -4 5 -1 6 -2 6 4 0 4 3 -1 1 6 -4 0 0 3 
6 2 2 1 5 1 5 1 2 6 4 6 6 -2 3 5 -3 4 5 5 
0 0 1 1 5 -4 -1 5 6 1 4 4 -3 6 6 1 1 0 1 3 
1 4 -3 0 1 -6 3 4 4 0 0 1 0 -5 -5 -1 4 2 3 4 
4 3 2 4 -1 -5 -5 0 1 0 0 4 4 3 -6 1 0 -3 4 1 
3 1 0 1 1 6 6 -3 4 4 1 6 5 -1 -4 5 1 1 0 0 
5 5 4 -3 5 3 -2 6 6 4 6 2 1 5 1 5 1 2 2 6 
3 0 0 -4 6 1 -1 3 4 0 4 6 -2 6 -1 5 -4 3 5 6 
6 -6 3 4 4 1 4 -1 2 6 3 -2 -4 0 5 3 3 6 3 5 
4 -5 -6 1 5 2 2 -4 1 -1 2 2 2 3 1 4 0 2 0 3 
6 2 3 -1 4 6 0 0 5 6 -2 5 3 6 3 1 -6 4 6 6 
5 6 4 2 -3 -5 6 5 3 -4 -2 3 2 4 5 3 -3 0 6 0 
6 -2 6 -5 4 -5 2 -6 4 1 4 2 4 0 6 -6 0 -5 4 0 
1 5 2 1 2 1 1 1 5 -5 -5 2 4 3 6 -6 -6 1 2 0 
46
2
4 17
2 5
15 2
17 14
12
9 17 15
19 18 12
11 18 8
13 7 14
19 15 13
16 9 10
10 2 15
0 1 12
8 1 8
6 12 14
0 4 13
3 10 10
0
