16 12
6 -8 20 -10 21 14 -3 18 13 22 11 8 
-21 19 21 -3 17 23 0 17 20 4 23 -23 
13 5 2 22 19 16 15 17 -23 19 3 7 
12 8 23 1 7 -18 -1 -14 -17 7 21 23 
1 14 22 6 -22 -2 3 13 14 15 -10 6 
14 -17 14 23 -12 -5 12 5 16 2 4 16 
13 14 17 10 20 18 8 21 12 1 15 -15 
9 -19 19 16 4 23 -19 -11 -9 6 -23 20 
20 -23 6 -9 -11 -19 23 4 16 19 -19 9 
-15 15 1 12 21 8 18 20 10 17 14 13 
16 4 2 16 5 12 -5 -12 23 14 -17 14 
6 -10 15 14 13 3 -2 -22 6 22 14 1 
23 21 7 -17 -14 -1 -18 7 1 23 8 12 
7 3 19 -23 17 15 16 19 22 2 5 13 
-23 23 4 20 17 0 23 17 -3 21 19 -21 
8 11 22 13 18 -3 14 21 -10 20 -8 6 
58
2
5 1
14 4
10 10
1 7
16
11 2 11
7 11 13
0 11 16
10 5 14
7 8 8
10 6 12
14 10 9
15 2 11
4 9 11
8 0 13
15 0 16
5 6 14
8 3 8
5 5 12
1 1 9
0 9 11
12
4 10
9 3
15 9
8 6
15 8
15 4
11 1
6 8
0 2
7 5
0 3
0 7
