20 20
3 -5 2 -3 4 5 2 4 4 2 5 4 -5 3 -5 4 4 -4 4 0 
3 4 -3 4 3 1 -2 2 -1 5 -3 3 3 4 -3 -2 2 5 5 -4 
-2 4 5 -1 -4 0 3 0 -4 1 -1 4 1 0 1 1 0 0 -5 5 
1 4 -2 2 5 4 3 4 2 5 2 -5 2 2 5 1 2 -2 2 3 
-3 0 3 2 4 -5 0 5 0 0 -3 2 5 4 4 2 4 2 5 2 
1 -4 0 3 -5 3 -5 5 3 5 4 0 5 1 5 1 0 1 -5 -3 
2 3 3 3 2 0 4 2 1 3 5 5 3 1 2 -2 5 1 3 4 
4 2 -5 4 5 -3 2 5 2 2 4 3 1 0 3 3 1 1 5 -1 
-3 3 5 -3 1 3 4 2 0 -1 4 -4 4 4 -1 5 -3 2 2 1 
5 2 1 3 3 -3 3 -3 2 2 -1 2 -3 -3 3 5 3 4 4 3 
3 4 4 3 5 3 -3 -3 2 -1 2 2 -3 3 -3 3 3 1 2 5 
1 2 2 -3 5 -1 4 4 -4 4 -1 0 2 4 3 1 -3 5 3 -3 
-1 5 1 1 3 3 0 1 3 4 2 2 5 2 -3 5 4 -5 2 4 
4 3 1 5 -2 2 1 3 5 5 3 1 2 4 0 2 3 3 3 2 
-3 -5 1 0 1 5 1 5 0 4 5 3 5 -5 3 -5 3 0 -4 1 
2 5 2 4 2 4 4 5 2 -3 0 0 5 0 -5 4 2 3 0 -3 
3 2 -2 2 1 5 2 2 -5 2 5 2 4 3 4 5 2 -2 4 1 
5 -5 0 0 1 1 0 1 4 -1 1 -4 0 3 0 -4 -1 5 4 -2 
-4 5 5 2 -2 -3 4 3 3 -3 5 -1 2 -2 1 3 4 -3 4 3 
0 4 -4 4 4 -5 3 -5 4 5 2 4 4 2 5 4 -3 2 -5 3 
56
8
3 9
4 18
11 3
12 14
19 3
13 17
4 13
19 2
16 10
15 1
8 16
7 5
0 16
6 2
15 6
0 17
16
16 2 10
15 18 13
0 7 8
12 17 8
11 12 8
4 14 11
11 0 12
18 0 8
3 17 10
4 1 13
19 12 8
7 2 8
8 7 8
15 5 11
8 19 12
1 19 8
0
