11 12
16 10 8 -11 -7 -15 20 17 -20 -14 11 4 
-18 4 3 8 17 14 9 -10 8 -21 -4 13 
0 -14 1 -7 3 4 -15 10 3 19 20 2 
-10 5 11 -20 10 7 -3 5 9 -19 5 1 
9 10 2 -17 15 -1 10 10 7 3 -16 -9 
9 14 14 1 11 11 11 11 1 14 14 9 
-9 -16 3 7 10 10 -1 15 -17 2 10 9 
1 5 -19 9 5 -3 7 10 -20 11 5 -10 
2 20 19 3 10 -15 4 3 -7 1 -14 0 
13 -4 -21 8 -10 9 14 17 8 3 4 -18 
4 11 -14 -20 17 20 -15 -7 -11 8 10 16 
49
8
9 1
4 6
10 9
3 9
7 10
1 0
8 10
2 3
1 10
6 5
0 2
7 2
3 1
9 11
2 1
8 8
12
3 10 8
8 0 14
0 11 10
10 5 9
0 8 8
1 3 9
7 1 8
2 11 14
10 0 10
0 6 9
10 3 8
9 8 9
10
6 3
4 1
6 7
4 11
0 10
4 8
6 10
4 4
6 0
10 1
