14 15
-2 13 6 -8 13 -17 11 2 6 7 5 13 4 7 10 
6 15 -11 4 14 -13 3 5 15 -10 -12 11 16 12 10 
-16 -17 11 -3 -16 0 -5 -8 14 16 10 11 4 12 10 
-6 -14 5 2 -7 16 7 2 -1 17 5 4 2 -7 -12 
1 -12 10 -14 -11 1 13 1 7 17 7 9 16 14 7 
16 -16 2 9 -16 4 17 12 9 10 15 4 -14 8 7 
15 1 10 17 -13 6 7 6 14 13 11 4 4 -4 17 
17 -4 4 4 11 13 14 6 7 6 -13 17 10 1 15 
7 8 -14 4 15 10 9 12 17 4 -16 9 2 -16 16 
7 14 16 9 7 17 7 1 13 1 -11 -14 10 -12 1 
-12 -7 2 4 5 17 -1 2 7 16 -7 2 5 -14 -6 
10 12 4 11 10 16 14 -8 -5 0 -16 -3 11 -17 -16 
10 12 16 11 -12 -10 15 5 3 -13 14 4 -11 15 6 
10 7 4 13 5 7 6 2 11 -17 13 -8 6 13 -2 
35
2
0 1
4 11
13 13
9 3
6
0 12 13
8 14 9
7 5 10
13 2 13
5 0 9
6 9 10
20
5 3
4 8
12 0
8 10
13 0
11 10
13 1
7 0
1 5
0 8
8 11
9 6
1 14
5 4
0 14
2 4
0 13
6 14
12 9
13 6
