20 20
11 12 -3 10 4 -1 6 5 4 -13 9 6 5 -4 -3 6 9 6 6 -8 
-4 11 -11 7 6 5 -8 4 1 9 12 8 10 0 3 5 -10 2 3 6 
13 7 2 -4 7 5 1 4 12 4 12 8 8 1 9 -13 -3 5 1 1 
10 -3 2 1 12 7 8 -12 0 4 -13 -12 -3 11 -10 11 0 -13 4 2 
-5 12 12 2 8 5 9 -7 11 12 -4 2 -3 -10 11 5 4 4 1 3 
12 12 -7 -6 -2 3 6 9 13 10 9 7 1 3 0 -10 7 4 5 6 
8 -9 10 3 -5 0 8 9 -3 -10 2 4 10 10 -5 -9 1 6 7 11 
-10 -5 -3 0 11 -9 0 5 -2 -11 11 6 7 4 6 5 8 11 3 12 
5 11 -2 6 8 0 11 -10 -6 1 5 3 -1 3 8 -9 13 2 9 9 
1 7 9 -1 4 10 -7 13 3 2 9 1 6 6 -9 2 5 3 4 13 
13 4 3 5 2 -9 6 6 1 9 2 3 13 -7 10 4 -1 9 7 1 
9 9 2 13 -9 8 3 -1 3 5 1 -6 -10 11 0 8 6 -2 11 5 
12 3 11 8 5 6 4 7 6 11 -11 -2 5 0 -9 11 0 -3 -5 -10 
11 7 6 1 -9 -5 10 10 4 2 -10 -3 9 8 0 -5 3 10 -9 8 
6 5 4 7 -10 0 3 1 7 9 10 13 9 6 3 -2 -6 -7 12 12 
3 1 4 4 5 11 -10 -3 2 -4 12 11 -7 9 5 8 2 12 12 -5 
2 4 -13 0 11 -10 11 -3 -12 -13 4 0 -12 8 7 12 1 2 -3 10 
1 1 5 -3 -13 9 1 8 8 12 4 12 4 1 5 7 -4 2 7 13 
6 3 2 -10 5 3 0 10 8 12 9 1 4 -8 5 6 7 -11 11 -4 
-8 6 6 9 6 -3 -4 5 6 9 -13 4 5 6 -1 4 10 -3 12 11 
32
5
7 18
0 16
12 14
19 1
6 16
12 1
19 3
7 5
0 18
13 3
14
4 12 8
6 7 15
4 16 11
17 18 9
4 13 15
5 15 9
9 10 15
15 7 8
13 12 15
15 3 11
2 1 9
15 6 15
14 4 9
10 9 15
0
