13 12
13 11 12 5 1 12 7 -15 7 12 0 15 
15 4 -11 0 -1 -13 13 -12 13 -3 -9 15 
3 5 -5 6 10 -5 14 -3 14 14 5 -3 
7 0 -6 -2 2 12 7 7 3 5 -13 -10 
-12 -1 11 13 4 -9 -13 1 2 8 8 -14 
14 8 11 1 -6 14 5 2 -12 8 -4 -12 
-3 10 11 2 -12 12 12 -12 2 11 10 -3 
-12 -4 8 -12 2 5 14 -6 1 11 8 14 
-14 8 8 2 1 -13 -9 4 13 11 -1 -12 
-10 -13 5 3 7 7 12 2 -2 -6 0 7 
-3 5 14 14 -3 14 -5 10 6 -5 5 3 
15 -9 -3 13 -12 13 -13 -1 0 -11 4 15 
15 0 12 7 -15 7 12 1 5 12 11 13 
52
7
6 7
10 6
11 5
4 3
6 2
5 9
9 4
6 4
2 5
1 6
8 8
6 9
7 2
3 7
20
3 0 8
2 10 15
5 7 12
11 3 16
8 0 16
3 4 9
0 6 10
10 3 13
7 6 11
2 4 8
9 11 8
10 1 15
7 4 12
1 8 16
4 11 16
9 7 9
12 5 10
2 8 13
5 5 11
10 7 8
12
11 10
7 10
12 6
3 1
1 3
5 11
1 1
5 1
0 5
9 10
11 8
7 0
