10 19
29 -24 5 1 -15 23 -11 4 11 10 16 -17 16 -21 -27 -1 4 -10 21 
21 -20 3 27 19 -18 -19 28 16 -9 9 -11 10 -20 1 6 24 26 23 
19 -16 1 18 23 7 8 30 18 -15 21 23 20 7 4 5 -18 8 29 
-25 7 23 25 11 16 8 2 -15 28 24 5 12 -25 7 22 -19 -22 -6 
1 21 -8 19 14 -10 29 -8 -11 16 14 -23 28 -13 12 0 21 25 14 
14 25 21 0 12 -13 28 -23 14 16 -11 -8 29 -10 14 19 -8 21 1 
-6 -22 -19 22 7 -25 12 5 24 28 -15 2 8 16 11 25 23 7 -25 
29 8 -18 5 4 7 20 23 21 -15 18 30 8 7 23 18 1 -16 19 
23 26 24 6 1 -20 10 -11 9 -9 16 28 -19 -18 19 27 3 -20 21 
21 -10 4 -1 -27 -21 16 -17 16 10 11 4 -11 23 -15 1 5 -24 29 
51
5
9 1
5 10
5 9
7 16
6 7
0 17
4 8
4 9
2 2
3 11
8
4 18 11
3 4 14
8 1 10
1 2 13
5 0 11
6 14 14
1 17 10
8 16 13
18
9 17
5 11
1 13
6 18
1 15
2 5
0 14
3 1
9 6
0 1
4 7
8 5
3 0
8 3
7 13
9 4
6 17
0 12
