20 14
0 -6 4 6 1 5 3 3 3 8 3 -8 -7 3 
7 3 -8 5 3 7 -2 -2 4 2 4 8 8 4 
-7 -3 -7 1 1 2 1 7 -6 0 8 7 -8 7 
7 7 7 4 -8 7 0 5 8 7 -2 -4 6 -3 
0 -8 5 -1 6 5 5 8 -6 -8 -3 7 -4 1 
3 -5 -3 -6 2 0 -3 3 4 3 6 -5 4 3 
8 -2 3 6 3 3 4 -5 6 4 -7 3 -4 5 
7 2 4 -7 0 8 5 3 2 1 2 -8 8 6 
5 -7 1 -4 6 3 2 7 6 1 -7 5 7 -7 
3 7 7 0 2 8 0 7 1 7 0 6 -5 2 
2 -5 6 0 7 1 7 0 8 2 0 7 7 3 
-7 7 5 -7 1 6 7 2 3 6 -4 1 -7 5 
6 8 -8 2 1 2 3 5 8 0 -7 4 2 7 
5 -4 3 -7 4 6 -5 4 3 3 6 3 -2 8 
3 4 -5 6 3 4 3 -3 0 2 -6 -3 -5 3 
1 -4 7 -3 -8 -6 8 5 5 6 -1 5 -8 0 
-3 6 -4 -2 7 8 5 0 7 -8 4 7 7 7 
7 -8 7 8 0 -6 7 1 2 1 1 -7 -3 -7 
4 8 8 4 2 4 -2 -2 7 3 5 -8 3 7 
3 -7 -8 3 8 3 3 3 5 1 6 4 -6 0 
45
8
13 10
16 3
5 0
2 11
8 10
9 10
14 7
8 0
6 3
3 10
14 13
17 2
11 3
10 3
5 6
11 13
20
15 9 10
18 13 10
16 9 11
18 9 13
8 7 14
2 12 13
16 8 9
3 7 8
5 3 12
6 10 15
4 4 10
1 0 10
3 4 11
1 4 13
11 6 14
17 1 13
3 5 9
16 6 8
14 10 12
13 3 15
26
11 4
18 1
8 13
0 8
12 7
6 5
1 6
10 12
0 11
11 9
2 5
14 2
16 7
8 9
1 12
11 0
19 5
7 6
13 8
18 7
9 1
19 2
8 4
17 8
5 11
3 6
