20 20
-7 11 7 12 16 -9 13 -13 12 13 -10 0 15 16 -7 9 9 -10 5 -13 
9 16 3 15 1 13 13 -7 2 0 -10 -6 3 0 8 2 11 7 2 -6 
15 8 1 16 9 -5 7 1 6 -10 5 9 -9 16 8 15 7 13 -13 -4 
7 2 15 11 9 6 5 7 5 14 8 10 -16 -2 -11 9 -14 -10 16 1 
4 12 12 16 11 12 4 14 5 4 8 -5 15 2 -11 3 15 11 -11 12 
13 16 4 -14 -7 13 11 12 16 2 -9 2 -8 3 2 5 2 13 13 7 
-10 -2 7 -15 -16 1 2 16 8 3 2 0 15 9 15 5 4 6 0 14 
14 11 1 7 1 16 10 5 3 -8 6 13 5 6 11 2 -11 10 9 -8 
8 9 10 7 1 6 3 8 3 8 13 1 4 16 -15 -7 -4 0 13 -7 
16 -13 2 14 2 4 14 5 3 -15 15 0 1 0 12 3 3 5 14 0 
0 14 5 3 3 12 0 1 0 15 -15 3 5 14 4 2 14 2 -13 16 
-7 13 0 -4 -7 -15 16 4 1 13 8 3 8 3 6 1 7 10 9 8 
-8 9 10 -11 2 11 6 5 13 6 -8 3 5 10 16 1 7 1 11 14 
14 0 6 4 5 15 9 15 0 2 3 8 16 2 1 -16 -15 7 -2 -10 
7 13 13 2 5 2 3 -8 2 -9 2 16 12 11 13 -7 -14 4 16 13 
12 -11 11 15 3 -11 2 15 -5 8 4 5 14 4 12 11 16 12 12 4 
1 16 -10 -14 9 -11 -2 -16 10 8 14 5 7 5 6 9 11 15 2 7 
-4 -13 13 7 15 8 16 -9 9 5 -10 6 1 7 -5 9 16 1 8 15 
-6 2 7 11 2 8 0 3 -6 -10 0 2 -7 13 13 1 15 3 16 9 
-13 5 -10 9 9 -7 16 15 0 -10 13 12 -13 13 -9 16 12 7 11 -7 
54
7
15 8
0 11
1 17
4 16
4 18
2 6
15 4
4 11
19 8
18 2
15 3
15 1
17 13
4 15
20
10 7 12
6 19 8
0 2 8
5 3 11
14 5 12
10 15 9
8 10 11
8 7 13
8 1 15
12 0 11
9 12 12
13 0 8
19 17 8
14 16 11
5 14 12
9 4 9
11 9 11
11 12 13
11 18 15
7 19 11
0
