10 18
-5 7 -1 -4 5 1 5 6 4 3 -6 -5 4 3 5 2 7 -5 
4 -1 4 4 1 -3 -7 7 1 2 7 7 6 -2 -4 3 -5 -3 
4 5 5 -2 -5 -6 4 4 6 -7 5 0 1 -3 2 1 4 -2 
3 0 -5 7 2 5 2 -7 -3 2 6 -5 4 6 2 7 7 -6 
2 0 4 1 -6 5 7 7 -2 6 -7 2 3 3 6 0 -3 6 
6 -3 0 6 3 3 2 -7 6 -2 7 7 5 -6 1 4 0 2 
-6 7 7 2 6 4 -5 6 2 -3 -7 2 5 2 7 -5 0 3 
-2 4 1 2 -3 1 0 5 -7 6 4 4 -6 -5 -2 5 5 4 
-3 -5 3 -4 -2 6 7 7 2 1 7 -7 -3 1 4 4 -1 4 
-5 7 2 5 3 4 -5 -6 3 4 6 5 1 5 -4 -1 7 -5 
42
7
9 2
7 17
0 8
4 2
4 13
1 6
1 2
0 15
2 0
9 9
5 15
5 4
8 11
8 15
8
5 9 13
4 6 14
9 3 13
4 14 13
4 8 13
5 11 14
0 14 13
5 3 13
16
6 1
2 4
4 12
0 3
7 8
6 11
0 1
9 6
3 16
7 13
5 5
9 14
2 9
3 6
9 16
0 11
