11 12
4 14 3 5 4 -9 6 3 -4 12 6 -11 
13 -14 -3 14 2 10 6 -15 8 14 -12 6 
-4 8 15 10 -9 5 -6 1 2 4 3 15 
4 4 4 14 8 7 15 0 2 7 -9 1 
-5 5 15 12 -2 10 2 9 12 -4 10 7 
3 12 7 -8 1 6 6 1 -8 7 12 3 
7 10 -4 12 9 2 10 -2 12 15 5 -5 
1 -9 7 2 0 15 7 8 14 4 4 4 
15 3 4 2 1 -6 5 -9 10 15 8 -4 
6 -12 14 8 -15 6 10 2 14 -3 -14 13 
-11 6 12 -4 3 6 -9 4 5 3 14 4 
30
7
5 2
0 6
2 10
6 10
3 9
3 0
6 3
5 9
10 5
8 1
4 1
7 2
7 11
4 8
14
1 6 11
8 10 11
0 3 13
0 10 10
6 8 8
1 2 10
10 3 10
9 5 11
2 1 11
10 8 13
10 1 10
4 3 8
9 9 10
0 8 10
10
5 0
4 0
7 3
1 11
4 10
5 11
6 11
3 8
9 0
6 1
