15 13
3 8 5 9 1 4 1 -9 2 7 -3 -7 -4 
7 8 0 9 1 2 -4 0 4 2 4 8 4 
4 -8 8 -3 9 7 9 5 3 2 7 9 5 
4 1 3 2 4 2 -3 -7 6 1 0 -9 6 
-8 3 5 1 5 9 -7 3 -9 5 7 2 4 
-8 -5 4 9 6 6 8 1 8 5 4 2 5 
4 -3 6 0 4 8 -8 -5 2 -9 2 -6 1 
5 6 5 5 0 5 -1 5 0 5 5 6 5 
1 -6 2 -9 2 -5 -8 8 4 0 6 -3 4 
5 2 4 5 8 1 8 6 6 9 4 -5 -8 
4 2 7 5 -9 3 -7 9 5 1 5 3 -8 
6 -9 0 1 6 -7 -3 2 4 2 3 1 4 
5 9 7 2 3 5 9 7 9 -3 8 -8 4 
4 8 4 2 4 0 -4 2 1 9 0 8 7 
-4 -7 -3 7 2 -9 1 4 1 9 5 8 3 
34
8
11 7
14 8
0 11
12 0
0 8
11 5
13 3
3 11
3 5
0 4
14 1
2 12
14 4
3 7
1 9
11 1
10
6 9 11
8 11 9
13 11 14
1 7 13
6 3 9
8 3 11
6 1 9
1 1 14
13 5 13
8 9 9
12
9 4
7 0
4 5
11 12
3 4
10 3
5 8
7 12
10 7
3 0
11 8
4 9
