15 17
4 3 8 -2 9 7 2 7 4 -1 2 -5 0 -11 1 5 -11 
5 7 8 6 3 -9 -3 10 5 -6 8 -5 8 1 6 9 3 
4 8 7 -3 -6 5 8 8 10 3 -1 -2 7 2 3 2 1 
2 2 10 5 -5 4 2 -6 6 2 4 10 1 -3 4 9 1 
-3 -2 6 2 -5 11 9 2 1 1 7 8 8 2 5 4 4 
-8 4 4 3 3 4 0 5 7 8 4 1 11 4 9 1 -4 
11 -4 -11 9 3 3 -2 7 3 11 11 -6 1 0 6 5 7 
-9 1 9 9 1 -2 10 7 1 7 10 -2 1 9 9 1 -9 
7 5 6 0 1 -6 11 11 3 7 -2 3 3 9 -11 -4 11 
-4 1 9 4 11 1 4 8 7 5 0 4 3 3 4 4 -8 
4 4 5 2 8 8 7 1 1 2 9 11 -5 2 6 -2 -3 
1 9 4 -3 1 10 4 2 6 -6 2 4 -5 5 10 2 2 
1 2 3 2 7 -2 -1 3 10 8 8 5 -6 -3 7 8 4 
3 9 6 1 8 -5 8 -6 5 10 -3 -9 3 6 8 7 5 
-11 5 1 -11 0 -5 2 -1 4 7 2 7 9 -2 8 3 4 
37
5
8 1
13 6
3 13
8 9
5 6
6 15
1 10
11 3
6 7
9 10
16
14 5 14
6 5 8
0 16 12
7 13 11
1 7 16
9 0 8
14 10 13
1 13 11
0 11 14
8 11 8
14 0 12
7 3 11
13 9 16
5 16 8
0 6 13
13 3 11
20
4 8
2 5
5 11
13 0
13 14
8 3
12 6
1 15
1 5
8 15
10 8
12 11
9 5
1 16
1 2
6 13
2 10
13 1
13 11
6 1
