10 19
-11 6 -7 2 5 -7 6 7 7 11 7 3 8 12 9 12 7 5 10 
6 0 7 -11 -12 -4 -9 8 -3 -6 10 -2 -6 -7 5 11 -8 -2 -6 
10 -2 3 12 -6 6 2 -10 3 6 7 -10 2 8 6 -3 12 9 -4 
6 12 4 12 6 4 4 2 11 3 12 7 1 5 8 9 5 -12 4 
7 2 3 -3 11 4 3 11 5 -9 4 4 -3 7 -4 -4 -4 8 7 
7 8 -4 -4 -4 7 -3 4 4 -9 5 11 3 4 11 -3 3 2 7 
4 -12 5 9 8 5 1 7 12 3 11 2 4 4 6 12 4 12 6 
-4 9 12 -3 6 8 2 -10 7 6 3 -10 2 6 -6 12 3 -2 10 
-6 -2 -8 11 5 -7 -6 -2 10 -6 -3 8 -9 -4 -12 -11 7 0 6 
10 5 7 12 9 12 8 3 7 11 7 7 6 -7 5 2 -7 6 -11 
35
2
1 14
3 16
8 4
6 2
16
6 3 14
9 14 11
1 6 10
8 1 15
9 15 12
7 14 11
2 6 15
9 4 14
3 15 14
0 4 11
8 12 10
1 17 15
0 3 12
2 4 11
7 12 15
0 14 14
16
4 0
1 0
3 10
3 0
0 11
7 11
3 14
8 0
5 18
8 18
6 8
6 18
9 7
2 7
6 4
1 18
