18 11
13 -14 5 -3 -9 1 13 4 7 3 -5 
6 -3 -16 1 6 6 -3 8 1 12 8 
1 12 6 2 -15 15 1 10 11 1 5 
1 8 10 -8 -8 15 16 7 2 -15 11 
14 -13 2 15 4 -9 8 11 1 -7 13 
7 1 5 4 1 8 -8 -10 -1 13 -12 
-15 14 8 12 3 10 14 14 14 -4 4 
13 15 0 7 3 -10 14 14 13 10 4 
9 12 16 3 6 2 -3 5 15 0 5 
5 0 15 5 -3 2 6 3 16 12 9 
4 10 13 14 14 -10 3 7 0 15 13 
4 -4 14 14 14 10 3 12 8 14 -15 
-12 13 -1 -10 -8 8 1 4 5 1 7 
13 -7 1 11 8 -9 4 15 2 -13 14 
11 -15 2 7 16 15 -8 -8 10 8 1 
5 1 11 10 1 15 -15 2 6 12 1 
8 12 1 8 -3 6 6 1 -16 -3 6 
-5 3 7 4 13 1 -9 -3 5 -14 13 
44
7
15 1
9 8
14 8
6 10
10 7
11 4
0 4
2 9
8 2
3 2
11 0
7 3
6 6
17 6
6
11 9 12
16 1 11
10 2 16
6 1 12
1 9 11
7 8 16
18
15 3
9 7
4 8
15 5
13 1
7 6
11 6
13 8
6 8
2 7
8 3
13 2
2 5
4 9
10 4
6 4
4 2
11 2
