20 13
14 7 2 9 7 -7 14 2 -10 6 10 -1 -11 
12 6 12 8 0 14 3 -1 3 3 3 15 11 
4 2 4 7 16 13 8 4 -9 2 -2 -16 13 
16 17 16 4 5 11 6 13 -1 12 9 -2 4 
14 6 -7 2 1 11 1 7 -4 4 -16 7 -4 
15 2 13 -15 3 2 -9 10 12 -16 -2 8 16 
-4 7 3 12 -14 -2 10 10 17 12 -11 -1 6 
13 4 -10 -8 5 -3 0 15 6 -16 -14 15 12 
5 5 4 -12 3 12 2 14 4 7 3 2 4 
1 6 -11 4 2 7 10 16 12 14 9 -16 17 
17 -16 9 14 12 16 10 7 2 4 -11 6 1 
4 2 3 7 4 14 2 12 3 -12 4 5 5 
12 15 -14 -16 6 15 0 -3 5 -8 -10 4 13 
6 -1 -11 12 17 10 10 -2 -14 12 3 7 -4 
16 8 -2 -16 12 10 -9 2 3 -15 13 2 15 
-4 7 -16 4 -4 7 1 11 1 2 -7 6 14 
4 -2 9 12 -1 13 6 11 5 4 16 17 16 
13 -16 -2 2 -9 4 8 13 16 7 4 2 4 
11 15 3 3 3 -1 3 14 0 8 12 6 12 
-11 -1 10 6 -10 2 14 -7 7 9 2 7 14 
53
2
8 6
13 10
11 6
6 2
20
13 9 8
13 6 9
13 11 9
17 7 13
0 3 13
18 7 12
16 6 14
14 0 15
15 12 13
17 11 8
6 3 8
6 6 9
6 1 9
2 5 13
19 9 13
1 5 12
3 6 14
5 12 15
4 0 13
2 1 8
24
12 0
15 9
2 8
3 4
9 1
15 8
0 4
19 7
8 11
7 10
1 0
12 10
7 12
4 3
17 4
16 8
10 11
4 4
19 8
0 5
11 1
12 2
18 12
7 2
