20 20
3 7 -8 2 2 -6 -5 9 3 3 5 1 -6 11 5 2 10 11 -5 3 
11 2 -6 9 8 5 8 11 7 -1 0 0 10 8 2 7 3 6 3 10 
-3 4 -9 11 9 8 -7 -7 2 4 8 -9 1 1 7 1 10 7 3 -1 
-11 0 11 0 -10 6 9 -7 0 10 3 -5 5 7 1 4 9 10 -4 -11 
4 -8 1 9 8 10 3 3 1 6 5 2 6 5 -8 3 2 2 -5 1 
5 -9 4 2 5 0 9 10 0 11 -11 -11 9 -6 9 8 6 -2 -6 8 
1 -3 -4 -9 7 6 3 8 6 -5 5 2 1 8 3 -8 9 7 5 10 
6 2 7 0 0 4 1 5 -6 11 -1 -7 7 -6 1 10 1 -6 6 11 
3 0 -8 0 1 7 1 -6 -5 4 9 11 -8 9 7 2 8 1 5 7 
5 11 11 3 11 10 6 5 -10 8 7 -9 2 8 -10 -9 5 10 -11 4 
4 -11 10 5 -9 -10 8 2 -9 7 8 -10 5 6 10 11 3 11 11 5 
7 5 1 8 2 7 9 -8 11 9 4 -5 -6 1 7 1 0 -8 0 3 
11 6 -6 1 10 1 -6 7 -7 -1 11 -6 5 1 4 0 0 7 2 6 
10 5 7 9 -8 3 8 1 2 5 -5 6 8 3 6 7 -9 -4 -3 1 
8 -6 -2 6 8 9 -6 9 -11 -11 11 0 10 9 0 5 2 4 -9 5 
1 -5 2 2 3 -8 5 6 2 5 6 1 3 3 10 8 9 1 -8 4 
-11 -4 10 9 4 1 7 5 -5 3 10 0 -7 9 6 -10 0 11 0 -11 
-1 3 7 10 1 7 1 1 -9 8 4 2 -7 -7 8 9 11 -9 4 -3 
10 3 6 3 7 2 8 10 0 0 -1 7 11 8 5 8 9 -6 2 11 
3 -5 11 10 2 5 11 -6 1 5 3 3 9 -5 -6 2 2 -8 7 3 
34
5
4 13
3 9
8 1
6 1
13 17
15 6
16 10
11 18
13 18
6 2
14
11 1 13
7 9 12
13 3 16
18 8 13
3 12 11
9 11 16
6 8 16
8 18 13
12 10 12
6 16 16
1 11 13
16 7 11
10 8 16
13 11 16
0
