20 20
1 -1 3 6 -5 9 2 0 5 12 -2 10 8 3 1 11 11 9 11 2 
1 -3 10 -3 -10 12 9 3 3 -5 7 10 7 9 6 5 6 -6 7 4 
3 1 6 1 10 -1 2 8 12 -12 -4 4 0 6 11 11 -1 9 11 10 
-4 9 11 0 -3 12 9 12 9 11 11 -3 10 2 5 -8 10 12 3 -3 
11 -7 2 5 9 6 -8 3 -7 7 0 0 3 3 4 8 8 5 11 -6 
0 12 10 4 -8 3 -10 3 1 7 12 -2 7 1 -9 -6 8 -4 12 -11 
1 11 3 5 -9 4 7 7 11 10 7 10 -1 9 2 6 11 3 4 1 
9 9 3 4 8 12 -8 12 -7 -10 -3 10 -8 11 6 1 0 12 -11 4 
12 -7 -4 10 -7 1 2 4 11 11 9 6 3 10 0 -12 12 5 2 5 
10 6 8 2 1 11 3 0 -11 4 -4 -3 2 4 10 6 -9 4 2 3 
3 2 4 -9 6 10 4 2 -3 -4 4 -11 0 3 11 1 2 8 6 10 
5 2 5 12 -12 0 10 3 6 9 11 11 4 2 1 -7 10 -4 -7 12 
4 -11 12 0 1 6 11 -8 10 -3 -10 -7 12 -8 12 8 4 3 9 9 
1 4 3 11 6 2 9 -1 10 7 10 11 7 7 4 -9 5 3 11 1 
-11 12 -4 8 -6 -9 1 7 -2 12 7 1 3 -10 3 -8 4 10 12 0 
-6 11 5 8 8 4 3 3 0 0 7 -7 3 -8 6 9 5 2 -7 11 
-3 3 12 10 -8 5 2 10 -3 11 11 9 12 9 12 -3 0 11 9 -4 
10 11 9 -1 11 11 6 0 4 -4 -12 12 8 2 -1 10 1 6 1 3 
4 7 -6 6 5 6 9 7 10 7 -5 3 3 9 12 -10 -3 10 -3 1 
2 11 9 11 11 1 3 8 10 -2 12 5 0 2 9 -5 6 3 -1 1 
38
7
16 3
12 15
17 18
17 5
8 14
5 12
11 14
3 16
7 4
2 1
2 14
11 5
14 7
8 5
8
17 3 11
11 19 15
8 9 11
6 17 10
2 16 11
8 0 15
11 10 11
13 2 10
0
