20 20
1 -7 15 12 3 -12 4 7 -13 7 13 6 -5 6 12 8 12 11 13 -9 
8 11 10 12 9 1 5 3 11 2 -13 13 -7 -2 14 -1 4 8 9 -5 
14 6 13 13 10 14 1 10 -11 -6 15 14 -10 13 3 2 -13 11 -8 12 
6 2 8 12 10 8 15 -1 3 5 0 5 -1 7 -15 1 9 11 12 -2 
5 -1 2 1 6 -7 8 -12 4 6 10 5 0 12 12 -14 14 7 -12 1 
10 5 -7 -3 -5 12 -13 -9 8 10 9 -2 -7 7 4 9 2 -4 10 4 
0 13 4 9 -8 9 -3 8 3 5 13 -10 2 1 15 5 8 9 14 8 
-15 -1 -2 4 9 13 -8 3 7 11 7 13 9 3 -3 12 -8 7 9 6 
2 8 5 -7 9 -7 6 13 -13 6 6 -14 15 6 5 13 -14 -7 8 -7 
12 9 5 11 5 4 0 -6 2 -2 10 -13 -9 5 -12 5 14 15 -7 -1 
-1 -7 15 14 5 -12 5 -9 -13 10 -2 2 -6 0 4 5 11 5 9 12 
-7 8 -7 -14 13 5 6 15 -14 6 6 -13 13 6 -7 9 -7 5 8 2 
6 9 7 -8 12 -3 3 9 13 7 11 7 3 -8 13 9 4 -2 -1 -15 
8 14 9 8 5 15 1 2 -10 13 5 3 8 -3 9 -8 9 4 13 0 
4 10 -4 2 9 4 7 -7 -2 9 10 8 -9 -13 12 -5 -3 -7 5 10 
1 -12 7 14 -14 12 12 0 5 10 6 4 -12 8 -7 6 1 2 -1 5 
-2 12 11 9 1 -15 7 -1 5 0 5 3 -1 15 8 10 12 8 2 6 
12 -8 11 -13 2 3 13 -10 14 15 -6 -11 10 1 14 10 13 13 6 14 
-5 9 8 4 -1 14 -2 -7 13 -13 2 11 3 5 1 9 12 10 11 8 
-9 13 11 12 8 12 6 -5 6 13 7 -13 7 4 -12 3 12 15 -7 1 
43
3
8 6
10 11
9 0
11 13
9 8
10 19
20
15 7 15
19 6 12
14 0 12
10 13 15
6 17 8
17 15 14
0 19 16
8 7 10
4 16 13
5 9 13
4 12 15
0 13 12
5 19 12
9 6 15
13 2 8
2 4 14
19 0 16
11 12 10
15 3 13
14 10 13
0
