20 20
4 7 2 -3 -7 -2 0 3 -7 -7 -11 -7 6 10 11 11 6 10 3 5 
9 5 3 8 5 -9 4 -3 7 2 -11 -1 4 6 5 11 6 3 0 -8 
-4 6 3 5 6 2 7 3 3 -1 9 7 3 1 -7 4 -9 7 2 9 
10 10 1 -6 9 3 -11 -6 -7 0 7 3 -3 9 -1 4 -7 0 3 7 
9 4 0 6 1 5 3 3 11 1 3 6 4 9 8 1 9 -9 6 7 
3 5 -4 -2 9 2 7 0 6 7 -10 6 8 9 8 4 11 -9 0 11 
4 6 9 1 8 4 -4 9 3 2 -1 -2 -10 8 1 -5 2 5 2 7 
10 3 -9 9 10 5 1 11 1 -4 0 9 6 -11 2 -8 -9 4 2 -6 
10 6 5 -7 3 -9 4 9 3 10 6 0 6 7 8 -8 -4 -3 4 4 
5 2 -2 1 11 -9 10 -11 10 -6 11 2 -7 10 2 -10 9 7 -7 -3 
-3 -7 7 9 -10 2 10 -7 2 11 -6 10 -11 10 -9 11 1 -2 2 5 
4 4 -3 -4 -8 8 7 6 0 6 10 3 9 4 -9 3 -7 5 6 10 
-6 2 4 -9 -8 2 -11 6 9 0 -4 1 11 1 5 10 9 -9 3 10 
7 2 5 2 -5 1 8 -10 -2 -1 2 3 9 -4 4 8 1 9 6 4 
11 0 -9 11 4 8 9 8 6 -10 7 6 0 7 2 9 -2 -4 5 3 
7 6 -9 9 1 8 9 4 6 3 1 11 3 3 5 1 6 0 4 9 
7 3 0 -7 4 -1 9 -3 3 7 0 -7 -6 -11 3 9 -6 1 10 10 
9 2 7 -9 4 -7 1 3 7 9 -1 3 3 7 2 6 5 3 6 -4 
-8 0 3 6 11 5 6 4 -1 -11 2 7 -3 4 -9 5 8 3 5 9 
5 3 10 6 11 11 10 6 -7 -11 -7 -7 3 0 -2 -7 -3 2 7 4 
45
2
9 2
13 3
10 17
6 16
14
8 7 16
5 16 13
11 4 13
14 1 9
19 9 16
12 11 9
3 6 12
11 12 16
14 3 13
8 15 13
5 18 9
0 10 16
7 8 9
16 13 12
0
