15 14
27 -17 23 1 28 19 -24 3 -29 25 30 7 14 -25 
-18 29 -3 13 -11 18 16 -26 -14 25 25 10 17 10 
7 -18 12 7 19 17 7 17 13 8 21 -6 -27 -17 
-30 28 16 -17 16 -22 20 28 -6 2 -19 3 7 -26 
7 -19 25 -13 -2 2 29 8 5 -16 -2 4 10 23 
9 27 1 4 15 16 22 8 27 -26 19 5 -6 18 
-22 -15 -6 0 15 30 18 -28 24 -14 25 17 22 19 
18 -13 -18 -12 -6 5 27 27 5 -6 -12 -18 -13 18 
19 22 17 25 -14 24 -28 18 30 15 0 -6 -15 -22 
18 -6 5 19 -26 27 8 22 16 15 4 1 27 9 
23 10 4 -2 -16 5 8 29 2 -2 -13 25 -19 7 
-26 7 3 -19 2 -6 28 20 -22 16 -17 16 28 -30 
-17 -27 -6 21 8 13 17 7 17 19 7 12 -18 7 
10 17 10 25 25 -14 -26 16 18 -11 13 -3 29 -18 
-25 14 7 30 25 -29 3 -24 19 28 1 23 -17 27 
55
8
0 1
8 6
2 6
13 0
10 0
11 2
4 5
5 3
14 12
6 7
12 7
1 13
4 13
3 11
10 8
9 10
18
0 10 8
11 0 8
6 0 9
1 8 16
8 5 8
7 3 8
0 3 14
1 9 11
3 12 13
14 3 8
3 13 8
8 13 9
13 5 16
6 8 8
7 10 8
14 10 14
13 4 11
11 1 13
14
4 12
2 10
7 6
6 3
8 12
11 12
12 11
10 1
12 3
7 7
8 10
6 1
3 1
2 2
