20 20
-1 4 3 3 -6 9 9 -2 6 10 10 3 -4 8 7 4 1 -6 3 0 
-4 5 7 10 4 6 5 0 10 1 2 -8 4 -7 1 -6 8 8 2 10 
3 4 -10 -4 -10 -7 10 8 10 4 8 -6 1 7 4 4 2 10 7 -7 
-10 8 7 8 7 10 -7 3 -1 7 -5 3 -4 7 4 -8 2 4 10 -3 
9 8 1 10 2 -10 7 4 2 -1 -1 4 4 -2 7 8 3 -2 5 -7 
1 1 4 4 7 3 5 -3 6 10 6 6 5 2 2 -6 3 -7 0 3 
-3 9 0 -7 5 -1 -9 10 7 6 -3 7 9 10 1 10 -7 -6 1 5 
5 4 0 2 -6 3 -8 9 -8 3 6 4 2 -2 10 10 0 6 -7 -7 
6 9 -7 6 5 1 -7 3 7 7 3 0 9 9 1 6 6 -7 8 8 
4 -3 7 1 -1 -3 3 10 -8 2 3 2 9 2 10 -5 4 10 -3 0 
0 -3 10 4 -5 10 2 9 2 3 2 -8 10 3 -3 -1 1 7 -3 4 
8 8 -7 6 6 1 9 9 0 3 7 7 3 -7 1 5 6 -7 9 6 
-7 -7 6 0 10 10 -2 2 4 6 3 -8 9 -8 3 -6 2 0 4 5 
5 1 -6 -7 10 1 10 9 7 -3 6 7 10 -9 -1 5 -7 0 9 -3 
3 0 -7 3 -6 2 2 5 6 6 10 6 -3 5 3 7 4 4 1 1 
-7 5 -2 3 8 7 -2 4 4 -1 -1 2 4 7 -10 2 10 1 8 9 
-3 10 4 2 -8 4 7 -4 3 -5 7 -1 3 -7 10 7 8 7 8 -10 
-7 7 10 2 4 4 7 1 -6 8 4 10 8 10 -7 -10 -4 -10 4 3 
10 2 8 8 -6 1 -7 4 -8 2 1 10 0 5 6 4 10 7 5 -4 
0 3 -6 1 4 7 8 -4 3 10 10 6 -2 9 9 -6 3 3 4 -1 
41
4
11 16
0 12
12 11
13 0
8 3
19 7
7 8
6 19
10
17 15 12
2 9 8
12 6 15
12 14 15
13 11 14
2 4 12
17 10 8
7 13 15
7 5 15
6 8 14
0
