11 17
-2 1 -5 9 9 5 -5 -8 10 -1 2 7 6 4 4 1 -9 
-1 3 4 -7 1 -9 8 7 3 9 7 3 8 5 -1 1 7 
-9 8 4 0 9 -1 4 0 7 10 2 9 -4 -6 10 2 0 
4 5 7 -3 6 9 -4 -8 7 9 3 10 9 -6 5 -7 6 
-1 0 7 6 -1 4 1 5 -3 -4 4 9 9 -9 3 6 -4 
-2 8 -5 -7 9 8 9 1 -10 1 9 8 9 -7 -5 8 -2 
-4 6 3 -9 9 9 4 -4 -3 5 1 4 -1 6 7 0 -1 
6 -7 5 -6 9 10 3 9 7 -8 -4 9 6 -3 7 5 4 
0 2 10 -6 -4 9 2 10 7 0 4 -1 9 0 4 8 -9 
7 1 -1 5 8 3 7 9 3 7 8 -9 1 -7 4 3 -1 
-9 1 4 4 6 7 2 -1 10 -8 -5 5 9 9 -5 1 -2 
42
3
1 10
6 0
1 3
9 6
4 16
9 13
16
5 8 12
2 7 12
10 9 12
1 15 14
1 7 12
10 2 13
8 10 8
9 11 11
5 8 12
8 9 12
0 7 12
9 1 14
9 9 12
0 14 13
2 6 8
1 5 11
18
2 0
4 8
4 9
9 4
0 4
7 9
6 15
4 11
9 3
8 16
6 8
6 7
1 12
10 12
3 7
4 1
6 5
1 13
