11 15
4 3 -3 -1 4 -5 3 -1 3 3 5 3 1 2 3 
2 5 4 4 3 3 3 5 5 -2 2 5 4 3 2 
2 5 -4 -3 0 0 -2 -1 -5 -3 2 2 1 -2 3 
2 4 2 5 1 3 4 5 3 2 5 2 0 2 -2 
3 1 5 4 2 -5 -5 -2 -2 0 4 -3 3 5 4 
-3 4 4 0 4 1 5 3 5 1 4 0 4 4 -3 
4 5 3 -3 4 0 -2 -2 -5 -5 2 4 5 1 3 
-2 2 0 2 5 2 3 5 4 3 1 5 2 4 2 
3 -2 1 2 2 -3 -5 -1 -2 0 0 -3 -4 5 2 
2 3 4 5 2 -2 5 5 3 3 3 4 4 5 2 
3 2 1 3 5 3 3 -1 3 -5 4 -1 -3 3 4 
54
7
4 2
4 13
6 13
5 14
1 9
8 5
8 13
6 12
6 1
4 1
5 0
9 5
2 9
2 1
10
1 7 13
4 11 10
6 8 8
8 14 11
4 9 14
9 7 13
6 3 10
4 6 8
2 0 11
6 5 14
12
2 5
6 9
3 11
10 12
3 12
1 6
8 9
4 5
7 3
0 2
7 2
9 8
