16 19
-9 15 13 8 11 3 5 -8 -13 -13 13 -8 5 8 0 -4 7 -1 14 
3 15 -8 11 -14 -4 16 -3 0 6 6 5 1 8 5 9 16 14 4 
16 -12 -10 4 9 6 14 11 6 -8 -9 6 2 9 9 5 3 10 -15 
15 13 14 5 -4 11 7 -15 -14 -7 1 12 10 1 13 10 7 2 1 
-8 14 -15 12 -14 12 -15 15 5 12 9 16 3 5 8 8 9 -2 16 
15 5 9 14 -9 6 8 3 12 15 16 -16 -4 13 13 15 -16 10 6 
-10 15 14 15 2 -5 12 5 14 11 8 14 -5 5 4 5 11 7 10 
12 5 4 16 9 2 0 -10 8 -10 11 2 13 -13 4 -2 9 11 11 
11 11 9 -2 4 -13 13 2 11 -10 8 -10 0 2 9 16 4 5 12 
10 7 11 5 4 5 -5 14 8 11 14 5 12 -5 2 15 14 15 -10 
6 10 -16 15 13 13 -4 -16 16 15 12 3 8 6 -9 14 9 5 15 
16 -2 9 8 8 5 3 16 9 12 5 15 -15 12 -14 12 -15 14 -8 
1 2 7 10 13 1 10 12 1 -7 -14 -15 7 11 -4 5 14 13 15 
-15 10 3 5 9 9 2 6 -9 -8 6 11 14 6 9 4 -10 -12 16 
4 14 16 9 5 8 1 5 6 6 0 -3 16 -4 -14 11 -8 15 3 
14 -1 7 -4 0 8 5 -8 13 -13 -13 -8 5 3 11 8 13 15 -9 
30
6
3 6
5 18
8 12
9 15
4 15
6 4
12 12
10 0
7 6
6 3
11 3
9 14
20
6 15 13
6 9 13
12 5 9
10 11 11
4 17 12
11 13 9
8 15 13
11 15 14
13 11 8
12 7 9
9 3 13
9 9 13
3 13 9
5 7 11
11 1 12
4 5 9
7 3 13
4 3 14
2 7 8
3 11 9
30
0 9
7 18
7 11
12 13
2 16
9 5
9 7
2 12
1 8
11 5
6 18
3 18
1 0
10 1
15 10
15 9
8 0
8 7
3 5
13 2
6 13
6 11
13 6
14 10
4 13
9 0
12 0
14 18
5 17
0 8
