10 13
10 18 19 10 9 -5 9 2 15 2 1 3 -13 
17 2 2 7 6 15 16 18 -7 -17 15 17 -18 
13 -12 9 7 16 10 5 -5 15 11 6 10 6 
17 -1 6 -8 -14 15 2 -12 -6 -19 17 -9 -14 
1 17 -7 -3 15 -8 -19 -18 5 2 8 19 8 
8 19 8 2 5 -18 -19 -8 15 -3 -7 17 1 
-14 -9 17 -19 -6 -12 2 15 -14 -8 6 -1 17 
6 10 6 11 15 -5 5 10 16 7 9 -12 13 
-18 17 15 -17 -7 18 16 15 6 7 2 2 17 
-13 3 1 2 15 2 9 -5 9 10 19 18 10 
49
6
9 5
2 5
8 2
1 12
3 8
4 6
0 7
7 7
1 10
8 0
6 4
5 6
20
4 1 13
4 12 14
8 10 11
2 7 13
6 11 13
8 11 9
2 11 14
5 12 9
5 3 10
9 11 8
5 11 13
5 0 14
1 2 11
7 5 13
3 1 13
1 1 9
7 1 14
4 0 9
4 9 10
0 1 8
10
6 1
4 10
6 12
1 3
0 3
3 11
5 2
3 0
8 9
9 9
