20 14
-3 3 -3 0 1 4 4 1 3 -4 2 -4 -4 2 
2 1 0 0 1 3 2 1 4 1 1 -3 1 3 
2 0 1 -4 0 -1 3 0 3 2 3 -2 3 4 
3 -2 -1 -4 3 2 2 4 0 1 0 4 2 3 
-4 1 2 4 3 -1 4 3 4 3 2 3 1 4 
-1 -4 2 -3 1 -2 0 2 1 -4 0 3 0 3 
3 -4 4 3 -3 3 2 3 3 0 2 1 3 4 
4 0 0 -3 -1 1 3 4 -2 -3 2 2 3 3 
0 0 0 1 0 -4 3 0 2 1 3 2 0 -1 
1 4 1 -3 -1 0 0 2 2 0 -3 -2 1 4 
4 1 -2 -3 0 2 2 0 0 -1 -3 1 4 1 
-1 0 2 3 1 2 0 3 -4 0 1 0 0 0 
3 3 2 2 -3 -2 4 3 1 -1 -3 0 0 4 
4 3 1 2 0 3 3 2 3 -3 3 4 -4 3 
3 0 3 0 -4 1 2 0 -2 1 -3 2 -4 -1 
4 1 3 2 3 4 3 4 -1 3 4 2 1 -4 
3 2 4 0 1 0 4 2 2 3 -4 -1 -2 3 
4 3 -2 3 2 3 0 3 -1 0 -4 1 0 2 
3 1 -3 1 1 4 1 2 3 1 0 0 1 2 
2 -4 -4 2 -4 3 1 4 4 1 0 -3 3 -3 
39
7
2 3
7 10
0 13
8 1
18 1
1 7
17 2
17 10
12 3
19 0
11 12
1 12
18 6
2 11
14
11 1 14
4 6 12
8 4 10
10 6 11
15 1 16
13 11 11
15 0 10
8 12 14
15 7 12
11 9 10
9 7 11
4 12 16
6 2 11
4 13 10
28
3 5
15 6
9 10
17 11
11 7
1 2
12 4
14 7
3 6
2 8
19 9
9 5
13 3
13 12
16 8
4 7
10 3
2 2
8 6
18 11
7 9
5 6
16 7
17 5
0 4
10 8
6 10
6 1
