18 19
7 2 0 1 -5 1 7 5 7 -5 4 -3 5 -2 5 3 1 -4 0 
7 -4 4 -7 -2 7 5 -4 5 1 6 1 6 4 -5 6 -6 2 4 
1 7 3 0 5 3 7 5 -7 -1 7 0 5 -3 -3 3 2 5 2 
1 -3 1 4 6 4 5 0 7 0 4 -4 -6 5 1 3 1 2 -2 
5 5 2 5 3 5 4 0 2 5 5 7 4 7 0 -1 2 4 1 
1 5 7 7 4 6 4 2 -1 -2 -1 2 3 1 1 7 -6 2 2 
7 4 4 4 6 2 4 7 4 0 1 1 4 -6 6 1 -3 6 4 
6 6 5 6 -2 6 2 6 -2 7 3 0 6 3 0 6 6 -5 7 
4 0 2 6 5 0 0 -5 6 2 5 6 7 2 -1 5 4 4 7 
7 4 4 5 -1 2 7 6 5 2 6 -5 0 0 5 6 2 0 4 
7 -5 6 6 0 3 6 0 3 7 -2 6 2 6 -2 6 5 6 6 
4 6 -3 1 6 -6 4 1 1 0 4 7 4 2 6 4 4 4 7 
2 2 -6 7 1 1 3 2 -1 -2 -1 2 4 6 4 7 7 5 1 
1 4 2 -1 0 7 4 7 5 5 2 0 4 5 3 5 2 5 5 
-2 2 1 3 1 5 -6 -4 4 0 7 0 5 4 6 4 1 -3 1 
2 5 2 3 -3 -3 5 0 7 -1 -7 5 7 3 5 0 3 7 1 
4 2 -6 6 -5 4 6 1 6 1 5 -4 5 7 -2 -7 4 -4 7 
0 -4 1 3 5 -2 5 -3 4 -5 7 5 7 1 -5 1 0 2 7 
43
3
13 1
6 1
17 5
4 17
11 17
0 13
6
15 5 10
15 0 9
4 3 14
2 13 10
2 18 9
13 15 14
32
12 10
7 9
1 5
1 9
13 16
8 16
8 15
5 4
9 10
1 12
16 4
13 11
0 16
9 12
17 4
2 11
5 8
10 9
16 13
16 9
4 2
9 2
9 3
12 14
8 8
16 6
1 14
4 7
17 2
8 6
0 14
15 7
