11 17
0 5 6 1 13 -12 7 9 12 8 -3 -4 -13 3 14 13 -6 
13 4 14 11 5 14 2 6 8 3 -7 -3 3 0 5 7 -13 
-6 2 7 6 -7 3 10 15 11 5 6 16 12 6 -14 -11 10 
1 8 -6 0 5 16 -6 11 8 10 10 -5 -14 -16 -6 -9 2 
-2 -1 2 -9 2 1 -15 5 -8 -4 3 -6 12 7 12 9 1 
-5 10 14 1 6 -15 -7 2 15 2 -7 -15 6 1 14 10 -5 
1 9 12 7 12 -6 3 -4 -8 5 -15 1 2 -9 2 -1 -2 
2 -9 -6 -16 -14 -5 10 10 8 11 -6 16 5 0 -6 8 1 
10 -11 -14 6 12 16 6 5 11 15 10 3 -7 6 7 2 -6 
-13 7 5 0 3 -3 -7 3 8 6 2 14 5 11 14 4 13 
-6 13 14 3 -13 -4 -3 8 12 9 7 -12 13 1 6 5 0 
55
5
1 4
6 2
10 1
3 14
6 12
9 12
4 14
0 15
7 2
4 4
16
9 6 9
5 6 12
0 11 10
0 12 16
4 15 10
3 1 14
10 14 14
5 3 8
1 10 9
5 10 12
10 5 10
10 4 16
6 1 10
7 15 14
0 2 14
5 13 8
12
1 0
2 13
2 3
4 0
4 2
10 2
9 16
8 3
8 13
6 16
6 14
0 14
