20 20
12 3 13 13 -2 12 1 2 10 7 6 4 12 13 5 8 -12 -13 13 5 
-4 6 -13 6 2 -5 2 13 8 2 11 -12 7 10 9 8 7 0 12 1 
8 -8 10 -1 -7 5 -1 11 -3 11 3 10 3 9 -4 -2 2 6 -6 9 
8 -11 5 -12 0 11 -5 11 7 -13 5 3 9 11 -11 3 12 12 10 4 
8 5 -1 -9 13 4 6 2 13 4 10 3 -12 12 5 12 -9 -1 7 -13 
10 11 4 8 6 9 -8 -6 4 -7 5 -5 -12 6 12 3 4 5 13 -9 
-11 8 -5 4 5 -2 9 11 -5 13 5 -5 9 10 13 3 2 7 -3 2 
7 -6 12 1 9 2 1 6 3 11 -9 -5 13 4 10 -12 -6 5 10 -7 
7 8 4 1 4 -13 12 4 -10 -11 2 5 -11 3 13 -8 2 6 -9 10 
9 1 3 1 11 5 7 -6 3 -10 3 10 4 8 9 3 12 3 -13 5 
5 -13 3 12 3 9 8 4 10 3 -10 3 -6 7 5 11 1 3 1 9 
10 -9 6 2 -8 13 3 -11 5 2 -11 -10 4 12 -13 4 1 4 8 7 
-7 10 5 -6 -12 10 4 13 -5 -9 11 3 6 1 2 9 1 12 -6 7 
2 -3 7 2 3 13 10 9 -5 5 13 -5 11 9 -2 5 4 -5 8 -11 
-9 13 5 4 3 12 6 -12 -5 5 -7 4 -6 -8 9 6 8 4 11 10 
-13 7 -1 -9 12 5 12 -12 3 10 4 13 2 6 4 13 -9 -1 5 8 
4 10 12 12 3 -11 11 9 3 5 -13 7 11 -5 11 0 -12 5 -11 8 
9 -6 6 2 -2 -4 9 3 10 3 11 -3 11 -1 5 -7 -1 10 -8 8 
1 12 0 7 8 9 10 7 -12 11 2 8 13 2 -5 2 6 -13 6 -4 
5 13 -13 -12 8 5 13 12 4 6 7 10 2 1 12 -2 13 13 3 12 
48
6
13 7
11 18
17 12
16 17
18 16
15 12
6 12
8 1
2 7
3 2
1 3
4 7
20
17 6 11
15 9 8
12 1 8
12 13 9
13 16 11
2 3 13
0 18 9
4 15 9
12 6 8
2 5 13
2 13 11
4 10 8
7 18 8
7 6 9
6 3 11
17 16 13
19 1 9
15 4 9
7 13 8
17 14 13
0
