17 11
4 6 1 -2 2 5 5 5 6 5 6 
6 6 -4 0 -1 -2 1 1 2 4 3 
3 1 4 5 5 1 -5 2 -6 2 3 
-5 1 -4 4 3 4 5 6 1 6 2 
0 5 -5 0 5 4 -6 5 4 6 4 
4 3 1 5 6 3 5 0 1 4 -1 
2 0 5 4 0 6 5 1 0 -6 3 
6 -4 2 6 -6 6 -1 3 3 -4 5 
5 5 -6 4 6 2 6 4 -6 5 5 
5 -4 3 3 -1 6 -6 6 2 -4 6 
3 -6 0 1 5 6 0 4 5 0 2 
-1 4 1 0 5 3 6 5 1 3 4 
4 6 4 5 -6 4 5 0 -5 5 0 
2 6 1 6 5 4 3 4 -4 1 -5 
3 2 -6 2 -5 1 5 5 4 1 3 
3 4 2 1 1 -2 -1 0 -4 6 6 
6 5 6 5 5 5 2 -2 1 6 4 
31
3
13 5
15 9
10 3
3 5
1 1
6 7
16
8 7 11
14 8 13
14 4 14
6 1 14
9 4 8
8 1 8
3 1 9
8 2 10
8 3 11
2 2 13
2 6 14
10 9 14
7 6 8
8 9 8
13 9 9
8 8 10
18
3 6
2 1
7 8
10 6
11 1
12 4
0 4
9 7
4 2
13 4
14 9
9 2
6 4
5 9
4 6
16 6
7 3
12 8
