11 10
7 12 11 5 -5 0 -12 -10 -10 10 
6 9 11 1 11 2 5 6 12 2 
8 10 8 -4 1 11 3 -1 12 -1 
2 11 -3 7 6 11 9 -3 3 3 
11 8 8 5 8 12 6 -5 6 -3 
3 7 6 -12 10 10 -12 6 7 3 
-3 6 -5 6 12 8 5 8 8 11 
3 3 -3 9 11 6 7 -3 11 2 
-1 12 -1 3 11 1 -4 8 10 8 
2 12 6 5 2 11 1 11 9 6 
10 -10 -10 -12 0 -5 5 11 12 7 
33
5
6 1
2 9
0 5
2 4
8 3
4 8
8 0
10 4
8 5
2 6
20
9 6 14
6 2 16
0 3 16
1 6 14
4 1 16
3 1 8
10 3 13
0 8 16
7 6 8
3 8 11
1 3 14
4 7 16
10 6 16
9 3 14
6 8 16
7 8 8
0 6 13
10 1 16
3 3 8
7 1 11
6
0 4
6 7
8 1
10 5
4 2
2 8
