20 20
14 -14 -2 9 -5 12 5 8 10 9 13 1 11 8 10 2 8 6 -12 -1 
1 6 1 -3 -7 -5 -12 -8 14 6 3 2 11 0 5 10 -14 -11 8 2 
12 5 -13 1 -1 -9 10 11 12 8 8 5 -10 7 10 0 0 12 1 -4 
3 1 3 8 0 4 1 13 -2 1 14 -6 9 -6 14 3 -9 5 7 -1 
8 1 4 -10 4 4 14 8 5 13 6 12 9 14 13 9 0 6 -11 1 
13 5 10 5 5 2 8 4 3 3 -14 -7 13 13 10 4 -7 7 -13 -3 
-3 -13 9 -7 14 8 10 3 13 6 11 10 -11 2 -10 -4 3 -1 13 -13 
5 5 4 11 11 4 -9 7 11 4 9 3 13 10 12 3 -1 0 -13 11 
12 -9 10 0 4 -1 8 12 12 3 9 2 2 11 -11 10 14 1 -7 9 
2 10 9 9 9 13 3 -13 14 2 8 12 2 -4 7 4 8 0 6 11 
11 6 0 8 4 7 -4 2 12 8 2 14 -13 3 13 9 9 9 10 2 
9 -7 1 14 10 -11 11 2 2 9 3 12 12 8 -1 4 0 10 -9 12 
11 -13 0 -1 3 12 10 13 3 9 4 11 7 -9 4 11 11 4 5 5 
-13 13 -1 3 -4 -10 2 -11 10 11 6 13 3 10 8 14 -7 9 -13 -3 
-3 -13 7 -7 4 10 13 13 -7 -14 3 3 4 8 2 5 5 10 5 13 
1 -11 6 0 9 13 14 9 12 6 13 5 8 14 4 4 -10 4 1 8 
-1 7 5 -9 3 14 -6 9 -6 14 1 -2 13 1 4 0 8 3 1 3 
-4 1 12 0 0 10 7 -10 5 8 8 12 11 10 -9 -1 1 -13 5 12 
2 8 -11 -14 10 5 0 11 2 3 6 14 -8 -12 -5 -7 -3 1 6 1 
-1 -12 6 8 2 10 8 11 1 13 9 10 8 5 12 -5 9 -2 -14 14 
31
6
3 8
10 14
0 14
11 13
15 16
14 4
16 11
9 5
19 5
8 6
4 3
5 15
16
16 19 11
17 13 12
16 12 10
7 10 8
6 8 12
13 18 9
13 19 14
16 1 13
3 0 11
2 6 12
3 7 10
12 9 8
13 11 12
6 1 9
6 0 14
3 18 13
0
