17 20
2 1 2 2 2 2 0 3 1 1 3 3 -1 1 3 2 -1 -1 3 -1 
1 1 1 3 0 2 0 2 1 0 -3 1 0 1 1 3 1 1 2 1 
2 2 -2 2 -3 1 2 0 1 2 1 3 -3 1 -1 -3 -2 3 1 1 
2 -3 0 0 -3 3 -1 0 3 3 2 -2 2 1 2 -3 3 -2 3 1 
2 0 0 3 1 3 2 3 3 -1 0 3 -1 3 1 3 3 2 -2 -2 
3 1 -3 3 1 3 -3 0 3 -3 2 3 2 -1 3 1 3 -2 2 3 
0 2 2 3 2 2 2 1 1 0 3 1 3 3 3 3 0 3 2 -3 
3 1 3 0 2 0 -2 3 2 3 -3 3 3 3 0 2 3 1 1 0 
-2 3 0 -1 1 1 3 3 3 2 2 3 3 3 1 1 -1 0 3 -2 
0 1 1 3 2 0 3 3 3 -3 3 2 3 -2 0 2 0 3 1 3 
-3 2 3 0 3 3 3 3 1 3 0 1 1 2 2 2 3 2 2 0 
3 2 -2 3 1 3 -1 2 3 2 -3 3 0 -3 3 1 3 -3 1 3 
-2 -2 2 3 3 1 3 -1 3 0 -1 3 3 2 3 1 3 0 0 2 
1 3 -2 3 -3 2 1 2 -2 2 3 3 0 -1 3 -3 0 0 -3 2 
1 1 3 -2 -3 -1 1 -3 3 1 2 1 0 2 1 -3 2 -2 2 2 
1 2 1 1 3 1 1 0 1 -3 0 1 2 0 2 0 3 1 1 1 
-1 3 -1 -1 2 3 1 -1 3 3 1 1 3 0 2 2 2 2 1 2 
48
5
15 2
0 19
4 5
11 3
13 2
1 17
16 0
12 14
5 16
3 17
18
12 8 13
14 3 13
9 0 11
2 11 11
15 18 10
0 9 12
3 13 10
7 11 15
11 7 12
4 11 13
2 16 13
7 19 11
14 8 11
1 1 10
16 10 12
13 6 10
9 8 15
5 12 12
24
13 11
7 12
4 19
6 1
10 2
14 17
16 12
10 5
7 0
5 8
16 19
10 0
3 8
9 7
12 0
10 18
6 17
2 2
0 7
6 14
9 19
11 11
0 0
6 19
