19 16
7 2 4 -2 4 -7 5 3 6 -5 6 -1 -6 3 3 -5 
1 -5 6 4 0 6 1 -4 7 1 1 5 7 5 4 4 
3 5 2 4 -3 -2 1 0 7 1 1 1 4 7 0 2 
6 0 6 7 3 6 4 4 2 2 6 3 5 3 -7 0 
-6 4 -7 -7 6 -3 6 2 -6 2 5 0 4 -1 -5 -7 
1 6 2 2 6 -3 -2 6 2 6 2 0 4 6 0 3 
6 -2 -6 -5 1 4 2 4 1 2 -6 1 -1 5 -2 1 
-6 -4 3 -1 -7 -4 3 4 7 7 6 7 -1 4 6 0 
3 2 7 7 0 2 2 3 4 6 -7 6 1 -5 4 6 
6 -2 0 6 -1 -6 3 2 2 3 -6 -1 6 0 -2 6 
6 4 -5 1 6 -7 6 4 3 2 2 0 7 7 2 3 
0 6 4 -1 7 6 7 7 4 3 -4 -7 -1 3 -4 -6 
1 -2 5 -1 1 -6 2 1 4 2 4 1 -5 -6 -2 6 
3 0 6 4 0 2 6 2 6 -2 -3 6 2 2 6 1 
-7 -5 -1 4 0 5 2 -6 2 6 -3 6 -7 -7 4 -6 
0 -7 3 5 3 6 2 2 4 4 6 3 7 6 0 6 
2 0 7 4 1 1 1 7 0 1 -2 -3 4 2 5 3 
4 4 5 7 5 1 1 7 -4 1 6 0 4 6 -5 1 
-5 3 3 -6 -1 6 -5 6 3 5 -7 4 -2 4 2 7 
52
5
12 13
8 1
2 9
13 7
2 11
6 2
10 14
16 6
5 8
16 4
14
1 12 12
1 6 10
1 2 14
15 13 9
16 10 16
17 14 8
17 15 12
17 3 12
17 9 10
17 13 14
3 2 9
2 5 16
1 1 8
1 0 12
30
7 6
18 9
13 3
9 7
10 11
6 9
6 4
9 5
18 3
15 6
16 14
5 4
13 15
5 14
17 11
11 9
0 6
5 12
9 8
8 4
12 6
12 11
9 10
0 12
3 9
2 1
13 11
5 0
13 1
1 4
