15 17
8 9 -3 12 6 1 -9 -9 12 -1 -8 1 2 11 6 14 3 
11 3 9 2 6 7 3 4 2 12 6 12 15 13 10 12 1 
14 4 -8 11 -10 3 15 11 3 11 -13 10 14 -7 13 2 15 
0 -2 8 -10 3 13 -6 3 5 1 8 -2 -14 15 8 12 8 
2 3 -15 14 3 -5 1 -10 7 15 4 12 6 2 6 1 -6 
15 8 4 -3 9 12 9 -14 14 13 14 12 -9 8 3 7 8 
8 7 -5 4 9 0 10 0 3 1 -5 -1 4 11 -12 6 -14 
13 1 10 9 0 11 11 15 -9 15 11 11 0 9 10 1 13 
-14 6 -12 11 4 -1 -5 1 3 0 10 0 9 4 -5 7 8 
8 7 3 8 -9 12 14 13 14 -14 9 12 9 -3 4 8 15 
-6 1 6 2 6 12 4 15 7 -10 1 -5 3 14 -15 3 2 
8 12 8 15 -14 -2 8 1 5 3 -6 13 3 -10 8 -2 0 
15 2 13 -7 14 10 -13 11 3 11 15 3 -10 11 -8 4 14 
1 12 10 13 15 12 6 12 2 4 3 7 6 2 9 3 11 
3 14 6 11 2 1 -8 -1 12 -9 -9 1 6 12 -3 9 8 
38
4
12 0
3 8
1 16
2 0
2 16
11 8
13 0
12 16
10
5 8 16
13 2 9
5 0 9
13 12 10
14 6 13
9 8 16
1 14 9
9 16 9
1 4 10
0 10 13
22
5 9
8 5
0 6
4 13
0 15
1 13
4 6
2 1
4 9
2 14
9 1
9 7
6 11
14 10
10 3
14 1
13 3
10 10
12 15
10 7
12 2
5 15
