19 15
-2 -1 2 3 -2 1 -3 4 3 4 4 4 -4 4 3 
2 2 -3 2 2 3 2 3 1 1 3 3 -4 -3 3 
-3 2 -1 1 -4 1 2 -1 4 -3 4 4 4 2 -4 
-1 -3 3 3 1 1 3 4 3 -2 3 0 3 0 0 
3 3 4 4 0 3 0 -4 4 1 2 1 -1 4 -4 
2 1 3 3 1 4 1 3 3 3 3 0 4 3 0 
2 0 1 3 3 0 -1 -3 0 1 2 4 1 4 -1 
-3 -1 0 -2 0 -1 -2 0 1 -1 2 1 0 -1 4 
3 0 2 2 2 0 0 4 -3 1 -4 4 1 0 -4 
3 3 3 0 3 3 3 3 3 3 3 0 3 3 3 
-4 0 1 4 -4 1 -3 4 0 0 2 2 2 0 3 
4 -1 0 1 2 -1 1 0 -2 -1 0 -2 0 -1 -3 
-1 4 1 4 2 1 0 -3 -1 0 3 3 1 0 2 
0 3 4 0 3 3 3 3 1 4 1 3 3 1 2 
-4 4 -1 1 2 1 4 -4 0 3 0 4 4 3 3 
0 0 3 0 3 -2 3 4 3 1 1 3 3 -3 -1 
-4 2 4 4 4 -3 4 -1 2 1 -4 1 -1 2 -3 
3 -3 -4 3 3 1 1 3 2 3 2 2 -3 2 2 
3 4 -4 4 4 4 3 4 -3 1 -2 3 2 -1 -2 
55
6
4 14
11 14
12 6
0 14
17 8
14 8
14 0
7 0
6 8
18 0
1 6
4 6
10
9 10 13
17 14 11
4 5 8
1 9 11
12 11 10
9 4 13
1 0 11
14 9 8
17 5 11
6 3 10
22
17 13
12 5
12 2
9 1
6 2
1 13
4 8
9 2
11 6
4 9
12 7
1 1
6 9
6 12
9 13
12 12
17 1
14 6
9 12
7 8
14 5
6 7
