15 19
27 23 25 10 10 2 19 23 21 -18 4 -13 25 24 19 -14 22 1 16 
-8 27 8 4 -15 11 7 11 24 13 -16 -14 10 24 -23 20 -25 -27 27 
6 -18 -4 3 27 19 12 7 22 4 23 -19 18 21 26 26 3 -15 -4 
14 17 22 11 6 7 11 16 0 6 20 19 22 15 26 19 2 -25 2 
12 1 1 -1 2 27 6 6 -23 2 26 4 15 -16 -3 8 23 13 10 
11 21 18 -6 19 22 18 -5 3 12 11 20 21 -1 16 2 20 -27 -27 
-24 7 8 22 8 2 -27 15 6 10 26 14 17 26 -23 -12 18 7 6 
17 3 5 12 16 -20 -1 -26 -24 3 -24 -26 -1 -20 16 12 5 3 17 
6 7 18 -12 -23 26 17 14 26 10 6 15 -27 2 8 22 8 7 -24 
-27 -27 20 2 16 -1 21 20 11 12 3 -5 18 22 19 -6 18 21 11 
10 13 23 8 -3 -16 15 4 26 2 -23 6 6 27 2 -1 1 1 12 
2 -25 2 19 26 15 22 19 20 6 0 16 11 7 6 11 22 17 14 
-4 -15 3 26 26 21 18 -19 23 4 22 7 12 19 27 3 -4 -18 6 
27 -27 -25 20 -23 24 10 -14 -16 13 24 11 7 11 -15 4 8 27 -8 
16 1 22 -14 19 24 25 -13 4 -18 21 23 19 2 10 10 25 23 27 
48
6
2 18
3 8
14 8
7 15
11 7
4 9
12 0
11 10
0 10
7 3
3 11
10 9
20
8 3 13
8 10 13
14 18 14
0 16 8
3 9 8
5 18 10
14 10 9
5 4 8
5 10 11
6 10 14
6 15 13
6 8 13
0 0 14
14 2 8
11 9 8
9 0 10
0 8 9
9 14 8
9 8 11
8 8 14
18
12 6
0 18
0 17
4 10
1 5
10 5
13 18
4 6
6 12
2 12
14 0
14 1
10 8
13 13
4 13
1 0
10 12
8 6
