11 15
2 2 -4 3 1 3 -2 -1 -1 3 0 5 3 1 3 
-2 2 -2 0 1 4 -5 4 5 1 -2 3 5 -5 -4 
5 1 2 -5 -4 -1 5 0 -1 5 5 1 2 2 0 
2 1 -5 5 3 5 5 1 -1 1 5 4 2 2 5 
-3 5 5 5 3 4 1 1 5 -5 3 5 0 0 -5 
5 0 2 3 5 5 3 5 3 5 5 3 2 0 5 
-5 0 0 5 3 -5 5 1 1 4 3 5 5 5 -3 
5 2 2 4 5 1 -1 1 5 5 3 5 -5 1 2 
0 2 2 1 5 5 -1 0 5 -1 -4 -5 2 1 5 
-4 -5 5 3 -2 1 5 4 -5 4 1 0 -2 2 -2 
3 1 3 5 0 3 -1 -1 -2 3 1 3 -4 2 2 
37
2
2 13
4 6
8 1
6 8
8
8 6 13
0 8 16
7 1 10
7 4 9
2 8 13
10 6 16
3 13 10
3 10 9
10
5 11
1 2
2 3
1 4
0 10
5 3
9 12
8 11
9 10
10 4
