20 20
1 7 -15 8 7 12 0 3 -11 9 13 3 9 1 -1 2 10 5 1 14 
4 10 1 8 0 16 -7 16 8 -16 1 16 -16 11 3 12 2 1 -15 -8 
-12 -15 4 12 16 -6 14 9 7 -13 0 7 6 10 14 4 8 15 10 9 
13 0 5 1 10 4 10 16 8 5 2 9 16 6 14 16 -8 3 13 -3 
10 15 -3 6 12 13 1 15 14 15 8 8 11 11 15 15 12 7 -16 3 
4 -2 15 15 8 2 4 13 13 4 6 13 7 6 -8 6 7 9 14 10 
13 11 8 3 4 -13 1 6 15 -7 15 10 9 -9 -9 10 9 14 -12 -12 
5 -7 1 4 15 -3 -12 15 1 11 12 6 2 3 2 0 -5 1 -11 15 
2 5 16 2 -2 0 12 11 3 8 5 -11 -5 -10 3 1 -9 3 -6 16 
3 11 -10 8 -11 5 -10 11 13 3 14 13 -4 4 0 3 14 8 7 16 
16 7 8 14 3 0 4 -4 13 14 3 13 11 -10 5 -11 8 -10 11 3 
16 -6 3 -9 1 3 -10 -5 -11 5 8 3 11 12 0 -2 2 16 5 2 
15 -11 1 -5 0 2 3 2 6 12 11 1 15 -12 -3 15 4 1 -7 5 
-12 -12 14 9 10 -9 -9 9 10 15 -7 15 6 1 -13 4 3 8 11 13 
10 14 9 7 6 -8 6 7 13 6 4 13 13 4 2 8 15 15 -2 4 
3 -16 7 12 15 15 11 11 8 8 15 14 15 1 13 12 6 -3 15 10 
-3 13 3 -8 16 14 6 16 9 2 5 8 16 10 4 10 1 5 0 13 
9 10 15 8 4 14 10 6 7 0 -13 7 9 14 -6 16 12 4 -15 -12 
-8 -15 1 2 12 3 11 -16 16 1 -16 8 16 -7 16 0 8 1 10 4 
14 1 5 10 2 -1 1 9 3 13 9 -11 3 0 12 7 8 -15 7 1 
47
3
12 13
9 6
16 4
7 6
10 13
3 15
18
18 11 14
8 19 13
2 3 13
12 10 15
8 3 12
13 18 13
11 4 12
9 12 12
14 7 15
1 8 14
11 0 13
17 16 13
7 9 15
11 16 12
6 1 13
8 15 12
10 7 12
5 12 15
0
