17 18
19 -11 -9 17 -3 4 12 -10 19 17 13 5 10 7 -17 3 -5 -2 
6 -11 0 -12 0 0 2 14 18 10 5 12 2 2 -3 10 3 17 
0 8 -10 -7 -17 -9 5 0 -12 -11 2 16 -5 1 9 5 10 19 
3 11 12 2 2 16 19 3 -19 5 15 3 9 8 11 4 4 -17 
14 2 14 0 13 17 13 0 0 15 6 10 17 17 -1 4 18 8 
15 2 -1 -18 -14 12 16 0 18 11 8 -9 5 2 -13 -7 6 15 
14 6 17 18 7 2 8 -9 -7 10 9 5 5 5 -1 19 13 4 
19 19 16 -19 2 1 -7 1 -11 16 12 -16 5 2 -2 2 -4 3 
-3 -3 2 8 -17 6 14 -16 -9 -9 -16 14 6 -17 8 2 -3 -3 
3 -4 2 -2 2 5 -16 12 16 -11 1 -7 1 2 -19 16 19 19 
4 13 19 -1 5 5 5 9 10 -7 -9 8 2 7 18 17 6 14 
15 6 -7 -13 2 5 -9 8 11 18 0 16 12 -14 -18 -1 2 15 
8 18 4 -1 17 17 10 6 15 0 0 13 17 13 0 14 2 14 
-17 4 4 11 8 9 3 15 5 -19 3 19 16 2 2 12 11 3 
19 10 5 9 1 -5 16 2 -11 -12 0 5 -9 -17 -7 -10 8 0 
17 3 10 -3 2 2 12 5 10 18 14 2 0 0 -12 0 -11 6 
-2 -5 3 -17 7 10 5 13 17 19 -10 12 4 -3 17 -9 -11 19 
60
3
16 12
11 7
6 5
0 5
5 10
10 12
8
14 6 9
13 6 9
4 12 12
8 0 10
2 11 9
3 11 9
12 5 12
8 17 10
30
9 6
10 16
5 12
7 10
13 0
14 13
13 8
16 17
2 16
16 8
16 11
7 12
9 15
8 11
11 6
7 11
6 1
11 5
9 7
3 17
2 4
3 9
0 0
14 1
0 9
0 6
9 5
7 2
8 6
5 11
