20 20
15 -9 3 -12 12 14 -6 1 11 3 -1 9 10 8 13 15 4 9 7 15 
10 -6 2 14 8 4 -3 11 2 2 13 -9 -1 12 14 3 0 11 13 9 
0 8 9 10 12 -4 11 2 -12 -7 12 6 14 12 4 9 15 13 -4 13 
-6 13 4 0 9 0 3 8 12 1 13 13 12 -5 5 -6 -2 -11 6 12 
-11 -11 10 0 12 14 15 -5 15 9 9 10 13 -11 -9 -14 5 -4 -12 3 
11 10 -1 -5 6 14 10 3 -9 2 -11 4 12 7 -3 5 9 12 1 13 
-1 6 -12 15 3 2 12 11 15 4 -13 1 5 14 -2 -5 1 14 1 8 
5 15 -13 13 -6 10 -15 4 0 12 -7 3 -3 8 14 2 9 9 0 -5 
1 3 1 15 -3 0 -15 3 12 13 6 11 2 -14 14 15 5 13 -9 2 
9 2 -8 7 7 12 1 -2 6 3 0 3 14 -12 4 -13 -2 11 -10 9 
9 -10 11 -2 -13 4 -12 14 3 0 3 6 -2 1 12 7 7 -8 2 9 
2 -9 13 5 15 14 -14 2 11 6 13 12 3 -15 0 -3 15 1 3 1 
-5 0 9 9 2 14 8 -3 3 -7 12 0 4 -15 10 -6 13 -13 15 5 
8 1 14 1 -5 -2 14 5 1 -13 4 15 11 12 2 3 15 -12 6 -1 
13 1 12 9 5 -3 7 12 4 -11 2 -9 3 10 14 6 -5 -1 10 11 
3 -12 -4 5 -14 -9 -11 13 10 9 9 15 -5 15 14 12 0 10 -11 -11 
12 6 -11 -2 -6 5 -5 12 13 13 1 12 8 3 0 9 0 4 13 -6 
13 -4 13 15 9 4 12 14 6 12 -7 -12 2 11 -4 12 10 9 8 0 
9 13 11 0 3 14 12 -1 -9 13 2 2 11 -3 4 8 14 2 -6 10 
15 7 9 4 15 13 8 10 9 -1 3 11 1 -6 14 12 -12 3 -9 15 
51
8
2 1
15 0
0 6
3 1
3 2
13 14
4 15
5 15
17 18
4 19
19 13
16 18
16 17
6 5
15 4
14 4
12
6 7 15
0 8 11
2 8 9
10 1 9
19 6 13
14 11 8
13 12 15
19 11 11
17 11 9
9 18 9
0 13 13
5 8 8
0
