20 20
2 2 -8 -8 7 5 2 5 3 2 -2 1 0 -9 -9 -4 6 5 5 2 
-7 -4 6 6 4 2 9 0 2 -6 -2 7 -9 -4 -7 9 1 -7 4 5 
4 4 2 3 6 1 7 9 -1 9 9 7 7 -4 0 -6 5 -8 -7 -3 
2 6 9 -9 1 6 0 8 5 0 6 6 -5 1 9 -6 8 7 6 9 
6 -1 7 1 9 7 9 5 -9 9 4 6 4 4 9 2 9 -1 2 6 
7 9 8 5 -6 2 4 2 -6 7 4 9 -9 7 0 8 1 6 5 8 
4 5 -2 -3 0 -5 8 7 -7 -1 1 -9 9 1 1 -9 8 6 3 -8 
1 -4 7 2 9 0 9 -4 8 -9 4 7 3 -9 -1 7 3 7 -1 7 
6 5 1 9 9 8 5 -9 1 2 7 3 4 1 3 4 6 3 -1 0 
-6 -7 4 0 7 5 6 5 -3 6 4 9 1 -1 6 4 -1 2 -6 2 
2 -6 2 -1 4 6 -1 1 9 4 6 -3 5 6 5 7 0 4 -7 -6 
0 -1 3 6 4 3 1 4 3 7 2 1 -9 5 8 9 9 1 5 6 
7 -1 7 3 7 -1 -9 3 7 4 -9 8 -4 9 0 9 2 7 -4 1 
-8 3 6 8 -9 1 1 9 -9 1 -1 -7 7 8 -5 0 -3 -2 5 4 
8 5 6 1 8 0 7 -9 9 4 7 -6 2 4 2 -6 5 8 9 7 
6 2 -1 9 2 9 4 4 6 4 9 -9 5 9 7 9 1 7 -1 6 
9 6 7 8 -6 9 1 -5 6 6 0 5 8 0 6 1 -9 9 6 2 
-3 -7 -8 5 -6 0 -4 7 7 9 9 -1 9 7 1 6 3 2 4 4 
5 4 -7 1 9 -7 -4 -9 7 -2 -6 2 0 9 2 4 6 6 -4 -7 
2 5 5 6 -4 -9 -9 0 1 -2 2 3 5 2 5 7 -8 -8 2 2 
46
8
1 9
4 5
2 1
1 6
17 14
19 10
5 4
1 19
18 10
15 14
17 18
18 13
2 5
0 9
14 15
18 0
14
2 16 9
11 1 10
16 5 15
12 15 14
6 8 8
18 19 15
5 9 15
17 3 9
8 18 10
3 14 15
7 4 14
13 11 8
1 0 15
14 10 15
0
