20 20
2 1 1 1 -4 4 7 5 1 5 2 -1 -3 -6 7 2 -6 2 1 3 
7 7 -5 4 2 1 -1 -2 7 7 7 7 -3 1 4 2 4 3 6 -3 
-2 5 5 5 1 2 3 0 4 -5 -1 7 4 -6 1 -7 4 6 0 -2 
0 5 -6 4 1 7 7 7 7 -6 -4 2 4 -2 2 4 -7 1 3 4 
5 7 4 3 -2 -4 6 3 -4 6 3 -2 7 2 -6 7 -2 1 5 6 
0 2 -4 3 3 3 5 6 5 6 -6 4 2 -7 6 0 -5 7 0 5 
-7 4 5 -4 2 6 -4 0 3 -4 -7 3 -7 0 -5 -3 5 3 2 -5 
6 7 1 6 5 1 5 7 6 7 0 3 4 -4 6 7 4 -5 0 6 
3 1 2 -6 0 0 7 1 -7 -1 1 7 7 4 6 0 -1 6 6 -6 
7 6 0 2 -2 2 0 -5 4 5 -1 5 6 -7 -3 7 -4 3 3 3 
3 3 3 -4 7 -3 -7 6 5 -1 5 4 -5 0 2 -2 2 0 6 7 
-6 6 6 -1 0 6 4 7 7 1 -1 -7 1 7 0 0 -6 2 1 3 
6 0 -5 4 7 6 -4 4 3 0 7 6 7 5 1 5 6 1 7 6 
-5 2 3 5 -3 -5 0 -7 3 -7 -4 3 0 -4 6 2 -4 5 4 -7 
5 0 7 -5 0 6 -7 2 4 -6 6 5 6 5 3 3 3 -4 2 0 
6 5 1 -2 7 -6 2 7 -2 3 6 -4 3 6 -4 -2 3 4 7 5 
4 3 1 -7 4 2 -2 4 2 -4 -6 7 7 7 7 1 4 -6 5 0 
-2 0 6 4 -7 1 -6 4 7 -1 -5 4 0 3 2 1 5 5 5 -2 
-3 6 3 4 2 4 1 -3 7 7 7 7 -2 -1 1 2 4 -5 7 7 
3 1 2 -6 2 7 -6 -3 -1 2 5 1 5 7 4 -4 1 1 1 2 
30
7
0 5
8 14
13 18
12 15
14 13
1 18
14 10
19 14
11 5
6 1
7 4
5 6
18 1
5 9
20
15 2 11
10 8 14
15 12 15
16 5 15
19 6 13
15 18 15
18 13 11
10 9 15
12 16 14
1 10 15
4 17 11
9 11 14
4 7 15
3 14 15
0 13 13
4 1 15
1 6 11
9 10 15
7 3 14
18 9 15
0
