18 19
1 3 3 3 0 2 2 4 3 0 -3 1 3 0 2 4 -3 1 1 
0 3 3 0 -3 -3 -2 -4 5 5 -5 0 -2 1 1 2 -2 4 4 
3 -1 -5 -3 1 5 -1 -5 4 4 3 -4 1 -3 3 2 -2 5 1 
4 0 2 2 5 4 2 4 3 -1 -4 2 2 -5 5 5 3 5 4 
1 4 1 3 1 0 2 4 1 3 2 4 2 1 3 5 2 4 4 
3 1 2 5 -2 1 -4 5 -3 0 0 -3 0 -5 4 -5 -4 3 2 
-2 4 3 4 1 4 0 3 4 1 -5 -4 -3 5 1 2 -5 3 2 
-3 1 5 4 1 5 -4 5 4 5 1 -1 3 3 1 3 0 -5 3 
-4 4 4 3 4 5 -1 0 1 1 -1 0 -5 3 -3 2 -2 1 5 
5 1 -2 2 -3 3 -5 0 -1 1 1 0 -1 5 4 3 4 4 -4 
3 -5 0 3 1 3 3 -1 1 5 4 5 -4 5 1 4 5 1 -3 
2 3 -5 2 1 5 -3 -4 -5 1 4 3 0 4 1 4 3 4 -2 
2 3 -4 -5 4 -5 0 -3 0 0 -3 5 -4 1 -2 5 2 1 3 
4 4 2 5 3 1 2 4 2 3 1 4 2 0 1 3 1 4 1 
4 5 3 5 5 -5 2 2 -4 -1 3 4 2 4 5 2 2 0 4 
1 5 -2 2 3 -3 1 -4 3 4 4 -5 -1 5 1 -3 -5 -1 3 
4 4 -2 2 1 1 -2 0 -5 5 5 -4 -2 -3 -3 0 3 3 0 
1 1 -3 4 2 0 3 1 -3 0 3 4 2 2 0 3 3 3 1 
49
2
7 6
17 9
10 12
0 9
16
8 15 12
3 11 15
10 16 14
14 12 10
12 10 8
14 13 12
1 5 9
9 15 13
9 3 12
14 7 15
7 2 14
3 6 10
5 8 8
3 5 12
16 13 9
8 3 13
34
5 11
12 6
6 3
17 3
9 11
1 13
8 6
16 12
8 9
17 4
4 1
5 9
1 14
6 2
10 7
10 6
11 9
12 7
5 12
11 15
0 15
8 7
16 5
9 12
1 6
9 9
0 14
13 17
12 9
16 4
11 16
7 11
7 12
6 9
