12 17
8 2 10 4 4 14 -2 11 14 3 10 6 7 5 13 3 3 
-7 3 -7 -5 -10 13 11 5 13 9 11 8 3 -7 -12 2 13 
5 7 0 5 2 13 9 13 11 3 3 12 3 4 7 1 -7 
13 13 -11 -5 10 4 8 11 5 -12 10 3 1 2 -3 11 2 
4 10 14 7 14 5 -12 -8 5 9 6 0 6 8 8 6 -6 
-5 -12 10 9 5 8 13 0 2 5 7 0 8 12 11 -9 5 
5 -9 11 12 8 0 7 5 2 0 13 8 5 9 10 -12 -5 
-6 6 8 8 6 0 6 9 5 -8 -12 5 14 7 14 10 4 
2 11 -3 2 1 3 10 -12 5 11 8 4 10 -5 -11 13 13 
-7 1 7 4 3 12 3 3 11 13 9 13 2 5 0 7 5 
13 2 -12 -7 3 8 11 9 13 5 11 13 -10 -5 -7 3 -7 
3 3 13 5 7 6 10 3 14 11 -2 14 4 4 10 2 8 
34
5
3 16
3 0
3 6
8 4
1 0
8 0
8 16
8 10
3 12
10 16
14
7 16 14
5 6 15
1 5 12
9 2 11
8 7 8
11 4 12
7 5 9
4 0 14
6 10 15
10 11 12
2 14 11
3 9 8
0 12 12
4 11 9
14
9 1
1 6
7 0
8 12
10 7
2 16
2 11
2 15
10 10
4 16
3 4
1 9
9 0
9 5
