15 16
5 0 2 1 -4 2 -4 4 2 3 -1 1 0 1 4 4 
1 2 3 3 4 2 5 2 4 1 1 3 3 0 1 -5 
4 1 3 -4 -5 -1 4 -1 4 1 4 1 -1 -5 -4 4 
3 5 -5 5 2 5 5 4 2 4 -3 2 -1 0 -1 2 
-1 4 -2 5 1 0 5 1 -1 -4 2 3 -5 3 5 1 
-5 -4 -2 1 1 -1 4 -4 -1 0 1 -2 0 2 -5 1 
2 2 3 -3 2 2 5 -1 3 -1 3 4 1 -4 -2 2 
-3 3 5 3 2 -1 3 4 4 3 -1 2 3 5 3 -3 
2 -2 -4 1 4 3 -1 3 -1 5 2 2 -3 3 2 2 
1 -5 2 0 -2 1 0 -1 -4 4 -1 1 1 -2 -4 -5 
1 5 3 -5 3 2 -4 -1 1 5 0 1 5 -2 4 -1 
2 -1 0 -1 2 -3 4 2 4 5 5 2 5 -5 5 3 
4 -4 -5 -1 1 4 1 4 -1 4 -1 -5 -4 3 1 4 
-5 1 0 3 3 1 1 4 2 5 2 4 3 3 2 1 
4 4 1 0 1 -1 3 2 4 -4 2 -4 1 2 0 5 
59
4
8 7
12 10
14 2
10 0
6 8
2 5
0 13
4 15
6
5 8 15
10 2 11
13 4 15
9 7 15
4 13 11
1 11 15
22
3 15
11 14
0 1
9 4
11 13
8 12
10 3
7 12
7 0
6 11
1 5
11 0
3 1
14 14
5 11
3 2
6 3
4 12
7 3
7 15
8 4
13 10
