16 10
-17 -24 4 27 12 17 22 20 -12 -20 
15 16 26 17 -16 3 9 -28 4 22 
12 28 15 28 4 20 5 16 6 13 
-26 -24 12 3 3 17 18 12 6 20 
2 13 27 -15 29 21 27 -15 5 -25 
23 18 26 21 -15 12 11 13 -13 24 
17 7 6 23 23 -12 7 11 11 15 
13 8 -19 28 16 25 -24 -29 10 21 
21 10 -29 -24 25 16 28 -19 8 13 
15 11 11 7 -12 23 23 6 7 17 
24 -13 13 11 12 -15 21 26 18 23 
-25 5 -15 27 21 29 -15 27 13 2 
20 6 12 18 17 3 3 12 -24 -26 
13 6 16 5 20 4 28 15 28 12 
22 4 -28 9 3 -16 17 26 16 15 
-20 -12 20 22 17 12 27 4 -24 -17 
53
7
12 3
0 2
2 8
0 1
14 1
11 4
10 4
3 6
15 7
13 1
15 8
1 8
4 5
5 5
20
7 8 13
3 9 16
7 9 14
10 9 14
15 4 9
14 7 11
3 0 13
0 6 8
3 5 16
3 8 14
8 1 13
12 0 16
8 0 14
5 0 14
0 5 9
1 2 11
12 9 13
15 3 8
12 4 16
12 1 14
10
2 6
1 3
4 6
6 1
10 0
13 3
14 6
11 3
9 8
5 9
