20 20
13 -8 10 8 -15 -8 4 -11 13 -8 -3 14 8 -4 9 1 15 6 7 4 
2 6 1 9 5 10 8 12 -1 13 0 -3 5 -5 1 3 7 4 15 3 
-15 3 15 2 5 14 3 4 -13 0 -15 7 14 11 -8 8 9 2 13 -7 
5 -1 2 8 11 2 6 13 -10 9 8 3 3 11 13 4 12 -12 7 -5 
14 4 3 12 13 2 14 12 1 4 -9 6 -14 1 -2 -1 2 3 4 1 
5 13 13 -10 -3 7 6 11 4 -6 1 -13 12 10 13 -15 12 -14 10 8 
3 -14 2 2 -12 -4 14 12 6 1 -7 6 -1 9 15 5 -3 11 -8 -12 
-5 8 3 -1 12 10 4 15 10 0 5 9 -6 2 12 12 2 5 5 -11 
-5 -9 -9 8 -1 1 10 2 7 12 -5 -15 8 13 13 2 2 0 -13 8 
-10 7 15 4 1 10 2 13 -15 4 6 -8 10 5 9 6 9 14 4 7 
7 4 14 9 6 9 5 10 -8 6 4 -15 13 2 10 1 4 15 7 -10 
8 -13 0 2 2 13 13 8 -15 -5 12 7 2 10 1 -1 8 -9 -9 -5 
-11 5 5 2 12 12 2 -6 9 5 0 10 15 4 10 12 -1 3 8 -5 
-12 -8 11 -3 5 15 9 -1 6 -7 1 6 12 14 -4 -12 2 2 -14 3 
8 10 -14 12 -15 13 10 12 -13 1 -6 4 11 6 7 -3 -10 13 13 5 
1 4 3 2 -1 -2 1 -14 6 -9 4 1 12 14 2 13 12 3 4 14 
-5 7 -12 12 4 13 11 3 3 8 9 -10 13 6 2 11 8 2 -1 5 
-7 13 2 9 8 -8 11 14 7 -15 0 -13 4 3 14 5 2 15 3 -15 
3 15 4 7 3 1 -5 5 -3 0 13 -1 12 8 10 5 9 1 6 2 
4 7 6 15 1 9 -4 8 14 -3 -8 13 -11 4 -8 -15 8 10 -8 13 
56
3
19 17
13 1
15 2
0 2
6 18
4 17
6
10 0 12
13 3 11
3 0 16
9 19 12
6 16 11
16 19 16
0
