18 18
1 -2 -2 8 9 -3 3 0 -1 1 6 -5 -8 8 9 0 8 3 
2 9 9 2 2 7 9 1 1 1 2 4 2 2 3 8 0 -7 
3 6 1 3 2 4 5 -8 8 -9 2 2 -3 7 3 5 8 -9 
7 8 9 5 4 9 7 -9 -3 6 6 0 0 5 9 9 6 8 
7 3 8 4 4 -3 8 2 2 -5 4 2 8 -7 1 -6 8 4 
7 5 9 9 6 -4 4 -7 4 -2 -7 5 -3 8 9 -6 4 2 
7 -1 7 -6 8 3 2 1 1 1 8 1 7 -7 9 7 8 0 
3 2 -3 4 4 1 2 7 5 5 1 3 3 9 -6 0 -6 -6 
0 1 4 4 -1 4 6 -7 1 5 -6 -2 0 7 -2 9 5 2 
2 5 9 -2 7 0 -2 -6 5 1 -7 6 4 -1 4 4 1 0 
-6 -6 0 -6 9 3 3 1 5 5 7 2 1 4 4 -3 2 3 
0 8 7 9 -7 7 1 8 1 1 1 2 3 8 -6 7 -1 7 
2 4 -6 9 8 -3 5 -7 -2 4 -7 4 -4 6 9 9 5 7 
4 8 -6 1 -7 8 2 4 -5 2 2 8 -3 4 4 8 3 7 
8 6 9 9 5 0 0 6 6 -3 -9 7 9 4 5 9 8 7 
-9 8 5 3 7 -3 2 2 -9 8 -8 5 4 2 3 1 6 3 
-7 0 8 3 2 2 4 2 1 1 1 9 7 2 2 9 9 2 
3 8 0 9 8 -8 -5 6 1 -1 0 3 -3 9 8 -2 -2 1 
57
8
11 5
0 8
5 2
4 13
1 6
9 3
14 15
1 17
6 12
17 9
12 15
13 4
16 11
8 14
3 2
16 0
6
4 14 9
12 3 11
10 2 15
13 3 9
5 14 11
7 15 15
20
17 10
11 15
10 9
17 1
9 14
5 4
14 2
7 16
12 14
12 4
0 7
6 2
7 8
0 16
8 3
12 13
3 15
10 1
5 3
5 13
