19 10
20 -17 11 -13 17 2 20 11 -5 16 
11 11 21 13 21 -12 -21 7 2 9 
4 1 13 -11 24 8 14 -25 5 23 
12 1 3 21 0 1 24 26 27 -17 
10 8 12 -24 8 -5 8 17 18 1 
9 10 13 5 10 14 -5 -10 13 20 
6 9 -1 16 19 24 16 24 3 5 
1 20 -6 17 23 -13 8 3 10 25 
2 19 -3 -8 18 5 7 15 5 2 
21 1 16 2 21 21 2 16 1 21 
2 5 15 7 5 18 -8 -3 19 2 
25 10 3 8 -13 23 17 -6 20 1 
5 3 24 16 24 19 16 -1 9 6 
20 13 -10 -5 14 10 5 13 10 9 
1 18 17 8 -5 8 -24 12 8 10 
-17 27 26 24 1 0 21 3 1 12 
23 5 -25 14 8 24 -11 13 1 4 
9 2 7 -21 -12 21 13 21 11 11 
16 -5 11 20 2 17 -13 11 -17 20 
38
2
7 4
3 7
11 5
15 2
14
14 1 8
3 6 13
6 9 10
4 7 8
5 2 16
2 9 14
18 9 14
4 8 8
15 3 13
12 0 10
14 2 8
13 7 16
16 0 14
0 0 14
18
13 6
6 3
1 5
17 5
18 7
6 1
3 5
10 5
14 7
5 3
12 6
17 4
1 4
0 2
12 8
15 4
8 4
4 2
