15 20
2 -4 5 5 4 1 4 -5 -5 -2 2 0 2 4 5 1 4 -3 -2 2 
5 2 -1 5 2 2 4 3 -3 3 0 0 0 1 3 1 5 1 2 4 
4 1 -1 4 4 1 0 5 1 2 5 0 1 3 4 4 3 1 3 0 
3 4 4 5 -4 4 4 1 -1 5 3 -5 -4 3 1 2 4 -2 0 -2 
3 3 1 2 5 4 -2 1 0 3 1 4 1 2 5 0 2 5 -1 -1 
2 4 3 -4 1 -5 1 0 3 3 3 5 5 1 3 3 5 -1 3 3 
3 -1 5 0 0 3 1 5 1 -2 4 -4 3 3 4 -1 2 2 4 3 
-5 1 -1 0 -4 2 0 1 4 3 3 4 1 0 2 -4 0 -1 1 -5 
3 4 2 2 -1 4 3 3 -4 4 -2 1 5 1 3 0 0 5 -1 3 
3 3 -1 5 3 3 1 5 5 3 3 3 0 1 -5 1 -4 3 4 2 
-1 -1 5 2 0 5 2 1 4 1 3 0 1 -2 4 5 2 1 3 3 
-2 0 -2 4 2 1 3 -4 -5 3 5 -1 1 4 4 -4 5 4 4 3 
0 3 1 3 4 4 3 1 0 5 2 1 5 0 1 4 4 -1 1 4 
4 2 1 5 1 3 1 0 0 0 3 -3 3 4 2 2 5 -1 2 5 
2 -2 -3 4 1 5 4 2 0 2 -2 -5 -5 4 1 4 5 5 -4 2 
56
7
0 18
12 5
10 16
2 12
10 9
2 8
1 7
14 1
2 14
4 3
12 7
4 10
12 11
13 12
18
8 18 10
2 16 14
4 2 8
9 15 16
11 14 10
11 13 16
14 12 14
5 1 13
10 7 15
6 1 10
12 3 14
10 17 8
5 4 16
3 5 10
3 6 16
0 7 14
9 18 13
4 12 15
26
12 8
7 5
6 10
7 17
2 6
14 3
11 2
13 1
4 13
3 9
7 15
13 10
4 9
2 11
7 14
8 9
7 2
12 13
0 16
3 17
1 18
10 6
11 10
7 4
1 9
10 10
