16 12
-6 3 3 2 1 6 -6 -4 5 6 5 5 
6 0 2 5 -4 6 -1 -1 0 0 2 -1 
-2 -3 -3 4 1 -7 -1 1 -1 6 2 7 
-7 -5 2 -3 0 6 3 -2 3 -3 5 0 
-1 6 6 3 7 -5 4 3 3 3 6 -4 
-6 -3 1 4 1 -6 6 3 1 7 7 1 
5 -2 6 2 2 5 2 6 -3 5 0 3 
4 -5 -1 7 -1 6 3 4 6 0 5 7 
7 5 0 6 4 3 6 -1 7 -1 -5 4 
3 0 5 -3 6 2 5 2 2 6 -2 5 
1 7 7 1 3 6 -6 1 4 1 -3 -6 
-4 6 3 3 3 4 -5 7 3 6 6 -1 
0 5 -3 3 -2 3 6 0 -3 2 -5 -7 
7 2 6 -1 1 -1 -7 1 4 -3 -3 -2 
-1 2 0 0 -1 -1 6 -4 5 2 0 6 
5 5 6 5 -4 -6 6 1 2 3 3 -6 
57
4
2 7
15 6
13 11
8 9
13 4
0 5
2 0
7 2
12
11 7 14
15 3 11
14 5 10
3 1 9
4 3 11
10 7 9
4 4 14
0 8 11
1 6 10
12 10 9
11 8 11
5 4 9
12
11 2
4 10
5 3
2 4
3 11
5 7
4 9
11 1
10 8
13 7
12 0
10 4
