12 15
-3 19 -2 1 9 5 -4 6 -8 4 15 17 10 1 5 
10 16 14 -16 11 -1 2 -7 -12 12 -1 11 3 -6 8 
18 5 -22 12 -10 -24 10 6 10 10 -17 4 12 -9 0 
23 7 16 24 8 24 6 4 17 -1 25 5 22 14 13 
1 13 18 15 16 20 5 11 4 20 15 24 25 -15 -11 
17 17 14 7 -17 -15 -22 -6 20 -25 1 -24 20 15 15 
15 15 20 -24 1 -25 20 -6 -22 -15 -17 7 14 17 17 
-11 -15 25 24 15 20 4 11 5 20 16 15 18 13 1 
13 14 22 5 25 -1 17 4 6 24 8 24 16 7 23 
0 -9 12 4 -17 10 10 6 10 -24 -10 12 -22 5 18 
8 -6 3 11 -1 12 -12 -7 2 -1 11 -16 14 16 10 
5 1 10 17 15 4 -8 6 -4 5 9 1 -2 19 -3 
57
3
4 2
1 14
0 10
7 12
10 0
11 4
10
4 9 13
5 12 15
11 0 16
11 14 12
7 9 9
7 5 13
6 2 15
0 14 16
0 0 12
4 5 9
12
7 13
0 5
2 9
10 4
11 7
2 1
4 1
11 9
9 5
1 10
0 7
9 13
