20 13
-9 15 11 14 27 4 4 -16 -24 -14 0 21 3 
-16 -17 6 13 4 5 20 14 2 26 -17 -25 -23 
26 -15 25 25 23 15 -12 25 22 10 -7 -9 1 
13 -12 8 22 1 -6 24 5 27 18 -7 -24 -18 
-16 27 10 -6 -8 13 17 18 6 16 21 24 21 
4 9 -4 17 -6 10 16 2 -3 -7 -27 -1 -4 
5 12 10 18 -7 -18 25 -8 5 -28 -18 16 15 
4 -7 26 10 9 19 25 16 -2 28 22 12 28 
23 27 19 -4 26 13 18 12 10 3 19 14 4 
8 7 9 10 15 20 -10 13 -11 20 0 -27 2 
2 -27 0 20 -11 13 -10 20 15 10 9 7 8 
4 14 19 3 10 12 18 13 26 -4 19 27 23 
28 12 22 28 -2 16 25 19 9 10 26 -7 4 
15 16 -18 -28 5 -8 25 -18 -7 18 10 12 5 
-4 -1 -27 -7 -3 2 16 10 -6 17 -4 9 4 
21 24 21 16 6 18 17 13 -8 -6 10 27 -16 
-18 -24 -7 18 27 5 24 -6 1 22 8 -12 13 
1 -9 -7 10 22 25 -12 15 23 25 25 -15 26 
-23 -25 -17 26 2 14 20 5 4 13 6 -17 -16 
3 21 0 -14 -24 -16 4 4 27 14 11 15 -9 
39
8
15 3
16 10
10 12
4 6
1 3
1 2
19 12
9 2
4 9
3 2
9 0
15 6
18 9
18 10
0 0
10 10
18
4 7 13
17 9 12
16 8 16
16 1 14
12 10 9
2 10 12
18 1 10
9 8 10
2 8 11
15 5 13
2 3 12
3 4 16
3 11 14
7 2 9
17 2 12
1 11 10
10 4 10
17 4 11
16
18 3
9 4
14 0
8 0
17 7
11 8
3 1
19 5
1 9
10 8
5 12
11 12
2 5
8 4
16 11
0 7
