14 10
-3 2 -2 2 1 -1 -3 2 -1 1 
-2 -1 2 -2 3 3 1 -2 0 1 
3 2 -3 0 3 0 3 -2 2 -3 
1 1 0 1 1 3 2 1 3 0 
2 3 0 3 -2 1 2 1 -3 1 
2 2 -1 -1 3 2 1 2 2 0 
3 2 3 -2 3 3 -3 -1 0 1 
1 0 -1 -3 3 3 -2 3 2 3 
0 2 2 1 2 3 -1 -1 2 2 
1 -3 1 2 1 -2 3 0 3 2 
0 3 1 2 3 1 1 0 1 1 
-3 2 -2 3 0 3 0 -3 2 3 
1 0 -2 1 3 3 -2 2 -1 -2 
1 -1 2 -3 -1 1 2 -2 2 -3 
34
6
10 5
12 4
11 6
11 3
9 1
1 3
3 4
1 5
2 3
2 6
4 8
12 6
18
12 8 11
3 1 13
4 7 15
8 9 10
13 1 11
1 8 13
10 3 9
11 5 8
11 7 8
1 1 11
10 8 13
9 2 15
5 0 10
0 8 11
12 1 13
3 6 9
2 4 8
2 2 8
8
5 3
0 1
13 3
1 9
8 6
13 8
0 6
12 0
