11 18
11 -4 13 5 6 0 13 -8 -12 -4 12 13 5 -7 0 6 6 -7 
3 -11 5 -13 2 2 13 8 -1 11 8 3 4 1 -9 12 4 -7 
8 6 7 1 10 9 3 -13 -6 10 2 5 10 -8 1 9 -6 1 
-9 12 -6 -8 13 4 -4 13 11 13 10 5 9 12 5 -11 6 -11 
10 11 8 9 13 -8 13 12 7 -12 -8 4 3 -7 7 5 5 8 
10 5 4 7 6 13 0 -7 7 7 -7 0 13 6 7 4 5 10 
8 5 5 7 -7 3 4 -8 -12 7 12 13 -8 13 9 8 11 10 
-11 6 -11 5 12 9 5 10 13 11 13 -4 4 13 -8 -6 12 -9 
1 -6 9 1 -8 10 5 2 10 -6 -13 3 9 10 1 7 6 8 
-7 4 12 -9 1 4 3 8 11 -1 8 13 2 2 -13 5 -11 3 
-7 6 6 0 -7 5 13 12 -4 -12 -8 13 0 6 5 13 -4 11 
32
6
10 11
6 0
3 10
6 11
6 12
9 4
0 6
4 17
7 7
4 6
4 5
1 13
8
4 0 11
3 11 16
10 3 11
1 9 15
6 17 11
7 6 16
0 14 11
9 8 15
12
4 11
7 8
5 9
1 11
6 14
7 3
6 6
3 9
5 8
9 6
4 3
3 14
