20 20
9 6 5 6 10 4 2 -3 4 -9 4 7 2 4 8 1 -2 9 1 -5 
3 4 8 6 7 11 1 4 -4 1 9 6 7 -8 6 2 3 3 5 9 
4 -6 9 11 1 7 5 -11 5 2 0 10 1 2 8 4 4 -1 8 7 
4 1 5 5 -5 3 -10 5 2 2 2 10 -9 10 -6 8 1 5 4 9 
2 4 3 -8 10 6 1 6 2 -4 3 6 0 7 5 3 9 9 5 2 
11 -11 7 8 -2 -3 11 -4 4 5 5 -8 -10 10 8 3 6 10 11 11 
3 8 5 5 10 10 8 -7 5 1 1 -3 9 7 11 11 -9 2 10 11 
-9 10 10 1 9 -11 -9 5 6 9 3 5 0 3 1 -3 6 3 0 -11 
-3 1 8 -11 3 6 2 1 3 1 5 0 2 0 6 7 3 2 11 6 
-1 -5 10 0 9 6 10 11 4 5 8 6 5 10 4 5 -11 -1 -3 -8 
-8 -3 -1 -11 5 4 10 5 6 8 5 4 11 10 6 9 0 10 -5 -1 
6 11 2 3 7 6 0 2 0 5 1 3 1 2 6 3 -11 8 1 -3 
-11 0 3 6 -3 1 3 0 5 3 9 6 5 -9 -11 9 1 10 10 -9 
11 10 2 -9 11 11 7 9 -3 1 1 5 -7 8 10 10 5 5 8 3 
11 11 10 6 3 8 10 -10 -8 5 5 4 -4 11 -3 -2 8 7 -11 11 
2 5 9 9 3 5 7 0 6 3 -4 2 6 1 6 10 -8 3 4 2 
9 4 5 1 8 -6 10 -9 10 2 2 2 5 -10 3 -5 5 5 1 4 
7 8 -1 4 4 8 2 1 10 0 2 5 -11 5 7 1 11 9 -6 4 
9 5 3 3 2 6 -8 7 6 9 1 -4 4 1 11 7 6 8 4 3 
-5 1 9 -2 1 8 4 2 7 4 -9 4 -3 2 4 10 6 5 6 9 
57
7
8 2
5 15
17 4
12 19
2 7
5 3
17 5
11 17
14 4
2 15
7 0
17 12
14 16
2 14
10
18 9 10
12 4 10
13 1 13
13 16 10
17 8 14
1 10 10
7 15 10
6 18 13
6 3 10
2 11 14
0
