14 20
0 2 1 6 1 -1 5 5 -4 3 3 1 2 -6 2 -2 -5 3 -3 3 
5 1 2 6 -2 4 -3 3 3 4 3 1 6 0 2 6 3 4 4 1 
-3 2 -3 -5 1 3 6 2 2 2 0 1 -6 6 6 -4 5 1 1 -5 
1 3 0 6 6 1 -1 0 2 3 2 1 -2 -2 2 2 5 6 2 -5 
5 4 3 6 1 -2 1 4 2 6 4 1 0 -5 4 3 6 2 1 6 
3 3 2 5 2 1 2 4 0 0 2 -1 4 5 -2 2 -5 6 5 6 
3 -5 0 3 3 0 0 5 2 3 3 5 -6 1 -1 -1 6 1 2 -3 
-3 2 1 6 -1 -1 1 -6 5 3 3 2 5 0 0 3 3 0 -5 3 
6 5 6 -5 2 -2 5 4 -1 2 0 0 4 2 1 2 5 2 3 3 
6 1 2 6 3 4 -5 0 1 4 6 2 4 1 -2 1 6 3 4 5 
-5 2 6 5 2 2 -2 -2 1 2 3 2 0 -1 1 6 6 0 3 1 
-5 1 1 5 -4 6 6 -6 1 0 2 2 2 6 3 1 -5 -3 2 -3 
1 4 4 3 6 2 0 6 1 3 4 3 3 -3 4 -2 6 2 1 5 
3 -3 3 -5 -2 2 -6 2 1 3 3 -4 5 5 -1 1 6 1 2 0 
60
2
12 5
6 4
1 14
7 15
16
2 7 13
4 2 8
4 9 15
8 9 13
0 15 12
2 1 15
2 8 13
1 6 14
11 12 13
9 17 8
9 10 15
5 10 13
13 4 12
11 18 15
11 11 13
12 13 14
22
11 17
9 3
0 8
2 16
11 9
11 16
13 10
8 13
9 5
5 1
4 1
2 2
4 16
13 11
11 3
2 10
2 3
0 9
5 6
4 14
8 18
9 18
