13 13
-6 2 -3 3 3 1 4 1 -1 2 8 5 9 
7 -4 0 7 9 1 6 0 3 1 -5 9 3 
-4 9 1 2 9 1 9 -2 3 4 1 -1 3 
6 7 2 6 8 1 3 9 7 -1 4 7 4 
5 6 4 3 3 5 8 2 -5 8 -4 -8 5 
-5 2 8 6 -7 2 3 4 2 7 -7 8 3 
1 7 -1 7 3 5 3 5 3 7 -1 7 1 
3 8 -7 7 2 4 3 2 -7 6 8 2 -5 
5 -8 -4 8 -5 2 8 5 3 3 4 6 5 
4 7 4 -1 7 9 3 1 8 6 2 7 6 
3 -1 1 4 3 -2 9 1 9 2 1 9 -4 
3 9 -5 1 3 0 6 1 9 7 0 -4 7 
9 5 8 2 -1 1 4 1 3 3 -3 2 -6 
53
3
10 3
10 1
7 4
2 9
2 11
5 8
14
4 9 13
9 7 12
7 9 8
9 1 12
5 2 15
11 3 10
12 5 12
8 3 13
3 5 12
5 3 8
3 11 12
7 10 15
1 9 10
0 7 12
14
7 3
8 0
1 6
3 1
8 2
12 6
11 12
5 9
4 12
11 6
9 11
4 10
0 6
1 0
