20 20
-12 8 -15 15 3 14 -4 14 11 9 1 7 9 3 -4 14 12 -13 -10 11 
-1 -12 10 14 1 7 -9 15 -4 6 3 8 10 8 -7 10 7 11 3 -11 
14 -2 8 -1 2 4 -1 1 13 5 9 3 15 1 6 10 8 -10 7 9 
11 11 15 12 2 12 2 2 6 2 2 2 14 1 9 15 12 1 -15 9 
-3 1 14 14 9 -11 10 -13 10 -13 7 -6 -15 -10 6 6 5 14 10 15 
12 11 -8 15 0 -10 -10 5 7 3 6 9 -2 10 0 7 6 8 13 -6 
-6 2 10 5 11 10 3 15 9 3 9 13 15 14 2 1 -8 -1 -9 2 
6 0 15 4 14 14 -7 13 13 10 -13 10 -5 2 -7 10 2 -14 11 6 
-3 -8 -7 3 2 -5 7 0 6 -5 0 14 15 1 13 8 0 6 -15 -10 
-1 1 4 13 8 15 -13 5 9 4 15 10 4 13 15 9 1 1 4 3 
3 4 1 1 9 15 13 4 10 15 4 9 5 -13 15 8 13 4 1 -1 
-10 -15 6 0 8 13 1 15 14 0 -5 6 0 7 -5 2 3 -7 -8 -3 
6 11 -14 2 10 -7 2 -5 10 -13 10 13 13 -7 14 14 4 15 0 6 
2 -9 -1 -8 1 2 14 15 13 9 3 9 15 3 10 11 5 10 2 -6 
-6 13 8 6 7 0 10 -2 9 6 3 7 5 -10 -10 0 15 -8 11 12 
15 10 14 5 6 6 -10 -15 -6 7 -13 10 -13 10 -11 9 14 14 1 -3 
9 -15 1 12 15 9 1 14 2 2 2 6 2 2 12 2 12 15 11 11 
9 7 -10 8 10 6 1 15 3 9 5 13 1 -1 4 2 -1 8 -2 14 
-11 3 11 7 10 -7 8 10 8 3 6 -4 15 -9 7 1 14 10 -12 -1 
11 -10 -13 12 14 -4 3 9 7 1 9 11 14 -4 14 3 15 -15 8 -12 
58
6
0 3
13 11
0 5
11 5
9 13
12 1
19 16
6 8
19 14
8 14
10 6
7 18
12
10 0 8
2 14 9
1 8 13
0 1 8
13 8 13
6 17 9
9 19 8
17 5 9
18 11 13
19 18 8
6 11 13
13 2 9
0
