15 10
-5 9 6 15 -11 16 13 13 7 4 
17 13 -4 11 18 4 -9 18 -12 1 
10 -6 3 -14 19 8 3 4 -2 6 
18 14 -13 4 10 10 13 -12 9 4 
-14 1 6 11 0 17 -7 5 -18 9 
19 14 6 14 8 -2 18 -14 -11 17 
-17 11 3 19 -15 4 13 17 3 19 
1 17 2 11 1 1 11 2 17 1 
19 3 17 13 4 -15 19 3 11 -17 
17 -11 -14 18 -2 8 14 6 14 19 
9 -18 5 -7 17 0 11 6 1 -14 
4 9 -12 13 10 10 4 -13 14 18 
6 -2 4 3 8 19 -14 3 -6 10 
1 -12 18 -9 4 18 11 -4 13 17 
4 7 13 13 16 -11 15 6 9 -5 
35
4
11 9
3 7
4 5
3 6
3 0
11 2
10 4
11 3
8
6 5 12
14 2 13
13 1 14
9 6 16
8 4 12
0 7 13
1 8 14
5 3 16
10
14 7
2 9
6 9
1 5
9 8
0 2
12 0
8 0
13 4
5 1
