20 20
7 7 12 3 10 3 4 5 7 3 10 1 9 9 8 10 2 8 -6 9 
4 -1 2 -7 -3 10 0 2 1 9 9 0 5 4 -3 9 -10 -6 5 10 
-10 8 -12 11 1 8 0 2 7 -8 9 7 12 7 5 -2 -8 6 12 6 
12 -8 9 0 10 -7 -5 -1 4 3 1 -4 10 4 12 5 -11 3 5 3 
6 -9 2 -4 -12 -6 0 6 2 9 7 6 3 1 -9 -1 9 2 2 5 
-2 7 11 -4 8 8 2 3 0 9 4 11 -11 4 -11 10 -5 6 -8 8 
10 3 -11 -1 3 8 4 4 -5 7 10 9 -5 10 10 5 6 8 8 3 
-1 2 4 -8 5 7 -4 -2 -8 1 10 8 9 8 9 5 5 10 10 12 
12 4 -3 0 0 0 -7 1 11 9 3 1 1 11 9 11 7 8 10 -9 
9 1 5 5 7 7 -4 0 7 -2 4 1 5 -5 0 -9 -7 3 10 7 
7 10 3 -7 -9 0 -5 5 1 4 -2 7 0 -4 7 7 5 5 1 9 
-9 10 8 7 11 9 11 1 1 3 9 11 1 -7 0 0 0 -3 4 12 
12 10 10 5 5 9 8 9 8 10 1 -8 -2 -4 7 5 -8 4 2 -1 
3 8 8 6 5 10 10 -5 9 10 7 -5 4 4 8 3 -1 -11 3 10 
8 -8 6 -5 10 -11 4 -11 11 4 9 0 3 2 8 8 -4 11 7 -2 
5 2 2 9 -1 -9 1 3 6 7 9 2 6 0 -6 -12 -4 2 -9 6 
3 5 3 -11 5 12 4 10 -4 1 3 4 -1 -5 -7 10 0 9 -8 12 
6 12 6 -8 -2 5 7 12 7 9 -8 7 2 0 8 1 11 -12 8 -10 
10 5 -6 -10 9 -3 4 5 0 9 9 1 2 0 10 -3 -7 2 -1 4 
9 -6 8 2 10 8 9 9 1 10 3 7 5 4 3 10 3 12 7 7 
30
2
8 15
13 1
11 4
6 18
20
8 1 12
2 11 11
14 19 12
13 14 16
17 2 12
17 6 8
0 4 8
9 18 12
1 18 9
9 15 12
11 18 12
17 8 11
5 0 12
6 5 16
2 17 12
2 13 8
19 15 8
10 1 12
18 1 9
10 4 12
0
