18 16
0 3 1 4 0 0 2 -2 -4 3 -4 2 0 2 4 0 
0 0 1 1 2 0 2 0 3 -4 2 2 3 1 1 2 
1 1 4 1 4 2 -1 2 4 -2 4 2 0 -2 4 4 
-4 4 1 2 2 3 1 1 0 3 2 2 -4 0 4 4 
1 4 0 1 1 2 1 -1 1 4 1 3 4 1 2 4 
1 2 3 0 2 2 0 3 4 2 -4 -1 -1 2 2 -4 
2 0 2 -4 1 2 1 2 2 -3 4 1 2 0 1 0 
1 -3 0 1 1 3 3 0 1 0 1 3 4 3 -2 1 
0 2 3 -3 3 1 2 4 2 3 3 0 3 3 0 2 
2 0 3 3 0 3 3 2 4 2 1 3 -3 3 2 0 
1 -2 3 4 3 1 0 1 0 3 3 1 1 0 -3 1 
0 1 0 2 1 4 -3 2 2 1 2 1 -4 2 0 2 
-4 2 2 -1 -1 -4 2 4 3 0 2 2 0 3 2 1 
4 2 1 4 3 1 4 1 -1 1 2 1 1 0 4 1 
4 4 0 -4 2 2 3 0 1 1 3 2 2 1 4 -4 
4 4 -2 0 2 4 -2 4 2 -1 2 4 1 4 1 1 
2 1 1 3 2 2 -4 3 0 2 0 2 1 1 0 0 
0 4 2 0 2 -4 3 -4 -2 2 0 0 4 1 3 0 
60
3
11 4
6 1
15 1
6 11
11 14
2 14
18
15 4 8
7 13 9
12 7 13
9 12 10
13 9 11
16 3 15
14 1 10
12 13 9
1 8 15
2 11 8
10 2 9
5 8 13
8 3 10
4 6 11
1 12 15
3 14 10
5 2 9
16 7 15
22
4 13
2 6
17 3
8 14
10 13
12 1
3 7
1 10
6 9
13 3
2 4
13 2
15 9
0 12
9 1
7 2
5 14
14 8
16 5
11 6
4 12
15 11
