12 19
16 18 -18 17 -13 -13 3 16 7 -20 8 -4 12 4 0 6 17 13 -10 
12 2 11 7 -14 -5 -3 17 19 6 -1 6 21 10 6 14 11 -17 9 
2 12 10 15 -13 -7 20 4 15 5 -1 1 -16 3 8 19 -7 -9 14 
12 19 18 -9 14 5 8 -2 -21 -8 -8 9 6 -13 0 -7 11 12 15 
7 1 14 -19 21 -1 -6 9 7 8 11 11 21 11 -13 21 5 -8 21 
14 8 -13 3 -5 8 21 -14 1 17 17 5 20 2 -10 14 15 -6 10 
10 -6 15 14 -10 2 20 5 17 17 1 -14 21 8 -5 3 -13 8 14 
21 -8 5 21 -13 11 21 11 11 8 7 9 -6 -1 21 -19 14 1 7 
15 12 11 -7 0 -13 6 9 -8 -8 -21 -2 8 5 14 -9 18 19 12 
14 -9 -7 19 8 3 -16 1 -1 5 15 4 20 -7 -13 15 10 12 2 
9 -17 11 14 6 10 21 6 -1 6 19 17 -3 -5 -14 7 11 2 12 
-10 13 17 6 0 4 12 -4 8 -20 7 16 3 -13 -13 17 -18 18 16 
42
2
10 1
5 4
1 17
6 14
14
11 13 10
5 14 15
0 8 8
0 11 8
0 18 15
2 4 8
4 1 15
0 5 10
6 4 15
11 10 8
11 7 8
11 0 15
9 14 8
7 17 15
18
9 15
8 17
0 10
3 17
10 18
6 1
11 9
11 15
3 5
2 3
3 1
11 8
8 1
1 0
5 17
0 9
0 3
8 13
