20 20
15 -6 5 10 4 5 -12 9 1 14 -7 7 16 -9 -5 -8 -10 2 3 -1 
3 -15 -18 11 1 -8 14 5 -13 -18 15 8 0 13 17 10 12 -5 -7 3 
5 4 12 -7 12 2 7 8 18 -18 12 0 17 9 1 8 5 16 17 7 
11 11 12 7 -10 11 3 9 13 15 14 7 -7 -17 9 -1 18 4 3 5 
17 -15 4 0 -2 -13 -18 10 15 -8 -7 6 4 9 17 11 4 11 1 -7 
11 15 5 5 3 3 9 18 -2 -5 12 12 15 -11 8 5 4 11 18 12 
17 5 12 11 -17 8 3 6 -7 12 16 -18 13 12 5 17 0 6 -1 18 
4 -6 8 -16 9 -2 13 -6 7 1 2 -4 13 -16 -10 17 3 -1 18 14 
2 -9 6 11 -10 5 12 7 -15 17 -3 -4 10 -13 7 13 9 -12 -12 5 
5 -5 -2 7 12 14 8 -14 18 10 2 -18 10 11 -2 -18 10 3 -17 9 
9 -17 3 10 -18 -2 11 10 -18 2 10 18 -14 8 14 12 7 -2 -5 5 
5 -12 -12 9 13 7 -13 10 -4 -3 17 -15 7 12 5 -10 11 6 -9 2 
14 18 -1 3 17 -10 -16 13 -4 2 1 7 -6 13 -2 9 -16 8 -6 4 
18 -1 6 0 17 5 12 13 -18 16 12 -7 6 3 8 -17 11 12 5 17 
12 18 11 4 5 8 -11 15 12 12 -5 -2 18 9 3 3 5 5 15 11 
-7 1 11 4 11 17 9 4 6 -7 -8 15 10 -18 -13 -2 0 4 -15 17 
5 3 4 18 -1 9 -17 -7 7 14 15 13 9 3 11 -10 7 12 11 11 
7 17 16 5 8 1 9 17 0 12 -18 18 8 7 2 12 -7 12 4 5 
3 -7 -5 12 10 17 13 0 8 15 -18 -13 5 14 -8 1 11 -18 -15 3 
-1 3 2 -10 -8 -5 -9 16 7 -7 14 1 9 -12 5 4 10 5 -6 15 
37
6
5 12
0 4
18 12
11 17
1 9
9 16
14 7
19 15
1 7
8 2
18 10
10 3
14
15 9 11
5 6 13
17 10 10
1 3 11
8 15 10
3 12 16
0 16 16
4 10 11
14 13 13
2 9 10
18 16 11
11 4 10
16 7 16
19 3 16
36
9 2
17 13
16 1
15 11
1 15
6 0
17 1
0 17
9 7
11 0
5 18
13 1
8 5
14 19
17 2
1 17
3 9
11 16
10 17
2 6
3 18
4 8
18 4
13 19
2 18
19 2
10 12
8 19
14 1
6 18
11 14
5 0
2 17
18 2
16 10
8 3
