14 17
21 12 16 7 22 -11 9 22 10 11 16 12 -20 18 7 2 23 
21 20 -20 3 14 -22 14 21 -25 6 3 15 -7 21 -24 13 9 
3 21 7 13 23 -13 -24 -13 6 7 4 18 -1 6 5 5 17 
3 25 8 13 2 19 15 22 24 2 20 11 -11 0 14 10 -23 
3 -24 -25 1 7 -16 23 -4 18 23 8 19 7 1 -19 2 -2 
12 13 19 19 23 -16 14 -5 22 -21 2 15 -4 -1 8 9 13 
0 24 19 23 1 8 20 19 24 22 14 6 5 -4 14 5 8 
8 5 14 -4 5 6 14 22 24 19 20 8 1 23 19 24 0 
13 9 8 -1 -4 15 2 -21 22 -5 14 -16 23 19 19 13 12 
-2 2 -19 1 7 19 8 23 18 -4 23 -16 7 1 -25 -24 3 
-23 10 14 0 -11 11 20 2 24 22 15 19 2 13 8 25 3 
17 5 5 6 -1 18 4 7 6 -13 -24 -13 23 13 7 21 3 
9 13 -24 21 -7 15 3 6 -25 21 14 -22 14 3 -20 20 21 
23 2 7 18 -20 12 16 11 10 22 9 -11 22 7 16 12 21 
45
5
2 5
10 12
5 3
7 13
1 5
11 11
3 4
8 13
6 3
12 11
6
7 1 8
13 11 12
12 4 9
6 15 8
0 5 12
1 12 9
22
10 7
13 7
6 16
3 7
10 6
11 7
0 12
9 5
9 8
7 15
7 14
3 9
0 9
7 0
10 9
3 10
2 9
13 4
4 11
4 8
6 1
6 2
