14 16
5 6 -2 10 6 3 7 4 -6 -2 1 0 -2 5 -12 -10 
12 -5 -8 8 7 0 10 7 8 12 12 -13 8 5 4 12 
4 7 -2 9 -10 13 9 11 2 1 5 4 0 12 5 2 
10 11 8 2 1 -2 5 4 -8 13 -5 6 1 2 11 2 
8 6 10 9 3 7 7 -10 8 6 -4 7 6 13 -10 7 
1 7 11 3 -6 13 8 5 11 -7 3 11 -7 -12 9 7 
12 3 -3 6 -6 11 -13 0 7 8 6 6 -6 2 6 1 
1 6 2 -6 6 6 8 7 0 -13 11 -6 6 -3 3 12 
7 9 -12 -7 11 3 -7 11 5 8 13 -6 3 11 7 1 
7 -10 13 6 7 -4 6 8 -10 7 7 3 9 10 6 8 
2 11 2 1 6 -5 13 -8 4 5 -2 1 2 8 11 10 
2 5 12 0 4 5 1 2 11 9 13 -10 9 -2 7 4 
12 4 5 8 -13 12 12 8 7 10 0 7 8 -8 -5 12 
-10 -12 5 -2 0 1 -2 -6 4 7 3 6 10 -2 6 5 
60
3
5 7
1 2
0 12
8 8
12 13
13 3
16
0 13 10
1 8 13
5 3 13
6 8 13
12 10 9
11 14 10
12 5 8
9 10 11
13 2 10
12 7 13
8 12 13
7 7 13
1 5 9
2 1 10
1 10 8
4 5 11
14
9 4
0 1
6 5
5 14
11 13
6 1
2 12
4 11
13 14
7 10
8 1
2 2
7 14
11 3
