17 11
14 17 -5 3 6 10 6 -10 10 7 15 
11 4 10 17 -7 6 12 15 -2 -7 15 
11 17 -4 -18 -6 9 -4 -1 -4 10 5 
14 4 9 18 14 -4 16 11 8 15 11 
-16 -3 3 15 12 -5 6 5 1 -8 17 
7 16 15 -15 12 -4 11 14 15 8 5 
-3 8 -1 5 15 7 -2 13 18 12 -2 
0 18 -7 7 12 16 -16 2 13 9 11 
16 18 5 8 15 12 15 8 5 18 16 
11 9 13 2 -16 16 12 7 -7 18 0 
-2 12 18 13 -2 7 15 5 -1 8 -3 
5 8 15 14 11 -4 12 -15 15 16 7 
17 -8 1 5 6 -5 12 15 3 -3 -16 
11 15 8 11 16 -4 14 18 9 4 14 
5 10 -4 -1 -4 9 -6 -18 -4 17 11 
15 -7 -2 15 12 6 -7 17 10 4 11 
15 7 10 -10 6 10 6 3 -5 17 14 
34
2
11 8
8 1
5 2
8 9
6
16 1 15
5 4 12
1 4 12
0 9 15
11 6 12
15 6 12
18
5 10
10 3
12 0
3 4
1 10
14 8
14 7
11 4
13 10
11 0
6 7
4 10
13 6
15 0
2 2
2 3
5 6
3 0
