19 17
4 -6 8 1 2 6 0 7 2 1 5 6 -6 9 6 0 2 
8 -4 2 9 7 -9 -8 0 10 9 5 8 1 4 -2 9 -2 
11 1 -3 1 0 10 3 10 4 -11 1 7 10 -1 8 7 11 
2 5 7 3 4 -5 7 1 -7 10 -7 10 2 9 10 5 -5 
1 8 5 5 1 6 4 -2 -5 5 9 2 -6 5 -8 9 5 
9 3 9 3 5 11 1 9 4 -7 8 2 -10 1 6 4 8 
11 3 -8 -3 11 7 -5 8 -3 1 -6 -4 8 -11 5 9 11 
3 10 10 0 10 2 3 -4 11 2 2 4 5 6 -7 10 8 
6 6 2 2 -3 9 6 -10 5 6 9 -10 9 9 2 10 7 
-6 9 -11 4 3 2 0 -8 9 -8 0 2 3 4 -11 9 -6 
7 10 2 9 9 -10 9 6 5 -10 6 9 -3 2 2 6 6 
8 10 -7 6 5 4 2 2 11 -4 3 2 10 0 10 10 3 
11 9 5 -11 8 -4 -6 1 -3 8 -5 7 11 -3 -8 3 11 
8 4 6 1 -10 2 8 -7 4 9 1 11 5 3 9 3 9 
5 9 -8 5 -6 2 9 5 -5 -2 4 6 1 5 5 8 1 
-5 5 10 9 2 10 -7 10 -7 1 7 -5 4 3 7 5 2 
11 7 8 -1 10 7 1 -11 4 10 3 10 0 1 -3 1 11 
-2 9 -2 4 1 8 5 9 10 0 -8 -9 7 9 2 -4 8 
2 0 6 9 -6 6 5 1 2 7 0 6 2 1 8 -6 4 
38
8
18 8
3 6
4 6
13 12
18 6
11 7
4 9
1 14
0 8
15 10
14 10
5 4
0 10
7 9
14 7
17 2
14
7 10 10
5 12 15
6 13 11
6 4 14
15 11 9
15 13 12
3 16 11
11 6 10
13 4 15
12 3 11
12 12 14
3 5 9
3 3 12
15 0 11
32
1 6
4 3
12 7
16 7
10 8
15 3
18 11
12 13
3 7
2 1
5 7
8 7
0 12
5 14
0 2
8 6
17 10
14 13
6 9
2 9
8 8
3 13
0 5
6 3
15 9
16 15
13 9
10 9
18 4
13 2
18 14
10 10
