14 18
17 -23 23 4 14 21 21 -22 6 16 3 22 -18 1 25 -7 6 18 
9 11 14 4 -8 8 15 19 -8 -1 1 -7 8 18 22 5 22 2 
3 14 7 21 18 -23 -4 17 21 6 15 17 -4 23 2 7 -8 0 
0 13 17 4 2 23 13 13 17 15 11 -18 0 24 9 12 17 9 
21 19 20 -8 17 14 16 21 9 25 -14 11 11 2 20 8 14 17 
15 -25 -15 1 -19 12 21 22 8 24 22 -17 -12 9 16 3 12 5 
-21 -19 6 8 24 13 -8 5 -18 23 12 24 16 11 22 -24 9 16 
16 9 -24 22 11 16 24 12 23 -18 5 -8 13 24 8 6 -19 -21 
5 12 3 16 9 -12 -17 22 24 8 22 21 12 -19 1 -15 -25 15 
17 14 8 20 2 11 11 -14 25 9 21 16 14 17 -8 20 19 21 
9 17 12 9 24 0 -18 11 15 17 13 13 23 2 4 17 13 0 
0 -8 7 2 23 -4 17 15 6 21 17 -4 -23 18 21 7 14 3 
2 22 5 22 18 8 -7 1 -1 -8 19 15 8 -8 4 14 11 9 
18 6 -7 25 1 -18 22 3 16 6 -22 21 21 14 4 23 -23 17 
43
8
0 2
1 9
0 9
6 1
6 3
9 16
5 16
3 0
13 15
12 8
13 8
7 16
7 14
4 1
8 1
10 17
20
9 15 10
9 7 16
1 14 13
6 15 12
7 1 12
6 10 14
1 12 12
5 15 8
7 5 13
10 6 13
4 2 10
4 10 16
12 3 13
7 2 12
6 16 12
7 7 14
12 5 12
8 2 8
6 12 13
3 11 13
18
7 9
2 11
3 6
2 17
8 5
7 0
1 3
0 3
3 2
6 8
11 6
10 11
11 0
5 12
6 17
12 14
13 14
10 15
