20 20
0 -13 -6 5 8 -4 -4 -9 11 12 4 -8 -9 5 13 13 -5 11 5 2 
-10 13 5 11 13 4 -5 2 -1 7 -5 -14 9 13 6 12 -2 -12 13 12 
10 13 5 10 -10 3 3 9 3 1 1 -5 7 10 14 8 -6 14 -5 -14 
13 10 8 9 -2 1 1 -13 6 5 -14 14 -6 3 10 8 2 14 -8 10 
5 11 4 6 13 -12 5 3 9 -14 -9 1 7 14 -6 -8 7 8 -12 9 
13 -10 9 9 10 1 4 5 12 1 4 4 12 -13 9 5 5 -6 2 12 
-14 8 14 5 5 3 -3 13 6 4 10 13 3 13 -12 11 -5 2 2 -9 
2 12 7 0 -11 6 9 4 3 0 -3 13 11 -7 3 1 -1 10 9 -5 
5 9 6 8 -1 -10 10 13 -14 7 -3 10 0 -6 3 6 9 1 7 11 
5 4 3 8 14 -13 8 6 -11 8 7 -6 7 10 -10 5 2 2 -14 14 
14 -14 2 2 5 -10 10 7 -6 7 8 -11 6 8 -13 14 8 3 4 5 
11 7 1 9 6 3 -6 0 10 -3 7 -14 13 10 -10 -1 8 6 9 5 
-5 9 10 -1 1 3 -7 11 13 -3 0 3 4 9 6 -11 0 7 12 2 
-9 2 2 -5 11 -12 13 3 13 10 4 6 13 -3 3 5 5 14 8 -14 
12 2 -6 5 5 9 -13 12 4 4 1 12 5 4 1 10 9 9 -10 13 
9 -12 8 7 -8 -6 14 7 1 -9 -14 9 3 5 -12 13 6 4 11 5 
10 -8 14 2 8 10 3 -6 14 -14 5 6 -13 1 1 -2 9 8 10 13 
-14 -5 14 -6 8 14 10 7 -5 1 1 3 9 3 3 -10 10 5 13 10 
12 13 -12 -2 12 6 13 9 -14 -5 7 -1 2 -5 4 13 11 5 13 -10 
2 5 11 -5 13 13 5 -9 -8 4 12 11 -9 -4 -4 8 5 -6 -13 0 
31
2
2 4
3 7
17 15
16 12
14
8 13 11
16 1 9
11 9 14
19 3 16
12 18 11
6 5 10
4 19 13
11 6 11
3 18 9
8 10 14
0 16 16
7 1 11
13 14 10
15 0 13
0
