18 10
1 5 2 1 2 6 6 5 0 3 
1 6 -4 3 -2 5 -5 5 4 -2 
-4 5 -6 3 3 6 5 0 4 3 
6 4 3 -5 1 2 3 4 4 6 
1 -3 4 -1 -2 -4 5 2 -5 2 
3 5 -1 3 3 -1 1 0 2 3 
4 6 -3 -5 6 6 6 -6 2 4 
5 -5 -2 1 3 3 -3 2 2 -4 
-3 1 1 -1 4 -2 6 2 6 2 
2 6 2 6 -2 4 -1 1 1 -3 
-4 2 2 -3 3 3 1 -2 -5 5 
4 2 -6 6 6 6 -5 -3 6 4 
3 2 0 1 -1 3 3 -1 5 3 
2 -5 2 5 -4 -2 -1 4 -3 1 
6 4 4 3 2 1 -5 3 4 6 
3 4 0 5 6 3 3 -6 5 -4 
-2 4 5 -5 5 -2 3 -4 6 1 
3 0 5 6 6 2 1 2 5 1 
51
7
17 0
15 4
15 9
11 8
12 2
15 2
0 4
0 9
2 5
2 0
6 1
5 7
2 7
17 5
14
13 2 9
8 0 10
6 8 15
13 5 9
17 6 8
3 8 12
15 1 16
4 7 9
9 9 10
11 1 15
4 4 9
0 3 8
14 1 12
2 8 16
16
4 2
3 1
6 4
10 6
17 2
16 2
5 8
12 0
13 7
14 8
11 5
7 3
0 7
1 7
12 1
5 9
