20 20
6 1 8 -2 0 7 1 1 -9 3 9 -3 3 8 -8 9 8 2 -6 9 
2 -3 9 7 8 6 -8 8 2 9 6 -3 7 8 9 8 2 7 1 3 
-2 1 4 8 -8 6 0 5 6 0 -2 7 9 5 3 2 5 1 2 -4 
4 2 1 6 4 2 -8 7 3 0 4 -3 7 0 -3 -2 -5 6 9 -2 
-1 9 -5 5 8 3 2 0 2 7 9 1 2 5 -1 2 3 8 0 6 
8 -9 7 -3 -7 3 -3 3 2 9 1 5 0 7 8 4 8 3 -4 1 
1 2 6 7 -2 1 3 -7 -3 3 6 -5 2 9 -5 6 -6 3 8 6 
5 3 8 -8 7 1 7 2 -8 6 5 9 3 1 -1 5 -6 7 9 -3 
9 3 -1 -4 4 9 0 -7 1 5 -4 -8 2 0 9 4 7 3 -5 5 
7 1 -7 8 0 5 -1 3 5 6 3 5 -5 1 3 3 9 -4 4 6 
6 4 -4 9 3 3 1 -5 5 3 6 5 3 -1 5 0 8 -7 1 7 
5 -5 3 7 4 9 0 2 -8 -4 5 1 -7 0 9 4 -4 -1 3 9 
-3 9 7 -6 5 -1 1 3 9 5 6 -8 2 7 1 7 -8 8 3 5 
6 8 3 -6 6 -5 9 2 -5 6 3 -3 -7 3 1 -2 7 6 2 1 
1 -4 3 8 4 8 7 0 5 1 9 2 3 -3 3 -7 -3 7 -9 8 
6 0 8 3 2 -1 5 2 1 9 7 2 0 2 3 8 5 -5 9 -1 
-2 9 6 -5 -2 -3 0 7 -3 4 0 3 7 -8 2 4 6 1 2 4 
-4 2 1 5 2 3 5 9 7 -2 0 6 5 0 6 -8 8 4 1 -2 
3 1 7 2 8 9 8 7 -3 6 9 2 8 -8 6 8 7 9 -3 2 
9 -6 2 8 9 -8 8 3 -3 9 3 -9 1 1 7 0 -2 8 1 6 
51
3
15 14
10 5
0 3
4 5
9 14
19 16
18
8 0 8
9 19 10
1 0 8
18 16 14
13 17 12
10 15 16
15 18 12
10 19 13
2 9 16
11 19 8
10 0 10
18 19 8
1 3 14
6 2 12
9 4 16
4 1 12
9 0 13
17 10 16
0
