15 14
1 8 2 8 7 3 6 5 -1 6 4 4 6 7 
-6 -7 3 2 5 5 3 7 3 -8 2 6 -7 -8 
-8 6 -3 4 7 1 4 -8 -8 6 5 -6 1 0 
-4 1 2 8 4 6 0 0 1 6 1 4 2 -3 
3 3 3 -6 0 6 6 3 -1 8 4 1 5 -7 
7 -6 8 -3 2 5 7 2 4 -7 1 -5 1 5 
6 5 1 -6 -3 8 6 2 7 -3 2 7 5 2 
5 -2 1 1 -4 5 3 3 5 -4 1 1 -2 5 
2 5 7 2 -3 7 2 6 8 -3 -6 1 5 6 
5 1 -5 1 -7 4 2 7 5 2 -3 8 -6 7 
-7 5 1 4 8 -1 3 6 6 0 -6 3 3 3 
-3 2 4 1 6 1 0 0 6 4 8 2 1 -4 
0 1 -6 5 6 -8 -8 4 1 7 4 -3 6 -8 
-8 -7 6 2 -8 3 7 3 5 5 2 3 -7 -6 
7 6 4 4 6 -1 5 6 3 7 8 2 8 1 
35
5
10 3
8 9
3 1
1 6
13 10
4 10
6 4
11 12
13 7
1 3
12
6 0 9
13 6 13
12 13 12
12 8 12
11 7 13
0 2 16
8 13 9
1 7 13
2 0 12
2 5 12
3 6 13
14 11 16
18
6 3
3 12
14 13
11 0
7 11
14 0
4 11
5 1
3 10
8 10
11 1
0 0
3 13
7 2
0 13
10 2
9 12
11 3
