10 14
1 3 8 5 3 8 6 6 1 9 5 -9 2 0 
-1 3 5 3 6 7 4 12 2 4 6 10 -8 3 
3 6 -8 -10 -2 12 11 0 2 8 3 1 11 6 
2 2 0 5 12 9 11 7 3 8 7 -11 10 -9 
10 -2 4 9 4 -4 3 4 12 -3 2 -11 -4 12 
12 -4 -11 2 -3 12 4 3 -4 4 9 4 -2 10 
-9 10 -11 7 8 3 7 11 9 12 5 0 2 2 
6 11 1 3 8 2 0 11 12 -2 -10 -8 6 3 
3 -8 10 6 4 2 12 4 7 6 3 5 3 -1 
0 2 -9 5 9 1 6 6 8 3 5 8 3 1 
46
3
7 1
1 7
2 8
2 12
8 6
7 5
18
5 7 10
1 5 15
5 2 11
3 1 13
4 12 14
7 2 11
8 11 11
7 11 10
1 6 9
4 6 10
8 8 15
4 11 11
6 12 13
5 1 14
2 11 11
1 2 11
2 2 10
8 7 9
10
7 9
1 11
2 13
1 10
4 10
2 4
8 2
7 0
8 3
5 3
