10 15
10 1 16 3 -11 7 6 12 14 10 13 12 3 11 15 
-7 1 5 16 14 16 3 9 8 -12 0 10 6 16 6 
1 6 5 13 -1 7 4 4 13 8 -8 -6 6 13 15 
-1 4 0 -3 -4 16 14 2 7 3 6 13 3 -14 9 
6 4 15 5 10 7 9 13 0 4 8 6 -6 -12 11 
11 -12 -6 6 8 4 0 13 9 7 10 5 15 4 6 
9 -14 3 13 6 3 7 2 14 16 -4 -3 0 4 -1 
15 13 6 -6 -8 8 13 4 4 7 -1 13 5 6 1 
6 16 6 10 0 -12 8 9 3 16 14 16 5 1 -7 
15 11 3 12 13 10 14 12 6 7 -11 3 16 1 10 
50
8
4 1
8 5
0 8
3 12
1 11
9 3
6 10
8 13
5 13
1 9
9 6
6 2
8 3
0 11
3 4
1 1
12
5 12 8
5 1 16
0 5 16
6 3 11
7 2 14
6 0 11
4 2 8
4 13 16
9 9 16
3 11 11
2 12 14
3 14 11
12
7 4
0 7
1 6
7 1
1 4
0 14
2 10
9 7
8 8
2 13
8 10
9 0
