20 20
6 -8 16 14 16 9 -13 7 5 3 2 11 11 -9 3 8 3 5 5 -5 
6 15 -5 15 12 2 -11 13 2 9 5 -7 6 16 13 -10 13 2 11 12 
-3 2 16 -5 -13 -7 -16 15 6 2 2 3 -7 3 -7 4 14 13 -5 1 
6 3 4 -11 11 9 3 13 16 3 4 6 -1 -13 0 9 4 7 -13 -8 
15 10 2 1 8 1 7 -10 -2 -5 -11 10 -6 5 5 13 8 12 14 -10 
5 7 1 7 -14 15 15 -11 13 9 15 -4 3 14 8 11 13 16 9 12 
6 13 7 8 2 -8 15 6 1 -13 -7 10 8 8 14 7 10 13 -16 8 
13 2 7 16 3 16 6 9 15 13 16 -10 8 3 11 -8 9 10 -1 13 
6 2 -10 13 11 0 -4 11 2 15 14 7 -11 -1 -13 0 1 3 9 16 
10 10 15 9 7 11 -11 3 16 9 1 -16 0 -15 4 9 -4 -6 -4 14 
14 -4 -6 -4 9 4 -15 0 -16 1 9 16 3 -11 11 7 9 15 10 10 
16 9 3 1 0 -13 -1 -11 7 14 15 2 11 -4 0 11 13 -10 2 6 
13 -1 10 9 -8 11 3 8 -10 16 13 15 9 6 16 3 16 7 2 13 
8 -16 13 10 7 14 8 8 10 -7 -13 1 6 15 -8 2 8 7 13 6 
12 9 16 13 11 8 14 3 -4 15 9 13 -11 15 15 -14 7 1 7 5 
-10 14 12 8 13 5 5 -6 10 -11 -5 -2 -10 7 1 8 1 2 10 15 
-8 -13 7 4 9 0 -13 -1 6 4 3 16 13 3 9 11 -11 4 3 6 
1 -5 13 14 4 -7 3 -7 3 2 2 6 15 -16 -7 -13 -5 16 2 -3 
12 11 2 13 -10 13 16 6 -7 5 9 2 13 -11 2 12 15 -5 15 6 
-5 5 5 3 8 3 -9 11 11 2 3 5 7 -13 9 16 14 16 -8 6 
50
4
10 2
19 18
16 19
17 11
9 17
0 1
3 0
2 8
18
8 19 12
11 19 9
3 12 9
10 16 11
14 17 13
15 17 9
16 9 9
12 18 14
6 16 16
11 0 12
8 0 9
16 7 9
9 3 11
5 2 13
4 2 9
3 10 9
7 1 14
13 3 16
0
