20 20
4 0 3 -4 2 4 2 2 -2 -4 1 4 1 -1 3 1 4 4 -2 2 
4 0 2 1 -3 0 -3 3 3 3 2 3 -3 3 0 0 1 3 3 -4 
-3 -4 -4 -1 1 0 -2 0 -4 3 2 -1 4 1 1 2 -4 -2 4 4 
2 4 0 3 -3 2 1 4 -1 0 1 0 1 -2 1 4 1 1 -1 2 
-4 1 4 -3 3 2 -4 -1 0 2 2 4 -1 1 2 2 4 2 1 0 
1 -2 3 -3 3 1 4 3 -2 3 4 1 2 -3 -3 3 2 1 3 4 
2 -1 1 1 3 1 1 1 -4 4 0 4 -2 2 4 -4 4 0 2 3 
4 3 1 4 4 3 -4 1 2 -2 1 1 3 3 3 -3 2 4 1 3 
4 0 0 3 0 1 3 -3 1 -3 2 4 4 4 2 -2 -3 -2 0 1 
3 4 1 4 1 -2 2 -2 1 -3 -1 0 3 -3 4 0 3 3 2 3 
3 2 3 3 0 4 -3 3 0 -1 -3 1 -2 2 -2 1 4 1 4 3 
1 0 -2 -3 -2 2 4 4 4 2 -3 1 -3 3 1 0 3 0 0 4 
3 1 4 2 -3 3 3 3 1 1 -2 2 1 -4 3 4 4 1 3 4 
3 2 0 4 -4 4 2 -2 4 0 4 -4 1 1 1 3 1 1 -1 2 
4 3 1 2 3 -3 -3 2 1 4 3 -2 3 4 1 3 -3 3 -2 1 
0 1 2 4 2 2 1 -1 4 2 2 0 -1 -4 2 3 -3 4 1 -4 
2 -1 1 1 4 1 -2 1 0 1 0 -1 4 1 2 -3 3 0 4 2 
4 4 -2 -4 2 1 1 4 -1 2 3 -4 0 -2 0 1 -1 -4 -4 -3 
-4 3 3 1 0 0 3 -3 3 2 3 3 3 -3 0 -3 1 2 0 4 
2 -2 4 4 1 3 -1 1 4 1 -4 -2 2 2 4 2 -4 3 0 4 
38
3
7 6
1 17
19 13
12 13
18 2
0 6
18
6 3 9
9 13 9
9 18 11
8 10 10
15 6 10
8 11 16
18 9 16
19 16 11
14 9 10
13 16 9
10 6 9
10 1 11
11 9 10
4 13 10
11 8 16
1 10 16
0 3 11
5 10 10
0
