14 20
11 3 11 3 15 8 3 7 8 7 -22 12 22 -21 -21 22 13 -23 16 22 
22 23 12 -13 -17 2 -22 14 -22 0 17 8 3 14 12 24 4 12 13 3 
-4 11 8 -16 10 26 17 -24 22 6 2 15 5 -25 3 25 19 18 4 10 
9 -11 26 25 13 25 23 26 5 26 7 14 10 6 3 12 2 22 15 7 
24 4 20 -4 25 -15 -6 7 4 25 1 13 23 1 21 13 19 7 26 -22 
10 1 -21 18 -10 14 21 4 12 8 20 -8 20 21 -17 1 0 -17 2 1 
1 13 18 25 14 7 26 3 -5 -24 25 24 3 18 10 -5 4 13 24 0 
0 24 13 4 -5 10 18 3 24 25 -24 -5 3 26 7 14 25 18 13 1 
1 2 -17 0 1 -17 21 20 -8 20 8 12 4 21 14 -10 18 -21 1 10 
-22 26 7 19 13 21 1 23 13 1 25 4 7 -6 -15 25 -4 20 4 24 
7 15 22 2 12 3 6 10 14 7 26 5 26 23 25 13 25 26 -11 9 
10 4 18 19 25 3 -25 5 15 2 6 22 -24 17 26 10 -16 8 11 -4 
3 13 12 4 24 12 14 3 8 17 0 -22 14 -22 2 -17 -13 12 23 22 
22 16 -23 13 22 -21 -21 22 12 -22 7 8 7 3 8 15 3 11 3 11 
42
8
9 10
11 18
11 14
2 13
3 10
0 14
4 3
11 8
4 9
2 1
2 5
11 6
10 9
13 5
9 16
2 11
10
7 12 14
8 13 11
2 19 9
7 18 13
5 19 10
6 7 14
5 6 11
11 0 9
6 1 13
8 0 10
24
12 15
7 10
13 18
12 14
13 7
0 3
13 1
5 17
12 4
9 0
13 2
6 12
1 4
6 9
0 1
1 5
0 12
13 16
0 18
8 2
1 15
4 19
0 17
7 7
