16 20
5 3 -5 5 0 1 2 3 1 4 4 4 2 -4 -4 2 4 5 2 -2 
5 0 1 -1 5 4 -3 0 5 3 2 2 -5 5 1 -3 -2 5 4 -5 
2 -3 -3 -1 3 5 0 3 -5 1 3 1 5 -1 1 5 5 1 2 -2 
3 5 1 -3 2 4 4 -5 2 4 5 5 1 -1 3 0 0 0 -3 4 
2 0 1 1 3 5 -2 -1 5 -3 3 -3 0 2 0 -2 5 2 5 2 
3 1 2 4 -5 3 -3 3 -5 2 1 -5 2 0 -4 2 -4 0 4 -3 
2 3 3 3 3 5 2 -3 3 -4 5 3 0 3 -3 2 -5 -3 3 5 
1 -2 1 0 4 2 -2 -4 5 2 3 5 5 1 4 3 1 1 1 1 
1 1 1 1 3 4 1 5 5 3 2 5 -4 -2 2 4 0 1 -2 1 
5 3 -3 -5 2 -3 3 0 3 5 -4 3 -3 2 5 3 3 3 3 2 
-3 4 0 -4 2 -4 0 2 -5 1 2 -5 3 -3 3 -5 4 2 1 3 
2 5 2 5 -2 0 2 0 -3 3 -3 5 -1 -2 5 3 1 1 0 2 
4 -3 0 0 0 3 -1 1 5 5 4 2 -5 4 4 2 -3 1 5 3 
-2 2 1 5 5 1 -1 5 1 3 1 -5 3 0 5 3 -1 -3 -3 2 
-5 4 5 -2 -3 1 5 -5 2 2 3 5 0 -3 4 5 -1 1 0 5 
-2 2 5 4 2 -4 -4 2 4 4 4 1 3 2 1 0 5 -5 3 5 
47
4
3 9
12 7
5 8
7 11
12 10
3 12
10 11
8 8
12
10 6 13
2 7 11
15 16 15
0 5 12
6 13 8
1 9 15
5 13 13
13 12 11
0 3 15
15 14 12
9 6 8
14 10 15
24
11 6
13 8
6 4
15 4
2 10
5 2
13 11
9 11
2 6
13 5
15 7
2 9
4 13
2 11
9 15
0 15
13 9
10 17
2 8
6 8
13 13
2 14
0 12
13 10
