20 20
7 3 -2 -3 1 1 6 5 5 3 6 6 2 -6 4 -4 5 6 7 4 
0 4 7 -3 3 -5 6 3 0 2 -5 5 -2 -7 1 5 3 4 -3 4 
5 3 -4 -3 6 2 7 2 4 3 -3 2 -5 4 3 5 1 7 7 -2 
3 2 3 6 -4 0 -6 -7 5 -7 4 1 5 2 -7 -7 0 4 6 1 
3 -6 7 5 -6 1 6 5 -1 5 -5 2 7 5 0 -7 -6 0 -2 5 
5 1 6 -6 4 7 7 1 1 4 -2 -5 5 4 7 1 -2 1 1 6 
7 2 5 5 -4 6 6 7 -6 3 6 0 -5 0 1 -2 7 1 4 0 
4 4 2 2 1 -7 6 2 3 0 7 3 0 4 2 7 0 4 4 7 
0 3 2 -3 6 1 5 6 -1 7 7 3 4 5 -3 4 6 6 5 5 
1 7 1 6 -2 -1 4 7 3 5 -6 5 3 7 2 6 2 1 5 3 
3 5 1 2 6 2 7 3 5 -6 5 3 7 4 -1 -2 6 1 7 1 
5 5 6 6 4 -3 5 4 3 7 7 -1 6 5 1 6 -3 2 3 0 
7 4 4 0 7 2 4 0 3 7 0 3 2 6 -7 1 2 2 4 4 
0 4 1 7 -2 1 0 -5 0 6 3 -6 7 6 6 -4 5 5 2 7 
6 1 1 -2 1 7 4 5 -5 -2 4 1 1 7 7 4 -6 6 1 5 
5 -2 0 -6 -7 0 5 7 2 -5 5 -1 5 6 1 -6 5 7 -6 3 
1 6 4 0 -7 -7 2 5 1 4 -7 5 -7 -6 0 -4 6 3 2 3 
-2 7 7 1 5 3 4 -5 2 -3 3 4 2 7 2 6 -3 -4 3 5 
4 -3 4 3 5 1 -7 -2 5 -5 2 0 3 6 -5 3 -3 7 4 0 
4 7 6 5 -4 4 -6 2 6 6 3 5 5 6 1 1 -3 -2 3 7 
32
4
10 0
6 1
12 8
5 12
9 19
13 18
7 11
14 7
8
12 9 14
7 5 14
19 7 13
7 19 11
7 10 14
12 14 14
0 12 13
12 0 11
0
