15 18
-17 4 19 3 -6 19 -21 -22 -20 1 11 10 -22 -8 18 3 21 12 
-17 23 14 12 3 15 1 6 23 2 0 12 20 8 12 3 9 2 
16 22 -5 -2 17 15 3 12 12 16 23 1 2 18 4 -20 2 6 
2 -13 20 13 -15 1 15 6 8 13 16 5 -4 5 -5 20 -19 -23 
20 11 20 10 6 14 7 14 5 -17 22 18 -2 10 1 12 14 1 
22 17 19 18 20 -15 22 -1 -3 -11 -20 -17 8 4 2 17 14 -15 
21 12 -6 -1 4 -17 11 11 9 6 6 23 4 15 10 21 22 11 
2 20 20 9 5 23 21 9 10 10 9 21 23 5 9 20 20 2 
11 22 21 10 15 4 23 6 6 9 11 11 -17 4 -1 -6 12 21 
-15 14 17 2 4 8 -17 -20 -11 -3 -1 22 -15 20 18 19 17 22 
1 14 12 1 10 -2 18 22 -17 5 14 7 14 6 10 20 11 20 
-23 -19 20 -5 5 -4 5 16 13 8 6 15 1 -15 13 20 -13 2 
6 2 -20 4 18 2 1 23 16 12 12 3 15 17 -2 -5 22 16 
2 9 3 12 8 20 12 0 2 23 6 1 15 3 12 14 23 -17 
12 21 3 18 -8 -22 10 11 1 -20 -22 -21 19 -6 3 19 4 -17 
54
4
0 5
13 3
10 14
10 13
14 12
1 14
4 3
4 4
12
2 3 8
1 2 14
6 14 13
14 3 16
5 2 10
12 4 15
12 14 8
13 15 14
8 3 13
0 14 16
9 15 10
2 13 15
18
14 9
3 0
12 15
10 11
1 8
14 8
4 0
7 2
10 12
0 8
11 17
2 2
4 6
13 9
0 9
10 17
7 15
4 5
