10 19
2 8 -7 0 0 9 1 11 2 5 11 -4 7 -5 5 -1 6 -3 10 
5 9 11 4 -8 6 10 8 -2 6 3 10 -9 -4 5 4 6 11 5 
2 3 8 9 4 1 2 -3 11 11 9 0 6 -4 10 11 3 9 3 
-3 0 4 1 3 6 10 -3 1 -8 4 10 7 2 -10 3 -6 -4 2 
4 -4 4 -1 9 -2 -8 6 -6 3 3 3 3 5 8 2 3 -11 0 
0 -11 3 2 8 5 3 3 3 3 -6 6 -8 -2 9 -1 4 -4 4 
2 -4 -6 3 -10 2 7 10 4 -8 1 -3 10 6 3 1 4 0 -3 
3 9 3 11 10 -4 6 0 9 11 11 -3 2 1 4 9 8 3 2 
5 11 6 4 5 -4 -9 10 3 6 -2 8 10 6 -8 4 11 9 5 
10 -3 6 -1 5 -5 7 -4 11 5 2 11 1 9 0 0 -7 8 2 
37
7
7 16
6 15
9 2
9 17
5 8
9 3
1 2
2 2
3 3
0 16
0 1
4 10
0 15
8 16
10
6 1 14
6 9 12
5 14 15
1 11 14
4 8 15
3 17 14
3 9 12
4 4 15
8 7 14
5 10 15
14
6 2
8 5
1 18
1 8
3 6
8 1
6 10
3 16
1 13
8 0
8 10
6 12
1 17
3 8
