17 14
2 -10 0 20 -15 22 -4 6 3 -8 5 18 0 11 
-13 10 22 4 -12 1 -6 7 12 7 19 5 3 20 
2 11 5 12 18 -8 -6 5 20 14 20 -10 9 1 
-14 18 8 21 5 -20 14 8 -16 17 -11 -1 19 -8 
15 2 9 -7 -3 3 7 19 17 -7 -6 22 21 -3 
5 18 22 -7 15 15 12 7 20 10 5 20 -16 5 
8 7 17 11 -20 16 -5 12 13 -11 22 8 5 8 
18 22 22 22 19 -13 -1 -6 15 -18 17 -5 7 21 
17 15 -16 13 -4 15 19 19 15 -4 13 -16 15 17 
21 7 -5 17 -18 15 -6 -1 -13 19 22 22 22 18 
8 5 8 22 -11 13 12 -5 16 -20 11 17 7 8 
5 -16 20 5 10 20 7 12 15 15 -7 22 18 5 
-3 21 22 -6 -7 17 19 7 3 -3 -7 9 2 15 
-8 19 -1 -11 17 -16 8 14 -20 5 21 8 18 -14 
1 9 -10 20 14 20 5 -6 -8 18 12 5 11 2 
20 3 5 19 7 12 7 -6 1 -12 4 22 10 -13 
11 0 18 5 -8 3 6 -4 22 -15 20 0 -10 2 
46
4
5 1
12 13
8 9
11 3
11 12
4 0
8 4
5 10
16
1 6 15
9 0 16
7 10 8
3 6 9
4 2 16
7 6 14
0 5 15
8 5 8
15 7 15
7 13 16
9 3 8
13 7 9
12 11 16
9 7 14
16 8 15
8 8 8
18
11 2
12 0
10 2
15 0
14 7
10 6
0 10
1 7
1 0
5 11
4 13
6 11
1 13
2 6
6 7
16 3
15 6
15 13
