13 16
5 6 9 5 8 -2 6 -1 9 3 9 5 2 0 7 -9 
0 -5 8 8 8 8 4 -1 2 6 4 -4 -8 7 5 -2 
8 5 -8 6 2 -4 6 4 0 -8 1 8 4 7 6 3 
4 0 3 7 7 -1 8 8 4 6 0 -9 4 -5 4 2 
2 4 7 8 2 7 -1 1 4 -7 5 2 0 0 8 2 
3 3 3 5 4 4 -5 6 9 -1 3 9 0 6 -6 0 
0 -7 -7 -5 4 -4 3 2 2 3 -4 4 -5 -7 -7 0 
0 -6 6 0 9 3 -1 9 6 -5 4 4 5 3 3 3 
2 8 0 0 2 5 -7 4 1 -1 7 2 8 7 4 2 
2 4 -5 4 -9 0 6 4 8 8 -1 7 7 3 0 4 
3 6 7 4 8 1 -8 0 4 6 -4 2 6 -8 5 8 
-2 5 7 -8 -4 4 6 2 -1 4 8 8 8 8 -5 0 
-9 7 0 2 5 9 3 9 -1 6 -2 8 5 9 6 5 
52
7
3 13
7 1
2 1
11 7
11 9
4 14
4 6
9 2
5 14
10 14
1 8
1 6
8 1
8 9
6
12 1 15
3 15 8
10 3 10
0 14 15
9 0 8
2 12 10
20
5 12
10 0
4 5
5 1
0 4
7 15
6 8
11 5
10 11
3 8
7 3
2 15
8 10
7 14
12 11
5 0
6 7
1 10
2 4
9 7
