12 10
10 -13 15 -17 -15 3 4 20 0 5 
4 -14 -10 -16 17 -2 14 19 15 -11 
-17 -11 -21 8 11 18 20 2 7 -19 
15 -3 11 -3 11 15 18 -9 4 8 
19 17 16 10 8 -21 0 -15 12 -4 
2 9 18 18 3 -20 -21 12 -9 10 
10 -9 12 -21 -20 3 18 18 9 2 
-4 12 -15 0 -21 8 10 16 17 19 
8 4 -9 18 15 11 -3 11 -3 15 
-19 7 2 20 18 11 8 -21 -11 -17 
-11 15 19 14 -2 17 -16 -10 -14 4 
5 0 20 4 3 -15 -17 15 -13 10 
32
8
8 1
9 0
2 4
7 3
3 0
10 1
9 7
7 5
3 8
2 9
9 5
4 6
8 9
1 8
2 2
4 4
20
8 6 10
0 5 16
6 3 16
10 0 16
4 8 10
9 6 8
11 2 10
1 7 9
3 7 13
7 4 15
3 3 10
11 4 16
5 6 16
1 9 16
7 1 10
2 3 8
0 7 10
10 2 9
8 2 13
4 5 15
12
7 6
11 0
3 6
9 1
4 0
9 2
4 3
0 9
8 3
2 8
7 9
2 7
