11 17
-7 6 -4 -2 3 0 -5 2 0 8 0 0 5 7 8 7 2 
-2 0 0 8 7 2 1 3 4 8 0 6 6 3 7 6 5 
-4 6 4 5 -6 -3 6 7 -1 0 1 4 2 6 0 -1 -8 
3 3 5 -6 5 1 -2 5 5 5 5 8 6 1 6 2 2 
5 6 2 -6 8 -7 8 0 -5 0 2 7 6 5 4 8 -1 
5 7 1 1 3 4 -8 3 -6 3 -8 4 3 1 1 7 5 
-1 8 4 5 6 7 2 0 -5 0 8 -7 8 -6 2 6 5 
2 2 6 1 6 8 5 5 5 5 -2 1 5 -6 5 3 3 
-8 -1 0 6 2 4 1 0 -1 7 6 -3 -6 5 4 6 -4 
5 6 7 3 6 6 0 8 4 3 1 2 7 8 0 0 -2 
2 7 8 7 5 0 0 8 0 2 -5 0 3 -2 -4 6 -7 
60
5
9 1
3 16
0 14
0 2
9 4
1 15
7 0
10 2
10 14
1 12
18
7 15 14
8 10 8
10 16 8
0 16 9
0 1 12
1 14 14
10 1 8
4 3 8
6 11 14
3 1 14
2 6 8
0 0 8
10 0 9
10 15 12
9 2 14
0 15 8
6 13 8
4 5 14
14
8 12
3 8
4 15
8 0
4 8
10 12
0 9
2 4
7 8
6 1
2 16
6 8
0 4
10 7
