19 17
1 -1 1 -3 2 3 4 2 1 1 1 2 2 4 4 -2 4 
-3 -2 0 2 4 1 4 0 3 2 2 3 1 1 0 4 -2 
0 0 -3 3 -3 4 2 1 -2 -4 -2 2 2 3 1 3 1 
4 4 4 -1 0 1 0 2 3 3 1 4 4 -3 0 3 -1 
-2 -2 4 2 0 -4 4 -2 4 -3 -3 -3 -1 2 2 -2 1 
2 4 1 -1 4 4 -3 4 2 -4 1 1 2 4 1 3 0 
4 1 3 -1 0 -2 4 2 -3 -3 -4 4 0 4 2 -4 0 
1 3 3 4 2 1 1 3 1 1 1 3 0 2 1 0 -3 
-2 2 0 3 4 1 3 1 0 1 -4 2 4 1 -4 3 3 
2 -4 2 -3 1 2 1 4 4 4 1 2 1 -3 2 -4 2 
3 3 -4 1 4 2 -4 1 0 1 3 1 4 3 0 2 -2 
-3 0 1 2 0 3 1 1 1 3 1 1 2 4 3 3 1 
0 -4 2 4 0 4 -4 -3 -3 2 4 -2 0 -1 3 1 4 
0 3 1 4 2 1 1 -4 2 4 -3 4 4 -1 1 4 2 
1 -2 2 2 -1 -3 -3 -3 4 -2 4 -4 0 2 4 -2 -2 
-1 3 0 -3 4 4 1 3 3 2 0 1 0 -1 4 4 4 
1 3 1 3 2 2 -2 -4 -2 1 2 4 -3 3 -3 0 0 
-2 4 0 1 1 3 2 2 3 0 4 1 4 2 0 -2 -3 
4 -2 4 4 2 2 1 1 1 2 4 3 2 -3 1 -1 1 
38
3
1 9
2 12
12 14
17 7
16 4
6 2
20
8 15 9
9 14 13
9 6 16
2 4 16
12 13 12
14 1 12
13 16 15
14 0 12
7 3 9
4 7 15
10 1 9
9 2 13
9 10 16
16 12 16
6 3 12
4 15 12
5 0 15
4 16 12
11 13 9
14 9 15
22
2 10
17 0
11 16
6 0
18 6
15 13
3 10
14 16
12 8
6 7
13 2
16 6
1 16
7 0
12 16
0 10
3 3
15 6
4 0
6 8
12 9
5 14
