17 13
-1 0 2 5 -1 3 3 1 5 4 4 4 2 
1 5 4 4 -2 2 -1 3 -4 1 4 3 2 
1 3 4 4 3 4 5 2 3 3 1 -4 -1 
0 2 2 5 -2 2 1 2 -4 1 4 5 1 
1 2 5 5 4 -3 2 1 2 0 5 4 1 
2 -5 5 3 -1 2 5 4 4 -1 2 5 4 
1 3 4 5 5 0 1 2 1 1 -1 -1 3 
2 2 2 3 -4 2 2 0 5 5 5 4 2 
-2 4 0 -3 2 -4 1 -4 2 -3 0 4 -2 
2 4 5 5 5 0 2 2 -4 3 2 2 2 
3 -1 -1 1 1 2 1 0 5 5 4 3 1 
4 5 2 -1 4 4 5 2 -1 3 5 -5 2 
1 4 5 0 2 1 2 -3 4 5 5 2 1 
1 5 4 1 -4 2 1 2 -2 5 2 2 0 
-1 -4 1 3 3 2 5 4 3 4 4 3 1 
2 3 4 1 -4 3 -1 2 -2 4 4 5 1 
2 4 4 4 5 1 3 3 -1 5 2 0 -1 
60
4
13 9
4 8
14 6
6 7
3 3
12 4
2 6
10 5
18
0 11 15
15 6 9
5 7 8
0 3 14
0 2 16
8 4 10
11 4 15
12 6 11
8 3 10
16 1 15
1 6 9
11 5 8
16 9 14
16 10 16
8 8 10
5 8 15
4 6 11
8 9 10
18
2 12
15 11
13 2
4 3
13 11
12 10
6 11
13 6
5 6
14 0
1 1
3 10
12 9
3 1
4 2
10 1
3 6
11 6
