17 12
3 -15 13 14 -17 12 -13 14 1 6 7 2 
2 5 13 -8 -5 5 2 9 15 8 12 1 
7 7 14 7 2 16 -8 2 16 0 -6 14 
8 12 3 4 -3 11 6 10 -10 5 8 -4 
-8 6 4 8 0 16 9 12 10 6 7 15 
3 10 16 9 -15 7 7 14 3 8 17 -8 
13 3 10 -17 -9 17 -9 -13 -9 14 -16 1 
-15 16 15 15 4 -3 -5 4 4 16 5 7 
-14 3 0 11 -10 13 13 -10 11 0 3 -14 
7 5 16 4 4 -5 -3 4 15 15 16 -15 
1 -16 14 -9 -13 -9 17 -9 -17 10 3 13 
-8 17 8 3 14 7 7 -15 9 16 10 3 
15 7 6 10 12 9 16 0 8 4 6 -8 
-4 8 5 -10 10 6 11 -3 4 3 12 8 
14 -6 0 16 2 -8 16 2 7 14 7 7 
1 12 8 15 9 2 5 -5 -8 13 5 2 
2 7 6 1 14 -13 12 -17 14 13 -15 3 
48
7
4 0
15 0
7 11
13 7
11 6
4 6
8 2
12 11
1 11
9 0
3 4
5 5
12 5
8 9
14
9 3 12
14 1 13
13 3 15
14 6 14
16 0 13
0 5 14
13 0 16
7 8 12
2 10 13
3 8 15
2 5 14
0 11 13
16 6 14
3 11 16
20
4 11
12 3
12 7
12 1
6 7
15 5
11 0
9 11
6 1
8 6
12 0
4 8
4 4
4 10
10 4
1 6
5 11
7 0
10 10
8 5
