16 11
0 8 -5 9 -1 4 9 8 6 8 0 
8 7 8 7 2 5 -4 3 10 -4 1 
-5 5 3 5 5 -8 4 6 6 2 -6 
-5 -6 -9 9 2 5 1 -8 -5 -1 4 
7 3 -2 4 4 -4 -2 5 1 2 4 
5 -8 8 10 4 4 3 5 9 1 0 
3 10 -9 -3 2 0 2 6 6 -5 9 
5 -2 7 0 8 9 6 1 8 7 -10 
-10 7 8 1 6 9 8 0 7 -2 5 
9 -5 6 6 2 0 2 -3 -9 10 3 
0 1 9 5 3 4 4 10 8 -8 5 
4 2 1 5 -2 -4 4 4 -2 3 7 
4 -1 -5 -8 1 5 2 9 -9 -6 -5 
-6 2 6 6 4 -8 5 5 3 5 -5 
1 -4 10 3 -4 5 2 7 8 7 8 
0 8 6 8 9 4 -1 9 -5 8 0 
36
4
15 4
3 1
1 7
4 7
0 6
12 9
14 3
11 3
8
0 10 9
6 0 10
10 5 9
14 8 8
15 0 9
9 10 10
5 5 9
1 2 8
10
5 3
15 6
1 5
12 3
12 2
10 7
0 4
14 5
3 7
3 8
