20 20
4 7 2 -5 8 8 7 0 4 -7 -2 4 10 -9 3 6 -9 0 10 8 
9 1 9 4 7 -2 10 10 7 1 6 0 -10 -10 5 5 2 8 4 5 
5 -5 5 2 2 1 4 2 -10 2 8 -6 1 -6 6 -3 3 2 7 1 
3 8 5 8 -1 5 7 4 6 2 -6 6 5 -8 6 2 4 10 9 -9 
7 6 -9 8 8 -9 5 -9 2 -7 3 6 4 -4 2 7 8 3 8 -2 
6 10 -1 4 2 7 4 8 7 7 0 7 2 6 6 1 -7 3 -3 2 
7 -2 9 1 0 8 -2 -5 -1 9 7 7 -7 7 4 -10 10 10 3 -7 
-5 7 3 10 3 -1 2 7 7 -4 -9 3 0 1 6 5 -3 1 6 -4 
5 1 3 -4 -1 3 10 -3 4 -7 -1 10 1 6 0 0 0 10 6 9 
5 9 8 -2 2 9 4 10 -8 9 -5 -8 8 7 7 3 3 -3 9 1 
1 9 -3 3 3 7 7 8 -8 -5 9 -8 10 4 9 2 -2 8 9 5 
9 6 10 0 0 0 6 1 10 -1 -7 4 -3 10 3 -1 -4 3 1 5 
-4 6 1 -3 5 6 1 0 3 -9 -4 7 7 2 -1 3 10 3 7 -5 
-7 3 10 10 -10 4 7 -7 7 7 9 -1 -5 -2 8 0 1 9 -2 7 
2 -3 3 -7 1 6 6 2 7 0 7 7 8 4 7 2 4 -1 10 6 
-2 8 3 8 7 2 -4 4 6 3 -7 2 -9 5 -9 8 8 -9 6 7 
-9 9 10 4 2 6 -8 5 6 -6 2 6 4 7 5 -1 8 5 8 3 
1 7 2 3 -3 6 -6 1 -6 8 2 -10 2 4 1 2 2 5 -5 5 
5 4 8 2 5 5 -10 -10 0 6 1 7 10 10 -2 7 4 9 1 9 
8 10 0 -9 6 3 -9 10 4 -2 -7 4 0 7 8 8 -5 2 7 4 
52
3
16 11
18 6
3 1
3 8
1 13
16 18
18
8 7 11
6 16 15
6 1 8
5 17 8
12 6 9
6 19 12
16 1 8
1 11 15
16 3 11
11 12 11
13 3 15
13 18 8
14 2 8
7 13 9
13 0 12
3 18 8
18 8 15
3 16 11
0
