20 19
27 9 25 26 15 3 18 -13 2 21 -19 13 -3 -26 -10 1 25 27 20 
3 18 6 2 21 27 -12 4 11 26 18 18 -28 9 26 -25 3 -28 -16 
21 26 -28 17 -19 -12 20 16 -4 13 6 2 25 20 -21 3 3 3 5 
5 -5 10 25 22 23 18 21 -26 12 13 20 5 26 11 14 12 14 22 
6 21 21 20 -26 26 21 10 -12 23 19 3 28 27 6 23 0 -4 27 
8 14 -5 -21 4 -7 1 1 16 19 17 3 7 -6 27 24 7 11 -28 
27 0 -4 28 9 11 22 1 5 25 12 -14 -19 -2 -2 4 22 8 14 
-16 6 15 19 21 -11 -10 0 20 20 3 23 4 23 12 10 19 -4 27 
7 -3 13 13 13 9 24 13 0 22 15 23 9 0 26 19 -16 19 13 
-23 17 17 14 12 20 24 12 6 17 -10 23 -9 21 4 2 23 -17 13 
13 -17 23 2 4 21 -9 23 -10 17 6 12 24 20 12 14 17 17 -23 
13 19 -16 19 26 0 9 23 15 22 0 13 24 9 13 13 13 -3 7 
27 -4 19 10 12 23 4 23 3 20 20 0 -10 -11 21 19 15 6 -16 
14 8 22 4 -2 -2 -19 -14 12 25 5 1 22 11 9 28 -4 0 27 
-28 11 7 24 27 -6 7 3 17 19 16 1 1 -7 4 -21 -5 14 8 
27 -4 0 23 6 27 28 3 19 23 -12 10 21 26 -26 20 21 21 6 
22 14 12 14 11 26 5 20 13 12 -26 21 18 23 22 25 10 -5 5 
5 3 3 3 -21 20 25 2 6 13 -4 16 20 -12 -19 17 -28 26 21 
-16 -28 3 -25 26 9 -28 18 18 26 11 4 -12 27 21 2 6 18 3 
20 27 25 1 -10 -26 -3 13 -19 21 2 -13 18 3 15 26 25 9 27 
30
8
1 14
19 15
14 16
12 13
1 6
14 5
4 17
19 13
18 4
0 3
5 2
7 5
18 12
5 13
15 1
0 5
20
12 4 16
3 0 11
1 2 15
4 12 12
16 2 12
16 5 11
2 7 12
15 17 10
14 10 11
4 16 11
7 14 16
16 18 11
18 16 15
15 6 12
3 16 12
3 13 11
17 11 12
4 1 10
5 8 11
15 2 11
38
14 13
15 13
2 1
15 12
11 1
2 5
6 4
0 9
18 15
7 17
14 8
8 7
12 3
11 14
16 13
12 6
0 10
9 5
19 14
5 5
4 5
17 17
4 6
8 17
17 13
13 14
19 9
1 3
12 1
5 10
11 11
7 15
8 4
3 5
7 12
19 8
10 13
0 4
