17 20
0 2 2 -2 4 4 -3 5 5 5 -4 1 4 3 3 4 0 2 1 0 
-4 -4 3 4 1 5 0 3 0 3 -1 3 2 5 -5 0 2 4 1 5 
1 3 4 3 -1 4 2 4 1 -1 2 1 2 -5 3 3 3 2 4 4 
4 1 3 2 1 -3 -2 1 5 5 3 -1 -3 4 3 5 -3 5 5 1 
3 1 -5 2 4 -1 0 0 3 1 0 -4 1 5 -2 0 -3 1 5 4 
0 4 4 2 3 1 3 3 1 0 -1 4 3 -1 5 -4 4 3 5 4 
1 3 5 2 4 1 2 5 4 4 5 2 3 3 -5 3 -1 5 1 -3 
-5 5 3 -2 4 0 2 2 4 4 2 2 -1 -4 -3 -2 0 2 2 2 
5 -1 5 -1 -1 4 3 3 5 3 3 5 3 3 4 -1 -1 5 -1 5 
2 2 2 0 -2 -3 -4 -1 2 2 4 4 2 2 0 4 -2 3 5 -5 
-3 1 5 -1 3 -5 3 3 2 5 4 4 5 2 1 4 2 5 3 1 
4 5 3 4 -4 5 -1 3 4 -1 0 1 3 3 1 3 2 4 4 0 
4 5 1 -3 0 -2 5 1 -4 0 1 3 0 0 -1 4 2 -5 1 3 
1 5 5 -3 5 3 4 -3 -1 3 5 5 1 -2 -3 1 2 3 1 4 
4 4 2 3 3 3 -5 2 1 2 -1 1 4 2 4 -1 3 4 3 1 
5 1 4 2 0 -5 5 2 3 -1 3 0 3 0 5 1 4 3 -4 -4 
0 1 2 0 4 3 3 4 1 -4 5 5 5 -3 4 4 -2 2 2 0 
37
5
7 16
1 6
6 19
16 19
7 18
9 3
15 13
10 0
0 0
9 1
14
13 2 11
2 7 11
7 9 12
9 15 9
10 11 13
5 18 13
1 7 8
3 17 11
14 12 11
9 10 12
7 4 9
6 8 13
11 1 13
15 12 8
22
3 1
8 18
15 19
7 12
16 10
14 7
3 13
4 5
9 5
14 8
3 14
13 18
8 1
1 0
9 7
0 9
2 12
13 6
12 14
7 14
2 11
13 5
