20 20
0 3 3 -2 -1 2 1 2 3 2 2 -1 1 -1 2 2 3 2 3 1 
-1 -1 3 2 2 0 -1 1 2 -3 3 0 3 2 0 0 -3 2 -3 1 
2 0 2 0 -1 1 0 1 0 2 -1 2 2 -1 2 1 3 3 3 2 
0 0 2 1 0 -3 0 1 2 1 2 1 0 3 2 1 1 -2 1 2 
1 2 2 1 -1 2 1 2 3 0 3 0 2 -2 2 0 2 3 1 0 
2 0 1 2 2 2 3 0 3 -1 2 3 3 2 1 3 0 2 0 3 
0 1 2 -1 1 0 2 -3 -2 -2 3 -1 3 -1 2 0 2 2 1 3 
2 3 1 2 1 3 -1 3 -1 1 2 0 3 3 2 1 2 3 3 -1 
3 -2 1 3 3 1 1 -2 3 1 3 2 -1 0 3 1 0 3 -2 1 
0 -3 1 2 -3 2 3 1 2 3 3 -1 3 3 2 2 3 -3 3 3 
3 3 -3 3 2 2 3 3 -1 3 3 2 1 3 2 -3 2 1 -3 0 
1 -2 3 0 1 3 0 -1 2 3 1 3 -2 1 1 3 3 1 -2 3 
-1 3 3 2 1 2 3 3 0 2 1 -1 3 -1 3 1 2 1 3 2 
3 1 2 2 0 2 -1 3 -1 3 -2 -2 -3 2 0 1 -1 2 1 0 
3 0 2 0 3 1 2 3 3 2 -1 3 0 3 2 2 2 1 0 2 
0 1 3 2 0 2 -2 2 0 3 0 3 2 1 2 -1 1 2 2 1 
2 1 -2 1 1 2 3 0 1 2 1 2 1 0 -3 0 1 2 0 0 
2 3 3 3 1 2 -1 2 2 -1 2 0 1 0 1 -1 0 2 0 2 
1 -3 2 -3 0 0 2 3 0 3 -3 2 1 -1 0 2 2 3 -1 -1 
1 3 2 3 2 2 -1 1 -1 2 2 3 2 1 2 -1 -2 3 3 0 
60
3
5 2
4 1
2 6
14 17
15 18
17 13
14
10 4 16
16 11 8
16 0 15
4 2 16
13 0 12
12 14 13
17 4 8
9 15 16
3 8 8
3 19 15
15 17 16
6 19 12
7 5 13
2 15 8
0
