16 14
-2 2 2 1 3 0 2 0 -3 0 3 2 2 1 
-2 -2 3 -1 1 3 2 0 -1 0 1 2 3 -1 
3 3 2 0 2 2 -2 1 2 3 0 -3 1 -3 
2 -2 2 3 1 3 -2 3 -3 -3 1 1 -1 1 
2 0 3 3 -3 3 3 3 0 1 -2 1 -1 1 
3 -1 3 0 3 3 2 0 1 2 -1 1 2 2 
-1 1 2 1 -3 1 0 2 3 -2 1 3 0 2 
0 2 0 2 0 1 1 0 0 -3 2 2 1 2 
2 1 2 2 -3 0 0 1 1 0 2 0 2 0 
2 0 3 1 -2 3 2 0 1 -3 1 2 1 -1 
2 2 1 -1 2 1 0 2 3 3 0 3 -1 3 
1 -1 1 -2 1 0 3 3 3 -3 3 3 0 2 
1 -1 1 1 -3 -3 3 -2 3 1 3 2 -2 2 
-3 1 -3 0 3 2 1 -2 2 2 0 2 3 3 
-1 3 2 1 0 -1 0 2 3 1 -1 3 -2 -2 
1 2 2 3 0 -3 0 2 0 3 1 2 2 -2 
43
2
5 2
13 3
10 11
2 10
14
12 6 9
14 9 15
11 0 12
6 9 8
9 11 9
14 0 16
13 8 13
3 7 9
1 4 15
4 13 12
9 4 8
6 2 9
1 13 16
2 5 13
20
13 7
6 10
7 0
14 12
14 2
14 7
8 6
8 0
11 6
6 13
2 6
9 3
8 13
1 1
1 11
1 6
7 7
7 13
4 7
9 0
