14 15
5 2 4 3 1 1 2 0 5 2 4 -5 4 4 -4 
5 -6 -5 1 3 3 6 1 3 6 -5 0 -2 5 2 
-2 -3 0 2 -6 0 6 1 -4 1 0 -3 -5 -1 6 
-4 3 3 2 5 1 2 4 -5 4 -6 -1 3 1 5 
-5 -3 0 6 0 1 6 3 0 6 1 1 -6 1 3 
3 1 -6 -2 3 3 4 2 -6 4 6 6 2 -5 -2 
-1 3 -6 1 5 1 1 6 1 -1 2 5 5 4 1 
1 4 5 5 2 -1 1 6 1 1 5 1 -6 3 -1 
-2 -5 2 6 6 4 -6 2 4 3 3 -2 -6 1 3 
3 1 -6 1 1 6 0 3 6 1 0 6 0 -3 -5 
5 1 3 -1 -6 4 -5 4 2 1 5 2 3 3 -4 
6 -1 -5 -3 0 1 -4 1 6 0 -6 2 0 -3 -2 
2 5 -2 0 -5 6 3 1 6 3 3 1 -5 -6 5 
-4 4 4 -5 4 2 5 0 2 1 1 3 4 2 5 
30
7
0 9
5 10
12 0
13 1
4 3
11 12
3 14
13 5
8 4
1 14
0 13
9 11
2 2
10 0
14
2 4 14
2 5 10
6 7 14
5 9 12
8 3 14
4 13 15
11 6 12
11 10 14
11 9 10
7 7 14
8 5 12
5 11 14
9 1 15
2 8 12
20
9 14
8 13
7 8
1 8
5 3
12 7
3 6
13 4
3 5
4 1
4 0
5 1
6 6
12 6
8 11
1 7
10 8
0 10
10 9
9 13
