10 15
17 2 6 7 9 18 0 0 0 -22 15 3 -8 -4 -10 
7 4 0 11 -23 10 -8 -15 17 -8 16 7 4 -20 12 
-18 21 9 8 14 13 2 21 19 11 12 -23 8 24 3 
-6 19 3 4 2 1 13 -21 12 -9 2 -23 -4 -16 -5 
9 19 16 15 -20 24 22 -13 0 2 16 9 19 -13 -2 
-2 -13 19 9 16 2 0 -13 22 24 -20 15 16 19 9 
-5 -16 -4 -23 2 -9 12 -21 13 1 2 4 3 19 -6 
3 24 8 -23 12 11 19 21 2 13 14 8 9 21 -18 
12 -20 4 7 16 -8 17 -15 -8 10 -23 11 0 4 7 
-10 -4 -8 3 15 -22 0 0 0 18 9 7 6 2 17 
40
3
7 8
1 9
5 1
2 6
8 5
4 13
10
4 3 11
5 12 16
6 12 13
6 2 13
5 2 14
5 11 11
4 2 16
3 2 13
3 12 13
4 12 14
14
2 14
0 13
2 4
3 5
1 5
8 11
4 1
7 0
9 1
7 10
6 9
8 9
1 3
5 13
