10 15
-11 6 4 6 9 2 8 8 8 8 -9 -1 -4 6 5 
5 6 9 4 1 6 6 0 -11 6 3 -8 7 3 2 
-6 6 -2 9 6 11 11 0 11 7 -11 10 -3 10 10 
1 4 1 -10 2 5 1 11 6 9 1 6 -4 2 8 
7 0 3 -4 6 8 8 10 -4 11 10 11 4 7 1 
1 7 4 11 10 11 -4 10 8 8 6 -4 3 0 7 
8 2 -4 6 1 9 6 11 1 5 2 -10 1 4 1 
10 10 -3 10 -11 7 11 0 11 11 6 9 -2 6 -6 
2 3 7 -8 3 6 -11 0 6 6 1 4 9 6 5 
5 6 -4 -1 -9 8 8 8 8 2 9 6 4 6 -11 
49
8
7 14
8 10
4 8
9 6
2 3
6 7
8 14
0 13
2 0
1 4
5 6
0 8
7 11
3 7
1 0
9 1
14
6 10 8
9 12 16
8 4 16
9 0 10
2 4 9
7 12 9
6 13 12
3 4 8
0 2 16
1 10 16
0 14 10
7 10 9
2 2 9
3 1 12
14
1 7
6 5
9 2
4 14
8 1
5 3
4 13
8 7
3 9
0 12
5 0
1 13
4 11
5 1
