14 17
7 -1 5 1 1 2 3 2 6 6 1 -2 -6 4 -4 1 0 
1 4 0 0 7 3 4 -3 7 6 3 2 5 4 5 6 3 
3 4 0 -5 5 -5 3 5 2 -4 4 2 4 5 -6 7 1 
3 7 1 -7 4 -1 6 -7 -2 -6 5 -6 -4 0 4 2 -5 
-2 5 7 6 4 4 -5 -2 4 3 -4 3 1 -2 -3 4 7 
2 2 4 5 4 0 2 7 -2 7 2 1 -2 0 -5 7 1 
4 -7 5 5 7 6 6 2 5 7 2 6 6 2 -5 1 3 
3 1 -5 2 6 6 2 7 5 2 6 6 7 5 5 -7 4 
1 7 -5 0 -2 1 2 7 -2 7 2 0 4 5 4 2 2 
7 4 -3 -2 1 3 -4 3 4 -2 -5 4 4 6 7 5 -2 
-5 2 4 0 -4 -6 5 -6 -2 -7 6 -1 4 -7 1 7 3 
1 7 -6 5 4 2 4 -4 2 5 3 -5 5 -5 0 4 3 
3 6 5 4 5 2 3 6 7 -3 4 3 7 0 0 4 1 
0 1 -4 4 -6 -2 1 6 6 2 3 2 1 1 5 -1 7 
42
4
3 9
0 12
0 1
0 13
10 7
13 4
13 15
13 3
6
11 0 13
8 3 13
2 11 15
2 16 13
5 13 13
11 5 15
14
5 4
3 6
0 14
2 8
1 0
3 10
2 9
8 12
10 10
13 2
11 8
12 16
10 6
11 7
