20 20
-5 -7 -5 -9 1 1 2 -11 5 2 11 3 5 8 3 4 4 -5 3 2 
8 6 5 -2 8 2 5 8 -10 -6 -4 9 9 11 0 6 4 9 -4 5 
2 -2 0 3 -8 9 1 -4 0 -5 -9 -5 11 2 -2 2 6 3 8 7 
-3 1 6 10 11 10 9 -11 2 -11 -5 0 5 1 4 -6 4 3 4 4 
10 6 -1 -5 2 7 5 8 -8 -7 8 10 1 -11 5 1 8 7 9 1 
1 -8 -9 5 6 9 6 0 6 9 7 0 3 -9 6 11 5 4 4 6 
2 7 11 5 10 -9 3 -4 -9 10 9 11 -8 7 7 8 6 1 7 -6 
1 6 7 4 6 5 9 6 8 2 8 -9 -8 6 4 9 1 7 4 2 
-1 1 6 8 8 0 10 -10 -8 6 3 8 -9 11 9 2 6 -11 4 8 
-8 10 5 11 -2 0 8 -1 10 2 2 11 2 3 -6 11 8 8 9 -5 
-5 9 8 8 11 -6 3 2 11 2 2 10 -1 8 0 -2 11 5 10 -8 
8 4 -11 6 2 9 11 -9 8 3 6 -8 -10 10 0 8 8 6 1 -1 
2 4 7 1 9 4 6 -8 -9 8 2 8 6 9 5 6 4 7 6 1 
-6 7 1 6 8 7 7 -8 11 9 10 -9 -4 3 -9 10 5 11 7 2 
6 4 4 5 11 6 -9 3 0 7 9 6 0 6 9 6 5 -9 -8 1 
1 9 7 8 1 5 -11 1 10 8 -7 -8 8 5 7 2 -5 -1 6 10 
4 4 3 4 -6 4 1 5 0 -5 -11 2 -11 9 10 11 10 6 1 -3 
7 8 3 6 2 -2 2 11 -5 -9 -5 0 -4 1 9 -8 3 0 -2 2 
5 -4 9 4 6 0 11 9 9 -4 -6 -10 8 5 2 8 -2 5 6 8 
2 3 -5 4 4 3 8 5 3 11 2 5 -11 2 1 1 -9 -5 -7 -5 
47
8
18 9
12 3
18 2
16 4
10 19
5 1
15 14
19 4
1 10
7 16
1 17
3 15
9 0
14 18
4 5
0 15
12
1 5 8
8 16 15
2 14 13
15 7 16
9 11 14
8 18 8
18 14 8
11 3 15
17 5 13
4 12 16
10 8 14
11 1 8
0
