20 15
4 7 -6 3 0 -1 3 7 -3 6 2 -2 -2 3 2 
5 5 6 3 0 -7 7 3 5 1 4 5 1 -2 -3 
1 1 0 7 4 2 0 3 3 0 2 -4 -4 6 2 
1 -7 3 -7 5 7 4 1 5 4 4 3 5 7 7 
3 6 5 2 4 1 3 7 2 3 7 -5 6 5 3 
1 0 2 5 -7 3 4 4 7 7 -2 5 -3 4 -2 
3 6 -4 -1 1 1 -3 1 4 -1 -3 4 -2 -3 0 
6 -4 6 -3 -5 6 2 -4 -6 6 3 4 0 0 3 
4 4 -6 2 7 4 0 1 1 4 0 1 2 -3 0 
-1 -2 2 -3 6 0 -3 -4 5 4 0 2 3 5 -1 
-1 5 3 2 0 4 5 -4 -3 0 6 -3 2 -2 -1 
0 -3 2 1 0 4 1 1 0 4 7 2 -6 4 4 
3 0 0 4 3 6 -6 -4 2 6 -5 -3 6 -4 6 
0 -3 -2 4 -3 -1 4 1 -3 1 1 -1 -4 6 3 
-2 4 -3 5 -2 7 7 4 4 3 -7 5 2 0 1 
3 5 6 -5 7 3 2 7 3 1 4 2 5 6 3 
7 7 5 3 4 4 5 1 4 7 5 -7 3 -7 1 
2 6 -4 -4 2 0 3 3 0 2 4 7 0 1 1 
-3 -2 1 5 4 1 5 3 7 -7 0 3 6 5 5 
2 3 -2 -2 2 6 -3 7 3 -1 0 3 -6 7 4 
35
7
17 10
13 3
7 2
15 6
15 13
15 12
16 14
2 4
6 11
12 12
4 8
4 1
4 2
3 0
18
14 9 10
11 14 12
1 3 9
8 2 8
4 0 9
16 3 10
6 9 11
16 8 14
18 6 9
5 5 10
8 0 12
18 11 9
11 12 8
15 14 9
3 11 10
13 5 11
3 6 14
1 8 9
28
1 11
5 0
2 3
1 9
14 1
6 8
10 14
8 12
16 6
8 13
8 3
19 13
6 13
18 12
18 3
14 14
17 11
18 5
5 13
13 6
9 0
11 2
3 8
11 1
11 11
0 1
13 1
1 2
