20 20
2 5 0 5 3 5 2 5 4 -5 -4 -5 3 5 -1 -4 -3 2 4 1 
1 -3 3 1 2 -3 -4 2 3 1 1 5 1 5 4 2 0 0 0 3 
2 -3 2 3 5 1 1 3 3 5 5 5 4 5 4 4 4 2 3 5 
2 -2 -5 2 2 3 -3 -4 4 -3 3 0 4 -2 0 5 3 4 4 4 
4 2 -2 2 5 1 4 -4 4 1 2 0 -1 3 5 1 -3 2 -3 2 
5 4 -2 -3 -1 1 2 1 3 4 1 4 1 4 4 1 -1 1 4 2 
-3 3 -4 3 -4 4 3 1 5 -1 5 3 3 1 3 4 5 3 -2 4 
1 -5 4 -1 -1 5 0 1 3 -1 -2 1 4 3 -3 3 3 -1 5 4 
-5 -3 2 1 -4 2 0 0 4 -2 3 -5 3 -2 3 -5 1 3 1 2 
0 4 5 -2 1 4 4 -1 3 3 1 0 2 1 3 -2 -4 -4 5 5 
5 5 -4 -4 -2 3 1 2 0 1 3 3 -1 4 4 1 -2 5 4 0 
2 1 3 1 -5 3 -2 3 -5 3 -2 4 0 0 2 -4 1 2 -3 -5 
4 5 -1 3 3 -3 3 4 1 -2 -1 3 1 0 5 -1 -1 4 -5 1 
4 -2 3 5 4 3 1 3 3 5 -1 5 1 3 4 -4 3 -4 3 -3 
2 4 1 -1 1 4 4 1 4 1 4 3 1 2 1 -1 -3 -2 4 5 
2 -3 2 -3 1 5 3 -1 0 2 1 4 -4 4 1 5 2 -2 2 4 
4 4 4 3 5 0 -2 4 0 3 -3 4 -4 -3 3 2 2 -5 -2 2 
5 3 2 4 4 4 5 4 5 5 5 3 3 1 1 5 3 2 -3 2 
3 0 0 0 2 4 5 1 5 1 1 3 2 -4 -3 2 1 3 -3 1 
1 4 2 -3 -4 -1 5 3 -5 -4 -5 4 5 2 5 3 5 0 5 2 
58
5
4 15
6 3
16 7
0 18
13 17
15 4
13 16
3 12
19 1
6 2
18
5 9 12
1 9 11
15 3 13
14 18 11
2 10 12
17 8 14
12 7 8
10 11 12
7 4 11
14 10 12
18 10 11
4 16 13
5 1 11
17 9 12
2 11 14
7 12 8
9 8 12
12 15 11
0
