20 20
-3 5 11 11 8 -9 11 9 10 11 -1 -4 8 2 5 9 2 0 11 4 
-7 0 9 10 7 9 10 10 5 6 2 -4 2 7 -8 -10 5 9 11 6 
-5 0 -8 9 0 3 -2 -3 7 3 3 6 0 5 8 -10 -3 6 4 8 
-5 11 4 7 1 4 7 1 5 2 -6 4 6 5 -6 -4 0 -5 5 0 
10 5 4 9 9 -3 5 4 8 9 11 2 4 5 8 4 4 7 2 -9 
-7 5 3 -6 -3 2 6 -2 -2 -2 3 7 -8 5 8 1 -3 -10 -7 11 
10 11 9 -8 10 4 -4 11 3 10 4 11 -11 -8 8 10 -6 6 1 11 
11 1 6 8 1 3 8 4 9 3 8 10 11 3 2 0 7 8 5 5 
-3 -1 10 2 -4 -7 -7 -3 2 -11 6 -1 -5 4 2 -1 5 -5 1 2 
9 10 2 2 3 -10 8 11 1 9 5 -2 10 0 0 11 7 2 6 -5 
-5 6 2 7 11 0 0 10 -2 5 9 1 11 8 -10 3 2 2 10 9 
2 1 -5 5 -1 2 4 -5 -1 6 -11 2 -3 -7 -7 -4 2 10 -1 -3 
5 5 8 7 0 2 3 11 10 8 3 9 4 8 3 1 8 6 1 11 
11 1 6 -6 10 8 -8 -11 11 4 10 3 11 -4 4 10 -8 9 11 10 
11 -7 -10 -3 1 8 5 -8 7 3 -2 -2 -2 6 2 -3 -6 3 5 -7 
-9 2 7 4 4 8 5 4 2 11 9 8 4 5 -3 9 9 4 5 10 
0 5 -5 0 -4 -6 5 6 4 -6 2 5 1 7 4 1 7 4 11 -5 
8 4 6 -3 -10 8 5 0 6 3 3 7 -3 -2 3 0 9 -8 0 -5 
6 11 9 5 -10 -8 7 2 -4 2 6 5 10 10 9 7 10 9 0 -7 
4 11 0 2 9 5 2 8 -4 -1 11 10 9 11 -9 8 11 11 5 -3 
53
8
18 10
2 7
8 3
6 11
5 16
12 3
13 6
0 10
1 9
17 12
11 16
13 8
14 3
7 16
6 13
19 9
10
7 2 16
13 19 12
2 0 10
11 17 10
15 2 15
12 17 16
6 0 12
17 19 10
8 2 10
4 17 15
0
