20 11
23 7 23 14 -17 16 -1 -12 -26 -25 16 
14 15 21 16 11 18 7 -23 20 15 14 
3 22 10 -12 1 16 21 2 -22 15 23 
25 21 15 11 25 4 18 16 0 6 7 
3 4 9 -19 3 5 2 12 -14 9 18 
-11 2 -18 9 24 23 -7 8 -1 1 -15 
-17 -17 -7 21 17 21 8 16 14 23 10 
13 23 -21 3 9 0 25 20 25 -10 2 
13 24 20 3 -14 25 13 -18 14 -24 11 
15 8 15 -4 -22 15 25 23 15 26 8 
8 26 15 23 25 15 -22 -4 15 8 15 
11 -24 14 -18 13 25 -14 3 20 24 13 
2 -10 25 20 25 0 9 3 -21 23 13 
10 23 14 16 8 21 17 21 -7 -17 -17 
-15 1 -1 8 -7 23 24 9 -18 2 -11 
18 9 -14 12 2 5 3 -19 9 4 3 
7 6 0 16 18 4 25 11 15 21 25 
23 15 -22 2 21 16 1 -12 10 22 3 
14 15 20 -23 7 18 11 16 21 15 14 
16 -25 -26 -12 -1 16 -17 14 23 7 23 
34
3
1 9
3 1
9 0
18 1
16 9
10 10
8
8 1 16
14 10 9
10 1 14
12 1 11
11 9 16
5 0 9
9 9 14
7 9 11
20
14 1
13 4
9 8
18 5
12 6
14 4
0 10
18 2
13 5
7 8
5 9
6 6
10 2
1 5
7 4
5 6
19 0
1 8
6 5
12 2
