20 17
3 0 7 2 -2 1 9 -7 3 3 1 1 5 7 9 7 -6 
4 -6 7 9 4 7 8 9 1 2 3 -6 5 8 1 3 7 
7 2 3 6 -9 4 4 1 2 6 0 9 1 9 6 -10 8 
10 8 -10 3 4 6 0 2 -10 -4 1 1 4 -6 6 7 -2 
-10 2 3 -4 -3 5 6 1 -3 2 1 -2 0 -7 7 4 5 
3 -3 3 7 3 -4 2 7 2 5 -5 10 -6 0 10 0 10 
-7 -8 9 0 -6 1 9 9 10 3 10 1 1 9 2 -4 9 
9 4 -10 5 -2 -2 -7 7 3 10 2 -1 1 10 -2 8 1 
10 1 -9 3 4 -7 6 9 1 6 10 -10 -2 2 8 -8 0 
-6 5 -2 9 -9 0 8 10 3 7 0 3 -1 4 5 -4 3 
3 -4 5 4 -1 3 0 7 3 10 8 0 -9 9 -2 5 -6 
0 -8 8 2 -2 -10 10 6 1 9 6 -7 4 3 -9 1 10 
1 8 -2 10 1 -1 2 10 3 7 -7 -2 -2 5 -10 4 9 
9 -4 2 9 1 1 10 3 10 9 9 1 -6 0 9 -8 -7 
10 0 10 0 -6 10 -5 5 2 7 2 -4 3 7 3 -3 3 
5 4 7 -7 0 -2 1 2 -3 1 6 5 -3 -4 3 2 -10 
-2 7 6 -6 4 1 1 -4 -10 2 0 6 4 3 -10 8 10 
8 -10 6 9 1 9 0 6 2 1 4 4 -9 6 3 2 7 
7 3 1 8 5 -6 3 2 1 9 8 7 4 9 7 -6 4 
-6 7 9 7 5 1 1 3 3 -7 9 1 -2 2 7 0 3 
42
7
3 8
4 2
14 16
10 11
15 11
18 14
18 2
16 8
15 14
5 0
9 5
4 5
1 2
1 14
10
6 14 8
11 4 12
1 5 12
3 7 15
14 4 8
13 2 8
8 12 12
18 11 12
16 9 15
5 12 8
28
8 14
17 2
18 0
2 9
0 13
14 15
4 11
4 0
14 10
0 7
5 3
14 12
11 7
12 7
11 2
2 14
1 16
17 7
19 3
5 1
15 5
15 16
5 6
19 9
14 13
5 4
8 9
7 9
