20 16
-2 7 1 7 2 7 7 6 -6 0 2 4 0 4 -3 -1 
7 4 4 4 3 1 2 2 -5 -4 6 7 1 -4 1 3 
8 7 7 2 -5 -3 2 -8 1 7 3 -4 1 -5 2 3 
-1 6 -4 8 -4 1 -4 -8 -1 4 2 6 2 3 3 4 
-4 8 -5 0 2 6 -2 0 -1 -1 4 1 8 4 -6 8 
3 8 5 6 -8 -2 4 3 3 3 -8 4 -8 -7 3 5 
8 8 7 3 8 0 6 2 7 2 -5 4 5 6 6 6 
3 1 -1 8 7 5 4 0 4 0 -4 2 4 1 3 -1 
1 3 3 5 2 0 5 4 -1 -3 7 0 6 1 8 2 
-1 3 8 7 3 7 0 -4 1 5 -5 5 -3 7 0 -2 
-2 0 7 -3 5 -5 5 1 -4 0 7 3 7 8 3 -1 
2 8 1 6 0 7 -3 -1 4 5 0 2 5 3 3 1 
-1 3 1 4 2 -4 0 4 0 4 5 7 8 -1 1 3 
6 6 6 5 4 -5 2 7 2 6 0 8 3 7 8 8 
5 3 -7 -8 4 -8 3 3 3 4 -2 -8 6 5 8 3 
8 -6 4 8 1 4 -1 -1 0 -2 6 2 0 -5 8 -4 
4 3 3 2 6 2 4 -1 -8 -4 1 -4 8 -4 6 -1 
3 2 -5 1 -4 3 7 1 -8 2 -3 -5 2 7 7 8 
3 1 -4 1 7 6 -4 -5 2 2 1 3 4 4 4 7 
-1 -3 4 0 4 2 0 -6 6 7 7 2 7 1 7 -2 
43
4
8 7
11 5
8 14
3 13
11 8
8 10
11 1
16 2
8
16 11 12
4 1 15
15 0 13
3 9 12
3 4 12
15 14 15
4 15 13
16 6 12
30
3 11
10 8
13 11
15 8
0 4
18 12
18 3
5 2
4 11
15 10
11 6
14 0
18 15
5 4
7 9
16 4
9 7
6 4
4 7
19 11
1 3
1 12
14 13
15 4
4 5
8 9
5 15
1 0
14 11
12 6
