11 19
3 0 -5 3 5 4 6 -3 4 7 7 5 3 1 2 1 -1 -1 3 
6 2 6 -1 1 6 1 -5 4 -4 0 5 -4 4 -2 7 0 3 7 
6 -5 -7 4 -6 6 4 1 0 6 3 -4 6 3 3 5 7 7 -3 
-4 6 -2 -5 -1 7 3 1 3 7 5 -3 1 4 3 -6 1 6 -1 
5 7 0 -6 6 0 -3 4 -7 -7 6 -6 4 5 5 5 -6 -5 0 
3 5 4 7 -7 -2 3 7 2 -2 2 7 3 -2 -7 7 4 5 3 
0 -5 -6 5 5 5 4 -6 6 -7 -7 4 -3 0 6 -6 0 7 5 
-1 6 1 -6 3 4 1 -3 5 7 3 1 3 7 -1 -5 -2 6 -4 
-3 7 7 5 3 3 6 -4 3 6 0 1 4 6 -6 4 -7 -5 6 
7 3 0 7 -2 4 -4 5 0 -4 4 -5 1 6 1 -1 6 2 6 
3 -1 -1 1 2 1 3 5 7 7 4 -3 6 4 5 3 -5 0 3 
32
6
3 12
9 3
10 0
0 17
6 2
9 1
7 6
1 15
0 18
10 1
4 16
1 17
12
5 1 10
10 2 10
5 7 12
9 5 12
10 16 16
6 13 13
5 17 10
0 16 10
5 11 12
1 13 12
0 2 16
4 5 13
20
4 8
2 12
2 4
4 1
9 17
6 4
6 16
2 10
1 4
7 0
6 10
8 6
8 14
6 17
1 1
4 14
4 2
8 8
9 14
3 18
