20 20
1 3 5 1 2 -1 -6 -5 7 2 3 6 7 0 -3 -7 6 3 5 2 
-8 5 -2 0 -5 2 2 8 -4 4 3 3 1 0 4 -3 6 3 -1 2 
-3 5 7 -5 4 8 -4 -3 6 8 -4 -5 5 8 -4 1 0 4 -5 5 
0 1 8 -6 4 6 2 7 8 0 1 -2 3 0 0 5 2 -6 -3 7 
7 7 8 1 1 4 2 4 2 4 1 8 4 1 -3 0 0 7 8 7 
5 8 8 1 6 4 5 5 -1 5 1 1 -5 8 -7 -4 1 3 3 2 
1 7 2 -6 5 3 8 -5 2 1 -8 1 -6 -8 0 3 -8 8 7 -3 
4 7 -4 -5 0 -5 3 4 3 8 8 0 7 5 4 1 1 3 4 5 
4 6 7 7 3 -6 7 -7 -5 8 -6 -7 7 -6 -2 6 1 -4 0 1 
-1 0 1 3 6 -2 8 1 3 3 4 -7 1 7 5 0 2 4 -1 -3 
-3 -1 4 2 0 5 7 1 -7 4 3 3 1 8 -2 6 3 1 0 -1 
1 0 -4 1 6 -2 -6 7 -7 -6 8 -5 -7 7 -6 3 7 7 6 4 
5 4 3 1 1 4 5 7 0 8 8 3 4 3 -5 0 -5 -4 7 4 
-3 7 8 -8 3 0 -8 -6 1 -8 1 2 -5 8 3 5 -6 2 7 1 
2 3 3 1 -4 -7 8 -5 1 1 5 -1 5 5 4 6 1 8 8 5 
7 8 7 0 0 -3 1 4 8 1 4 2 4 2 4 1 1 8 7 7 
7 -3 -6 2 5 0 0 3 -2 1 0 8 7 2 6 4 -6 8 1 0 
5 -5 4 0 1 -4 8 5 -5 -4 8 6 -3 -4 8 4 -5 7 5 -3 
2 -1 3 6 -3 4 0 1 3 3 4 -4 8 2 2 -5 0 -2 5 -8 
2 5 3 6 -7 -3 0 7 6 3 2 7 -5 -6 -1 2 1 5 3 1 
57
6
19 4
14 2
9 3
4 6
7 0
16 6
0 15
5 17
10 16
15 13
12 19
3 13
16
2 17 12
14 1 12
2 15 16
1 4 12
0 16 13
16 0 8
18 13 13
8 7 16
17 2 12
5 18 12
17 4 16
18 15 12
19 3 13
3 19 8
1 6 13
11 12 16
0
