11 19
-2 9 8 -8 11 10 10 -7 9 6 8 8 -1 7 3 2 2 4 0 
1 11 9 -4 4 9 9 6 2 5 9 6 10 -2 -8 7 11 -11 8 
-5 9 7 -9 -10 6 -7 -11 1 5 -5 -10 2 -8 3 11 9 1 -4 
2 -4 8 10 11 5 6 -1 1 8 8 8 6 -3 11 10 -8 1 11 
7 5 5 6 9 3 2 7 0 1 1 0 0 2 5 8 3 3 -7 
9 6 -9 10 -9 1 11 -2 0 -4 0 -2 11 1 -9 10 -9 6 9 
-7 3 3 8 5 2 0 0 1 1 0 7 2 3 9 6 5 5 7 
11 1 -8 10 11 -3 6 8 8 8 1 -1 6 5 11 10 8 -4 2 
-4 1 9 11 3 -8 2 -10 -5 5 1 -11 -7 6 -10 -9 7 9 -5 
8 -11 11 7 -8 -2 10 6 9 5 2 6 9 9 4 -4 9 11 1 
0 4 2 2 3 7 -1 8 8 6 9 -7 10 10 11 -8 8 9 -2 
54
8
2 3
9 18
2 9
6 16
4 11
6 17
2 1
5 15
8 15
1 0
8 9
4 2
6 7
4 1
8 17
5 3
18
6 18 10
3 11 15
0 15 15
7 16 13
9 7 12
6 10 10
1 8 11
8 6 10
10 7 10
4 0 10
7 7 15
10 3 15
3 2 13
1 11 12
4 8 10
9 10 11
2 12 10
0 11 10
20
1 10
7 2
7 12
2 5
6 13
4 3
1 2
4 10
0 7
7 5
9 8
3 16
3 6
8 13
4 5
6 15
9 16
6 8
10 11
3 13
