20 20
8 -2 5 0 3 6 6 -7 8 -2 1 5 -3 -3 1 2 6 -5 4 2 
8 8 0 1 0 -3 1 1 3 0 0 4 2 8 2 7 6 3 5 2 
3 5 6 3 -5 -2 1 1 8 2 -8 -3 -7 2 -3 3 1 0 4 3 
8 2 2 -2 -6 -3 -4 -7 4 6 2 -4 2 3 4 -3 4 2 3 8 
-3 3 7 5 -4 8 4 -3 7 1 8 8 3 -1 1 -8 4 0 -6 1 
-3 3 2 8 3 7 7 7 -8 -8 7 -4 0 1 1 1 0 -8 6 1 
8 8 7 4 4 0 1 1 1 5 4 -2 6 6 2 3 1 0 -3 -5 
1 6 -1 6 -8 5 5 2 4 -6 3 4 0 4 5 5 6 1 1 -7 
8 6 7 2 3 -6 4 1 3 -3 -7 5 6 2 -3 1 6 7 3 5 
5 7 4 6 -1 7 5 4 0 8 -5 -4 -7 -6 0 2 -3 6 3 -6 
-6 3 6 -3 2 0 -6 -7 -4 -5 8 0 4 5 7 -1 6 4 7 5 
5 3 7 6 1 -3 2 6 5 -7 -3 3 1 4 -6 3 2 7 6 8 
-7 1 1 6 5 5 4 0 4 3 -6 4 2 5 5 -8 6 -1 6 1 
-5 -3 0 1 3 2 6 6 -2 4 5 1 1 1 0 4 4 7 8 8 
1 6 -8 0 1 1 1 0 -4 7 -8 -8 7 7 7 3 8 2 3 -3 
1 -6 0 4 -8 1 -1 3 8 8 1 7 -3 4 8 -4 5 7 3 -3 
8 3 2 4 -3 4 3 2 -4 2 6 4 -7 -4 -3 -6 -2 2 2 8 
3 4 0 1 3 -3 2 -7 -3 -8 2 8 1 1 -2 -5 3 6 5 3 
2 5 3 6 7 2 8 2 4 0 0 3 1 1 -3 0 1 0 8 8 
2 4 -5 6 2 1 -3 -3 5 1 -2 8 -7 6 6 3 0 5 -2 8 
35
2
11 7
14 10
8 12
5 9
14
11 15 15
17 18 15
11 8 9
7 12 9
9 10 10
2 3 13
16 7 10
8 4 15
2 1 15
8 11 9
12 7 9
10 9 10
17 16 13
3 12 10
0
