20 20
0 4 15 0 14 -2 15 -16 -12 11 0 -16 4 13 -11 -11 14 5 -14 6 
3 1 11 3 13 10 12 0 13 1 15 3 12 -5 8 4 3 14 -2 2 
5 14 1 -15 5 8 11 -4 -4 4 3 9 -14 16 -8 16 14 13 14 5 
6 5 10 -3 -15 10 6 -4 11 13 10 14 -7 2 2 3 -13 2 -6 13 
6 12 11 14 -8 12 8 14 12 12 2 14 -4 14 15 4 -16 0 -16 6 
12 2 -14 11 7 7 -16 15 16 11 -11 13 9 13 16 5 1 2 6 12 
15 0 1 16 -3 10 11 -9 15 0 12 13 -14 10 -4 13 5 4 15 3 
14 12 14 12 6 13 1 4 9 -12 7 -16 12 8 15 11 5 -12 12 1 
1 -9 5 8 5 9 6 -15 2 7 16 13 2 -7 10 6 -13 15 16 4 
9 15 13 -4 0 6 -16 2 5 8 7 13 6 7 9 10 7 -3 -9 1 
1 -9 -3 7 10 9 7 6 13 7 8 5 2 -16 6 0 -4 13 15 9 
4 16 15 -13 6 10 -7 2 13 16 7 2 -15 6 9 5 8 5 -9 1 
1 12 -12 5 11 15 8 12 -16 7 -12 9 4 1 13 6 12 14 12 14 
3 15 4 5 13 -4 10 -14 13 12 0 15 -9 11 10 -3 16 1 0 15 
12 6 2 1 5 16 13 9 13 -11 11 16 15 -16 7 7 11 -14 2 12 
6 -16 0 -16 4 15 14 -4 14 2 12 12 14 8 12 -8 14 11 12 6 
13 -6 2 -13 3 2 2 -7 14 10 13 11 -4 6 10 -15 -3 10 5 6 
5 14 13 14 16 -8 16 -14 9 3 4 -4 -4 11 8 5 -15 1 14 5 
2 -2 14 3 4 8 -5 12 3 15 1 13 0 12 10 13 3 11 1 3 
6 -14 5 14 -11 -11 13 4 -16 0 11 -12 -16 15 -2 14 0 15 4 0 
52
3
10 0
19 17
16 0
9 19
0 2
3 19
16
16 13 9
8 16 15
14 5 10
16 19 8
16 7 13
14 6 12
8 11 12
19 8 14
3 6 9
11 3 15
5 14 10
3 0 8
3 12 13
5 13 12
11 8 12
0 11 14
0
