20 20
2 3 2 3 -3 5 4 3 0 3 2 4 -3 2 1 3 1 5 3 5 
4 -4 3 4 5 -3 2 1 5 5 5 2 3 2 -4 1 -3 2 0 -3 
-5 3 4 2 5 1 -3 4 -4 -3 4 -5 3 3 5 2 0 1 0 0 
0 5 -2 3 2 4 1 1 5 4 2 2 4 -5 2 3 1 -4 2 2 
2 1 4 -3 0 4 1 2 -1 5 4 3 3 -4 1 -2 -5 -1 5 3 
4 -4 0 -5 -3 5 1 -3 1 2 5 2 2 1 5 1 2 -5 0 5 
-2 2 5 1 0 -5 -5 -5 5 2 -2 3 -4 5 -4 0 0 -1 5 -2 
1 -1 5 1 3 4 0 0 4 5 4 4 3 2 2 -2 5 5 1 4 
5 3 4 -2 1 -4 3 -2 5 3 -1 2 0 4 5 4 5 5 4 3 
-3 5 5 -1 4 5 -5 0 3 2 0 5 4 4 -1 -4 0 -3 3 3 
3 3 -3 0 -4 -1 4 4 5 0 2 3 0 -5 5 4 -1 5 5 -3 
3 4 5 5 4 5 4 0 2 -1 3 5 -2 3 -4 1 -2 4 3 5 
4 1 5 5 -2 2 2 3 4 4 5 4 0 0 4 3 1 5 -1 1 
-2 5 -1 0 0 -4 5 -4 3 -2 2 5 -5 -5 -5 0 1 5 2 -2 
5 0 -5 2 1 5 1 2 2 5 2 1 -3 1 5 -3 -5 0 -4 4 
3 5 -1 -5 -2 1 -4 3 3 4 5 -1 2 1 4 0 -3 4 1 2 
2 2 -4 1 3 2 -5 4 2 2 4 5 1 1 4 2 3 -2 5 0 
0 0 1 0 2 5 3 3 -5 4 -3 -4 4 -3 1 5 2 4 3 -5 
-3 0 2 -3 1 -4 2 3 2 5 5 5 1 2 -3 5 4 3 -4 4 
5 3 5 1 3 1 2 -3 4 2 3 0 3 4 5 -3 3 2 3 2 
42
4
5 0
5 16
10 6
19 4
14 19
14 3
9 13
0 15
16
1 6 13
7 12 16
0 14 9
6 3 15
0 13 15
13 2 9
2 8 12
12 9 16
18 13 13
12 7 16
19 5 9
13 16 15
19 6 15
6 17 9
17 11 12
7 10 16
0
