17 19
-3 2 -5 8 -8 -7 7 4 3 -6 2 5 2 4 -6 1 -2 9 11 
-9 8 10 3 3 1 2 10 9 3 -8 0 4 12 12 1 5 8 12 
8 7 -9 10 3 11 7 9 12 10 -7 -1 2 10 11 0 1 3 12 
1 1 -8 -4 -12 2 -4 -11 11 11 12 -4 2 4 5 7 2 11 9 
2 1 -2 3 3 12 1 8 3 -6 1 -5 5 6 9 5 5 3 2 
2 12 5 2 0 11 2 -2 7 3 2 3 5 -5 9 1 -8 4 -4 
4 -10 -7 12 -12 -11 -6 9 1 -6 12 4 8 10 2 -2 -3 6 5 
8 6 -4 9 8 4 10 1 7 7 11 5 6 -9 8 8 10 7 9 
2 6 10 9 5 4 1 9 9 -1 9 9 1 4 5 9 10 6 2 
9 7 10 8 8 -9 6 5 11 7 7 1 10 4 8 9 -4 6 8 
5 6 -3 -2 2 10 8 4 12 -6 1 9 -6 -11 -12 12 -7 -10 4 
-4 4 -8 1 9 -5 5 3 2 3 7 -2 2 11 0 2 5 12 2 
2 3 5 5 9 6 5 -5 1 -6 3 8 1 12 3 3 -2 1 2 
9 11 2 7 5 4 2 -4 12 11 11 -11 -4 2 -12 -4 -8 1 1 
12 3 1 0 11 10 2 -1 -7 10 12 9 7 11 3 10 -9 7 8 
12 8 5 1 12 12 4 0 -8 3 9 10 2 1 3 3 10 8 -9 
11 9 -2 1 -6 4 2 5 2 -6 3 4 7 -7 -8 8 -5 2 -3 
47
8
11 13
16 2
0 14
6 4
16 7
10 6
2 12
9 14
5 5
0 16
16 4
10 14
0 11
6 12
14 6
7 4
20
9 7 8
4 6 12
7 0 10
7 3 10
16 1 8
2 8 8
3 14 10
8 1 10
14 2 11
12 11 10
7 11 8
12 12 12
9 18 10
9 15 10
0 17 8
14 10 8
13 4 10
8 17 10
2 16 11
4 7 10
24
8 7
1 18
5 18
5 8
1 13
14 5
4 3
13 9
7 10
13 10
5 13
13 0
8 11
15 0
11 0
11 10
15 5
2 13
12 15
3 9
9 8
3 8
11 5
3 18
