20 14
3 6 4 4 -3 1 2 4 4 1 3 6 3 4 
1 6 3 -2 4 4 3 -4 2 1 5 -4 4 0 
-6 -3 4 5 3 1 -3 -1 6 5 2 1 1 -4 
-6 -6 -6 1 4 2 -4 -5 2 1 1 1 -1 -6 
-2 1 3 -4 -2 2 -6 -6 3 -4 3 0 5 2 
2 -1 5 1 1 -2 -1 2 2 4 2 -6 2 1 
-1 -6 6 6 2 -4 -4 4 2 2 3 6 0 4 
2 1 3 4 -4 2 -4 6 -1 -4 6 4 -2 3 
0 1 5 4 0 5 -2 -5 4 6 -2 0 -4 2 
3 5 6 2 4 4 3 -4 6 -1 -1 5 0 6 
6 0 5 -1 -1 6 -4 3 4 4 2 6 5 3 
2 -4 0 -2 6 4 -5 -2 5 0 4 5 1 0 
3 -2 4 6 -4 -1 6 -4 2 -4 4 3 1 2 
4 0 6 3 2 2 4 -4 -4 2 6 6 -6 -1 
1 2 -6 2 4 2 2 -1 -2 1 1 5 -1 2 
2 5 0 3 -4 3 -6 -6 2 -2 -4 3 1 -2 
-6 -1 1 1 1 2 -5 -4 2 4 1 -6 -6 -6 
-4 1 1 2 5 6 -1 -3 1 3 5 4 -3 -6 
0 4 -4 5 1 2 -4 3 4 4 -2 3 6 1 
4 3 6 3 1 4 4 2 1 -3 4 4 6 3 
50
2
0 13
0 11
19 0
19 2
12
2 11 8
9 0 16
3 8 15
0 1 12
12 10 13
12 6 13
17 2 8
10 13 16
16 5 15
19 12 12
7 3 13
7 7 13
24
8 7
4 5
12 5
13 9
11 10
17 7
10 7
19 9
11 1
11 5
4 0
1 9
11 6
15 8
7 8
6 4
8 3
2 6
9 6
0 4
8 12
8 8
15 13
18 4
