13 15
3 1 5 5 3 4 -1 -2 1 1 0 3 3 -5 -3 
-4 3 -4 2 1 2 2 4 3 2 5 4 4 2 -5 
2 5 3 1 3 5 1 -1 5 4 5 1 4 2 4 
0 2 -2 1 3 1 5 3 3 4 2 3 5 3 -4 
4 5 1 0 -5 -2 4 2 -1 -2 0 2 2 -4 0 
3 2 1 3 1 2 3 -3 0 4 0 1 4 -2 4 
0 3 4 3 -2 -2 0 5 0 -2 -2 3 4 3 0 
4 -2 4 1 0 4 0 -3 3 2 1 3 1 2 3 
0 -4 2 2 0 -2 -1 2 4 -2 -5 0 1 5 4 
-4 3 5 3 2 4 3 3 5 1 3 1 -2 2 0 
4 2 4 1 5 4 5 -1 1 5 3 1 3 5 2 
-5 2 4 4 5 2 3 4 2 2 1 2 -4 3 -4 
-3 -5 3 3 0 1 1 -2 -1 4 3 5 5 1 3 
38
4
8 0
1 13
3 6
2 8
4 14
11 1
9 8
10 6
18
3 9 10
11 2 16
2 6 13
10 5 10
9 7 15
2 13 8
1 6 15
3 5 14
10 12 16
9 5 10
1 12 16
10 8 13
2 9 10
3 7 15
10 1 8
11 8 15
9 9 14
2 2 16
12
9 14
9 3
7 6
9 1
8 1
3 10
3 0
3 11
5 8
3 13
4 13
9 4
