20 20
-9 2 7 4 10 5 6 6 4 -4 2 5 10 -1 3 5 -4 1 1 7 
4 2 -2 4 3 6 -5 -1 5 4 8 2 8 4 -1 7 10 7 2 7 
10 1 -8 -6 1 4 4 -8 9 -6 10 9 4 9 -8 9 2 4 -3 -6 
-9 2 1 8 4 6 -1 9 4 -3 9 6 -2 -4 6 3 2 0 10 5 
-2 7 0 -9 -9 0 0 5 2 10 2 7 7 4 3 0 7 -10 6 -6 
6 3 -3 -3 -5 6 1 10 -6 4 2 -9 2 10 6 10 -3 5 -3 -2 
7 -4 -3 3 4 9 2 8 8 3 9 5 -5 -9 2 1 5 4 8 3 
-4 10 9 10 2 3 0 1 10 2 3 3 10 3 6 8 8 -7 0 1 
7 -9 1 8 8 5 -6 -1 4 9 -8 10 10 5 5 -10 1 10 -7 7 
-1 -9 -2 8 9 7 -3 7 -4 -8 5 3 4 1 3 -4 1 2 9 8 
8 9 2 1 -4 3 1 4 3 5 -8 -4 7 -3 7 9 8 -2 -9 -1 
7 -7 10 1 -10 5 5 10 10 -8 9 4 -1 -6 5 8 8 1 -9 7 
1 0 -7 8 8 6 3 10 3 3 2 10 1 0 3 2 10 9 10 -4 
3 8 4 5 1 2 -9 -5 5 9 3 8 8 2 9 4 3 -3 -4 7 
-2 -3 5 -3 10 6 10 2 -9 2 4 -6 10 1 6 -5 -3 -3 3 6 
-6 6 -10 7 0 3 4 7 7 2 10 2 5 0 0 -9 -9 0 7 -2 
5 10 0 2 3 6 -4 -2 6 9 -3 4 9 -1 6 4 8 1 2 -9 
-6 -3 4 2 9 -8 9 4 9 10 -6 9 -8 4 4 1 -6 -8 1 10 
7 2 7 10 7 -1 4 8 2 8 4 5 -1 -5 6 3 4 -2 2 4 
7 1 1 -4 5 3 -1 10 5 2 -4 4 6 6 5 10 4 7 2 -9 
54
7
16 3
13 18
8 16
11 17
19 11
18 10
19 14
3 16
6 1
11 3
8 2
0 8
1 9
0 5
6
2 19 11
2 10 13
10 8 15
17 0 11
17 9 13
9 11 15
0
