20 20
-3 1 0 0 2 0 2 1 3 -1 3 0 -1 -3 0 2 0 2 0 3 
-1 2 -2 2 3 2 1 1 1 -2 3 1 2 3 -3 3 1 -2 2 2 
1 -3 2 3 3 0 0 0 3 3 2 -2 1 -3 3 3 0 1 2 1 
3 -3 3 -1 3 3 -1 0 0 3 -3 2 0 1 -2 -3 0 3 3 2 
1 2 0 3 2 1 1 -2 -3 3 0 2 3 -1 2 3 3 1 1 3 
1 3 1 1 0 -2 0 -2 1 0 -2 -2 1 3 1 -3 1 3 2 0 
1 1 0 -2 2 -2 3 0 -1 0 2 1 0 0 1 2 2 -3 0 2 
0 0 0 3 3 1 -1 0 1 3 2 -1 1 0 1 -1 -3 3 -1 3 
0 2 -3 1 1 1 2 1 0 1 1 1 -3 2 2 0 2 3 0 0 
1 2 3 1 0 1 -2 -3 0 2 2 3 0 2 3 3 1 1 -2 0 
0 -2 1 1 3 3 2 0 3 2 2 0 -3 -2 1 0 1 3 2 1 
0 0 3 2 0 2 2 -3 1 1 1 0 1 2 1 1 1 -3 2 0 
3 -1 3 -3 -1 1 0 1 -1 2 3 1 0 -1 1 3 3 0 0 0 
2 0 -3 2 2 1 0 0 1 2 0 -1 0 3 -2 2 -2 0 1 1 
0 2 3 1 -3 1 3 1 -2 -2 0 1 -2 0 -2 0 1 1 3 1 
3 1 1 3 3 2 -1 3 2 0 3 -3 -2 1 1 2 3 0 2 1 
2 3 3 0 -3 -2 1 0 2 -3 3 0 0 -1 3 3 -1 3 -3 3 
1 2 1 0 3 3 -3 1 -2 2 3 3 0 0 0 3 3 2 -3 1 
2 2 -2 1 3 -3 3 2 1 3 -2 1 1 1 2 3 2 -2 2 -1 
3 0 2 0 2 0 -3 -1 0 3 -1 3 1 2 0 2 0 0 1 -3 
38
8
8 18
16 14
9 13
3 18
17 13
13 2
3 19
13 19
11 1
3 5
10 6
16 1
2 6
6 17
16 0
6 0
6
13 9 9
5 12 11
4 0 9
6 10 9
14 7 11
15 19 9
0
