20 20
7 7 -7 11 6 9 3 1 11 -12 8 -10 3 2 8 -11 9 1 9 10 
10 1 7 -1 11 12 5 6 3 -4 12 11 3 3 5 12 3 1 1 0 
12 -12 5 -1 -12 9 -2 4 9 11 -8 11 4 -8 12 8 -7 2 6 5 
-8 2 12 9 9 6 0 -8 2 9 4 -8 0 9 3 5 7 2 11 -5 
11 10 4 -3 5 -2 -2 -12 3 -4 2 -8 11 -7 11 6 3 10 -4 4 
-6 4 -4 0 -1 4 3 2 4 7 8 -1 7 10 -4 11 8 -8 1 4 
8 4 6 1 -2 8 8 10 7 1 11 -5 -2 3 4 9 3 -12 -2 4 
-2 7 -1 11 -2 10 5 3 1 9 2 11 7 -5 -11 -11 12 12 -6 -7 
12 2 3 -7 5 -12 11 2 2 -7 0 -7 9 0 11 6 6 12 12 2 
10 -2 11 10 3 11 5 10 5 -12 -7 11 8 -2 7 7 -12 12 0 8 
8 0 12 -12 7 7 -2 8 11 -7 -12 5 10 5 11 3 10 11 -2 10 
2 12 12 6 6 11 0 9 -7 0 -7 2 2 11 -12 5 -7 3 2 12 
-7 -6 12 12 -11 -11 -5 7 11 2 9 1 3 5 10 -2 11 -1 7 -2 
4 -2 -12 3 9 4 3 -2 -5 11 1 7 10 8 8 -2 1 6 4 8 
4 1 -8 8 11 -4 10 7 -1 8 7 4 2 3 4 -1 0 -4 4 -6 
4 -4 10 3 6 11 -7 11 -8 2 -4 3 -12 -2 -2 5 -3 4 10 11 
-5 11 2 7 5 3 9 0 -8 4 9 2 -8 0 6 9 9 12 2 -8 
5 6 2 -7 8 12 -8 4 11 -8 11 9 4 -2 9 -12 -1 5 -12 12 
0 1 1 3 12 5 3 3 11 12 -4 3 6 5 12 11 -1 7 1 10 
10 9 1 9 -11 8 2 3 -10 8 -12 11 1 3 9 6 11 -7 7 7 
60
6
6 0
9 4
1 15
16 13
0 4
8 0
13 19
10 15
18 4
3 6
19 15
11 19
14
15 7 16
14 17 10
5 3 10
7 10 13
15 6 16
17 2 10
13 7 8
4 12 16
5 2 10
14 16 10
12 9 13
4 13 16
2 17 10
6 12 8
0
