19 13
-11 6 18 -12 10 9 7 22 16 8 6 19 17 
5 15 10 2 9 -12 20 -2 -7 2 9 -14 16 
12 8 2 9 4 0 -4 5 13 6 20 20 6 
13 0 -14 9 19 16 5 0 5 9 18 -18 16 
-2 19 -22 21 1 6 19 12 2 -11 -22 17 19 
18 14 22 5 4 -17 22 3 19 13 0 -7 22 
20 15 16 16 5 -9 -10 -22 -12 -3 1 8 -14 
21 2 7 -13 15 -18 -13 14 -15 18 11 -17 10 
12 15 21 4 7 22 8 -6 4 -2 11 21 -14 
22 1 6 -7 6 14 -9 14 6 -7 6 1 22 
-14 21 11 -2 4 -6 8 22 7 4 21 15 12 
10 -17 11 18 -15 14 -13 -18 15 -13 7 2 21 
-14 8 1 -3 -12 -22 -10 -9 5 16 16 15 20 
22 -7 0 13 19 3 22 -17 4 5 22 14 18 
19 17 -22 -11 2 12 19 6 1 21 -22 19 -2 
16 -18 18 9 5 0 5 16 19 9 -14 0 13 
6 20 20 6 13 5 -4 0 4 9 2 8 12 
16 -14 9 2 -7 -2 20 -12 9 2 10 15 5 
17 19 6 8 16 22 7 9 10 -12 18 6 -11 
30
7
6 4
11 7
3 9
13 4
13 3
4 2
18 2
12 8
7 5
15 3
5 8
5 9
14 10
0 10
12
12 5 9
5 12 13
4 12 13
18 3 10
16 9 11
13 7 11
6 7 9
13 0 13
14 0 13
0 9 10
2 3 11
5 5 11
18
8 9
11 6
6 8
13 8
1 0
15 5
6 3
8 10
2 11
10 3
7 6
12 4
5 4
17 12
3 7
12 9
10 2
16 1
