20 20
14 11 -2 2 9 15 11 -6 15 3 5 4 1 3 11 -6 12 6 8 15 
10 -2 1 -1 2 -5 -16 -3 -15 -4 -1 8 -15 13 -16 0 16 15 14 8 
8 -7 -3 -2 8 9 2 -13 0 4 4 -7 6 -14 16 7 7 -12 14 5 
9 9 2 -6 -10 10 0 16 -3 -8 6 -15 -12 -8 -1 -11 14 -8 -2 3 
-11 4 7 -12 2 -11 0 12 -12 -13 16 15 5 -16 16 16 0 13 -12 6 
8 -5 2 1 7 1 14 -13 -11 15 16 9 13 4 5 8 2 15 -15 11 
12 9 -10 15 8 2 12 0 8 11 3 -1 -16 -10 7 9 9 4 16 -12 
0 -15 4 9 11 11 4 3 2 -14 15 -8 2 3 10 16 14 16 5 11 
12 5 -7 15 -3 13 2 -1 -4 13 14 8 -11 3 12 2 -3 11 9 3 
12 1 10 0 14 -4 1 9 -5 16 -2 -13 1 7 10 6 -4 6 -4 3 
3 -4 6 -4 6 10 7 1 -13 -2 16 -5 9 1 -4 14 0 10 1 12 
3 9 11 -3 2 12 3 -11 8 14 13 -4 -1 2 13 -3 15 -7 5 12 
11 5 16 14 16 10 3 2 -8 15 -14 2 3 4 11 11 9 4 -15 0 
-12 16 4 9 9 7 -10 -16 -1 3 11 8 0 12 2 8 15 -10 9 12 
11 -15 15 2 8 5 4 13 9 16 15 -11 -13 14 1 7 1 2 -5 8 
6 -12 13 0 16 16 -16 5 15 16 -13 -12 12 0 -11 2 -12 7 4 -11 
3 -2 -8 14 -11 -1 -8 -12 -15 6 -8 -3 16 0 10 -10 -6 2 9 9 
5 14 -12 7 7 16 -14 6 -7 4 4 0 -13 2 9 8 -2 -3 -7 8 
8 14 15 16 0 -16 13 -15 8 -1 -4 -15 -3 -16 -5 2 -1 1 -2 10 
15 8 6 12 -6 11 3 1 4 5 3 15 -6 11 15 9 2 -2 11 14 
39
3
19 3
2 18
5 8
0 16
17 1
14 11
16
3 2 12
18 10 14
10 2 12
19 8 13
19 13 16
14 5 12
18 15 13
13 9 16
16 17 12
1 9 14
9 17 12
0 11 13
0 6 16
5 14 12
1 4 13
6 10 16
0
