12 14
-9 -10 9 1 1 -5 13 1 -13 6 11 9 -2 -13 
-1 6 1 3 2 -11 13 1 4 8 5 1 9 13 
6 11 10 6 8 4 3 10 4 2 5 -10 8 0 
-10 9 9 11 12 -3 -10 2 5 13 5 12 13 -10 
6 1 8 2 0 11 7 7 10 9 0 1 12 2 
11 4 -8 13 11 4 13 7 9 -5 6 0 10 10 
10 10 0 6 -5 9 7 13 4 11 13 -8 4 11 
2 12 1 0 9 10 7 7 11 0 2 8 1 6 
-10 13 12 5 13 5 2 -10 -3 12 11 9 9 -10 
0 8 -10 5 2 4 10 3 4 8 6 10 11 6 
13 9 1 5 8 4 1 13 -11 2 3 1 6 -1 
-13 -2 9 11 6 -13 1 13 -5 1 1 9 -10 -9 
33
6
2 1
4 10
9 8
11 13
11 0
11 2
9 12
7 3
2 5
0 0
0 13
0 11
20
3 6 11
10 0 12
6 2 12
6 5 8
4 5 12
1 2 13
9 1 11
3 0 10
10 4 14
10 6 15
8 7 11
1 13 12
5 11 12
5 8 8
7 8 12
10 11 13
2 12 11
8 13 10
1 9 14
1 7 15
12
3 12
8 10
10 13
11 10
7 10
11 4
8 1
3 3
1 0
0 3
4 3
0 9
