12 15
5 20 8 22 -10 18 -18 10 12 10 0 -23 21 2 24 
8 -16 6 22 22 5 0 -3 3 4 21 9 24 25 2 
0 16 11 4 13 3 4 19 -24 -6 3 19 2 13 21 
5 15 -10 16 -12 -16 5 15 17 5 16 16 14 15 -22 
-12 25 -21 21 15 4 2 -24 3 8 6 20 2 13 13 
14 18 22 25 14 7 17 24 25 23 12 12 -5 20 -8 
-8 20 -5 12 12 23 25 24 17 7 14 25 22 18 14 
13 13 2 20 6 8 3 -24 2 4 15 21 -21 25 -12 
-22 15 14 16 16 5 17 15 5 -16 -12 16 -10 15 5 
21 13 2 19 3 -6 -24 19 4 3 13 4 11 16 0 
2 25 24 9 21 4 3 -3 0 5 22 22 6 -16 8 
24 2 21 -23 0 10 12 10 -18 18 -10 22 8 20 5 
39
3
4 14
8 2
6 10
7 0
3 12
5 4
20
3 7 12
7 3 11
2 8 8
0 12 14
5 12 9
4 8 8
2 4 14
1 8 10
0 1 14
10 12 12
8 7 12
4 11 11
9 6 8
11 2 14
6 2 9
7 6 8
9 10 14
10 6 10
11 13 14
1 2 12
14
6 14
9 4
4 5
0 9
8 12
5 10
0 8
5 0
2 10
7 9
11 5
3 2
6 4
11 6
