16 11
11 9 4 0 11 11 11 9 6 11 3 
8 7 3 4 -7 2 2 -8 3 9 -3 
11 2 6 -6 2 11 8 -1 8 7 10 
-7 1 0 -1 4 8 -3 7 1 3 -3 
10 -4 11 2 10 5 2 8 2 5 1 
-3 7 10 3 0 -3 6 8 7 5 -2 
3 -2 7 8 10 -7 5 4 8 1 7 
9 9 11 -9 2 9 6 -3 0 -5 11 
11 -5 0 -3 6 9 2 -9 11 9 9 
7 1 8 4 5 -7 10 8 7 -2 3 
-2 5 7 8 6 -3 0 3 10 7 -3 
1 5 2 8 2 5 10 2 11 -4 10 
-3 3 1 7 -3 8 4 -1 0 1 -7 
10 7 8 -1 8 11 2 -6 6 2 11 
-3 9 3 -8 2 2 -7 4 3 7 8 
3 11 6 9 11 11 11 0 4 9 11 
32
7
14 7
0 8
4 9
2 0
14 2
13 0
9 8
1 3
15 2
11 1
13 10
1 8
2 10
6 2
10
2 1 10
1 7 9
9 2 10
15 10 12
9 4 8
13 9 10
14 3 9
6 8 10
0 0 12
6 6 8
12
5 9
4 6
4 2
0 4
0 1
6 4
10 1
11 4
11 8
15 6
15 9
9 6
