16 17
-8 8 -1 6 -3 4 -8 -8 -1 4 -6 3 -3 1 4 10 -5 
3 6 9 8 6 3 -6 3 1 6 3 10 -7 -5 -8 5 10 
8 0 7 2 4 -7 2 4 10 1 8 4 5 3 9 3 -2 
5 8 -5 -2 -9 -4 6 -8 2 2 6 10 4 0 10 -2 10 
10 1 1 1 -10 -3 7 1 -4 7 5 9 -2 8 8 2 -4 
4 -10 -5 -6 1 6 -7 -7 10 -4 3 2 -6 7 3 4 2 
6 6 -7 3 0 -6 -6 4 2 -3 -7 -9 2 -4 6 -3 5 
10 1 10 -4 8 3 2 -2 7 2 8 6 1 8 -1 -8 10 
10 -8 -1 8 1 6 8 2 7 -2 2 3 8 -4 10 1 10 
5 -3 6 -4 2 -9 -7 -3 2 4 -6 -6 0 3 -7 6 6 
2 4 3 7 -6 2 3 -4 10 -7 -7 6 1 -6 -5 -10 4 
-4 2 8 8 -2 9 5 7 -4 1 7 -3 -10 1 1 1 10 
10 -2 10 0 4 10 6 2 2 -8 6 -4 -9 -2 -5 8 5 
-2 3 9 3 5 4 8 1 10 4 2 -7 4 2 7 0 8 
10 5 -8 -5 -7 10 3 6 1 3 -6 3 6 8 9 6 3 
-5 10 4 1 -3 3 -6 4 -1 -8 -8 4 -3 6 -1 8 -8 
52
6
0 5
15 8
9 5
15 3
1 2
10 13
15 11
0 8
6 11
0 13
14 14
5 3
14
8 2 12
9 8 15
12 2 13
5 14 13
8 0 8
6 9 9
10 15 12
7 14 12
6 8 15
3 14 13
10 2 13
7 16 8
9 7 9
5 1 12
24
1 3
6 16
14 12
5 11
3 2
13 10
7 11
15 14
9 13
9 14
0 4
14 0
14 13
9 0
1 4
10 5
12 14
2 6
8 5
0 2
6 3
6 2
15 12
1 16
