14 19
2 -21 15 -7 23 5 14 9 24 -26 27 -23 -14 7 27 -21 -14 24 14 
13 14 24 -24 -28 7 14 22 -20 17 21 26 -1 13 29 21 13 -4 18 
-25 -11 26 -6 21 3 20 -6 5 5 19 18 5 16 -9 -19 -18 -29 -11 
24 18 21 20 -6 15 4 -29 -21 11 14 -14 -15 23 25 6 4 16 -4 
26 20 -12 3 -15 20 14 -18 22 -25 1 4 23 22 29 6 -23 -15 24 
4 0 -15 25 23 0 17 15 29 8 20 29 -7 -23 5 10 -3 -1 22 
4 3 27 -13 5 27 8 25 -5 -9 23 -19 -26 8 23 28 22 8 27 
27 8 22 28 23 8 -26 -19 23 -9 -5 25 8 27 5 -13 27 3 4 
22 -1 -3 10 5 -23 -7 29 20 8 29 15 17 0 23 25 -15 0 4 
24 -15 -23 6 29 22 23 4 1 -25 22 -18 14 20 -15 3 -12 20 26 
-4 16 4 6 25 23 -15 -14 14 11 -21 -29 4 15 -6 20 21 18 24 
-11 -29 -18 -19 -9 16 5 18 19 5 5 -6 20 3 21 -6 26 -11 -25 
18 -4 13 21 29 13 -1 26 21 17 -20 22 14 7 -28 -24 24 14 13 
14 24 -14 -21 27 7 -14 -23 27 -26 24 9 14 5 23 -7 15 -21 2 
38
3
12 6
0 16
1 2
1 12
13 2
12 16
20
1 3 10
10 2 9
5 13 10
2 16 10
3 6 12
4 12 10
10 7 12
3 15 10
6 15 9
3 0 10
12 15 10
3 16 9
8 5 10
11 2 10
10 12 12
9 6 10
3 11 12
10 3 10
7 3 9
10 18 10
20
10 5
0 11
8 12
10 8
7 0
7 8
12 0
1 4
7 5
5 9
3 13
13 7
5 6
3 10
6 18
6 10
1 18
12 14
6 13
8 9
