20 20
-6 3 -4 2 7 0 4 7 3 2 2 6 4 6 2 5 0 -3 -6 3 
-5 1 -4 -5 5 5 -2 2 5 4 0 2 5 1 6 2 -1 2 6 5 
4 -4 2 1 -3 4 4 0 1 0 -4 3 4 6 1 4 4 -3 -4 -3 
4 7 6 -3 3 1 -7 6 4 4 2 0 1 4 4 6 1 -6 -6 6 
1 2 -4 6 0 -3 3 -3 0 3 4 7 0 5 5 2 -7 4 2 6 
0 4 6 4 3 5 -6 0 7 -2 -5 2 -2 2 1 5 2 -2 -6 4 
5 -1 -3 -5 5 6 -6 -3 4 7 0 5 7 4 1 0 -6 3 -4 -6 
7 1 3 6 2 3 3 -2 1 6 1 7 3 1 -4 6 1 3 4 7 
2 -3 1 0 7 0 -4 -6 -6 -6 3 2 0 -7 4 3 2 2 1 -4 
4 -1 2 2 -7 -2 3 3 5 -7 3 4 -7 -6 6 5 4 -3 -6 -2 
-2 -6 -3 4 5 6 -6 -7 4 3 -7 5 3 3 -2 -7 2 2 -1 4 
-4 1 2 2 3 4 -7 0 2 3 -6 -6 -6 -4 0 7 0 1 -3 2 
7 4 3 1 6 -4 1 3 7 1 6 1 -2 3 3 2 6 3 1 7 
-6 -4 3 -6 0 1 4 7 5 0 7 4 -3 -6 6 5 -5 -3 -1 5 
4 -6 -2 2 5 1 2 -2 2 -5 -2 7 0 -6 5 3 4 6 4 0 
6 2 4 -7 2 5 5 0 7 4 3 0 -3 3 -3 0 6 -4 2 1 
6 -6 -6 1 6 4 4 1 0 2 4 4 6 -7 1 3 -3 6 7 4 
-3 -4 -3 4 4 1 6 4 3 -4 0 1 0 4 4 -3 1 2 -4 4 
5 6 2 -1 2 6 1 5 2 0 4 5 2 -2 5 5 -5 -4 1 -5 
3 -6 -3 0 5 2 6 4 6 2 2 3 7 4 0 7 2 -4 3 -6 
59
2
11 12
1 18
8 7
18 1
20
5 16 10
14 6 15
19 2 11
5 17 12
8 15 16
10 6 14
19 8 14
10 12 11
15 10 15
16 10 15
14 3 10
5 13 15
0 17 11
14 2 12
11 4 16
9 13 14
0 11 14
9 7 11
4 9 15
3 9 15
0
