12 12
1 1 -1 3 -1 -2 2 -3 2 1 4 4 
3 2 3 -2 0 4 3 2 0 0 0 0 
-4 2 3 1 3 3 1 0 -3 4 0 3 
0 3 1 -4 2 3 0 -4 2 4 4 -1 
0 -1 -2 0 4 0 -2 0 1 3 0 -4 
2 -2 3 2 -3 -4 4 2 4 2 4 2 
2 4 2 4 2 4 -4 -3 2 3 -2 2 
-4 0 3 1 0 -2 0 4 0 -2 -1 0 
-1 4 4 2 -4 0 3 2 -4 1 3 0 
3 0 4 -3 0 1 3 3 1 3 2 -4 
0 0 0 0 2 3 4 0 -2 3 2 3 
4 4 1 2 -3 2 -2 -1 3 -1 1 1 
34
2
6 9
4 0
5 2
7 11
18
4 3 12
0 6 13
8 2 13
9 7 16
9 11 11
8 9 13
8 3 9
4 9 14
1 6 12
7 8 12
11 5 13
3 9 13
2 4 16
2 0 11
3 2 13
3 8 9
7 2 14
10 5 12
14
7 0
10 4
10 11
4 5
9 8
2 8
0 9
4 11
1 7
1 0
7 6
2 3
9 3
11 2
