16 20
0 1 0 3 0 2 1 -3 1 3 3 1 -3 3 1 0 3 2 -2 3 
0 -1 2 0 -1 2 3 3 3 3 1 -2 1 2 0 2 0 2 1 1 
3 1 0 0 3 2 1 2 1 -3 1 2 0 2 2 1 3 3 1 -1 
3 1 -3 -1 2 3 2 0 1 2 1 1 1 1 3 0 1 2 -3 2 
-3 2 1 1 1 0 1 3 1 2 2 0 1 -3 -2 -1 2 1 3 3 
1 0 2 0 3 3 3 3 -3 -1 -1 -3 3 1 1 1 0 2 -2 2 
-2 0 1 2 0 -2 -3 -1 2 1 -1 3 0 -1 1 2 2 0 2 0 
3 0 -1 -1 -2 1 -2 3 1 -2 1 2 2 -3 1 2 0 2 0 1 
1 0 2 0 2 1 -3 2 2 1 -2 1 3 -2 1 -2 -1 -1 0 3 
0 2 0 2 2 1 -1 0 3 -1 1 2 -1 -3 -2 0 2 1 0 -2 
2 -2 2 0 1 1 1 3 -3 -1 -1 -3 3 3 3 3 0 2 0 1 
3 3 1 2 -1 -2 -3 1 0 2 2 1 3 1 0 1 1 1 2 -3 
2 -3 2 1 0 3 1 1 1 1 2 1 0 2 3 2 -1 -3 1 3 
-1 1 3 3 1 2 2 0 2 1 -3 1 2 1 2 3 0 0 1 3 
1 1 2 0 2 0 2 1 -2 1 3 3 3 3 2 -1 0 2 -1 0 
3 -2 2 3 0 1 3 -3 1 3 3 1 -3 1 2 0 3 0 1 0 
57
5
2 5
5 2
8 12
10 3
15 16
13 14
10 17
7 7
5 16
0 3
8
7 8 8
13 18 16
4 12 8
3 16 12
8 11 8
2 1 16
11 7 8
12 3 12
26
2 11
2 14
11 19
14 10
0 16
11 8
10 5
11 13
7 15
15 7
0 11
7 6
7 4
13 8
13 5
4 0
1 9
15 3
4 11
5 14
4 6
8 4
0 12
15 8
8 13
8 15
