17 16
15 13 10 8 14 22 4 -12 -11 16 15 15 -2 8 -18 15 
2 -21 20 -11 7 19 -11 12 2 -21 -10 7 0 -13 13 6 
13 16 13 11 12 23 23 -4 15 13 -16 14 -7 2 2 14 
11 1 8 15 6 3 4 20 -12 20 2 5 19 1 4 5 
17 9 -10 17 11 5 17 -17 15 20 -8 16 -19 2 13 -16 
17 9 8 21 7 17 -23 23 15 11 -4 13 -7 0 15 -3 
-22 1 22 16 19 2 -18 8 7 13 6 15 -3 22 -10 8 
9 -21 23 11 4 22 -10 7 -16 -18 20 -15 -12 12 17 17 
18 20 13 7 3 8 -4 18 18 -4 8 3 7 13 20 18 
17 17 12 -12 -15 20 -18 -16 7 -10 22 4 11 23 -21 9 
8 -10 22 -3 15 6 13 7 8 -18 2 19 16 22 1 -22 
-3 15 0 -7 13 -4 11 15 23 -23 17 7 21 8 9 17 
-16 13 2 -19 16 -8 20 15 -17 17 5 11 17 -10 9 17 
5 4 1 19 5 2 20 -12 20 4 3 6 15 8 1 11 
14 2 2 -7 14 -16 13 15 -4 23 23 12 11 13 16 13 
6 13 -13 0 7 -10 -21 2 12 -11 19 7 -11 20 -21 2 
15 -18 8 -2 15 15 16 -11 -12 4 22 14 8 10 13 15 
59
6
10 9
8 3
4 12
10 2
4 6
7 15
6 6
8 12
12 3
6 13
12 9
9 0
16
8 7 9
12 10 8
10 7 10
13 15 13
16 11 9
13 6 12
5 9 8
10 4 15
8 8 9
4 5 8
6 8 10
3 0 13
0 4 9
3 9 12
11 6 8
6 11 15
18
4 15
0 8
9 10
15 5
10 5
11 7
3 1
15 9
13 2
12 0
16 7
7 5
1 10
6 10
5 8
13 14
1 6
3 13
