14 19
-13 5 7 -6 2 4 3 -4 9 12 9 -9 12 9 9 6 10 13 -4 
-2 13 -11 13 11 7 6 3 5 11 0 -13 4 3 3 -4 2 6 10 
-7 6 -11 10 -1 10 3 6 1 1 12 12 9 -5 13 0 -8 7 10 
-4 2 3 -5 -13 -10 0 13 2 -10 12 5 12 7 12 5 8 8 8 
1 -1 4 -9 10 12 -12 -7 9 1 -12 -6 -10 8 3 -1 5 -13 2 
2 3 10 -7 13 10 11 13 -8 -3 11 7 -10 7 0 0 7 13 6 
-10 7 -4 4 -12 7 10 4 -2 1 -4 11 6 6 7 4 -2 13 4 
4 13 -2 4 7 6 6 11 -4 1 -2 4 10 7 -12 4 -4 7 -10 
6 13 7 0 0 7 -10 7 11 -3 -8 13 11 10 13 -7 10 3 2 
2 -13 5 -1 3 8 -10 -6 -12 1 9 -7 -12 12 10 -9 4 -1 1 
8 8 8 5 12 7 12 5 12 -10 2 13 0 -10 -13 -5 3 2 -4 
10 7 -8 0 13 -5 9 12 12 1 1 6 3 10 -1 10 -11 6 -7 
10 6 2 -4 3 3 4 -13 0 11 5 3 6 7 11 13 -11 13 -2 
-4 13 10 6 9 9 12 -9 9 12 9 -4 3 4 2 -6 7 5 -13 
39
6
5 3
6 8
6 11
0 17
7 15
1 15
8 15
7 10
7 7
13 1
6 3
12 3
12
5 8 15
5 1 12
10 0 8
2 11 8
6 15 8
4 13 13
8 10 15
8 17 12
3 18 8
11 7 8
7 3 8
9 5 13
18
1 5
4 1
13 18
3 0
8 0
7 14
12 6
13 17
9 10
12 13
9 17
0 0
10 18
5 18
6 4
1 12
0 1
4 8
