15 11
8 0 5 6 5 6 0 5 -4 10 1 
-5 6 -6 10 -12 0 4 7 -6 6 -5 
-12 6 9 13 1 13 9 6 -7 2 5 
2 0 5 3 2 3 0 10 9 -5 0 
8 13 2 13 7 -9 -3 9 4 6 1 
-1 3 9 1 2 -5 3 3 3 -6 1 
5 4 8 3 5 -13 4 -1 2 12 2 
2 5 10 9 -9 11 -9 9 10 5 2 
2 12 2 -1 4 -13 5 3 8 4 5 
1 -6 3 3 3 -5 2 1 9 3 -1 
1 6 4 9 -3 -9 7 13 2 13 8 
0 -5 9 10 0 3 2 3 5 0 2 
5 2 -7 6 9 13 1 13 9 6 -12 
-5 6 -6 7 4 0 -12 10 -6 6 -5 
1 10 -4 5 0 6 5 6 5 0 8 
60
6
10 0
6 4
3 6
3 1
8 7
7 6
4 10
8 6
11 4
11 9
6 3
7 4
6
0 1 11
1 5 10
6 2 12
14 9 11
13 5 10
8 8 12
12
12 6
4 5
6 5
2 6
9 5
0 9
2 4
10 5
8 5
12 4
5 5
14 1
