20 20
0 2 2 2 -4 2 2 -3 1 -2 2 2 2 4 3 4 3 4 -1 -1 
1 -2 -3 -3 2 1 3 1 3 -1 3 4 0 2 4 2 3 -2 1 1 
4 4 0 3 2 2 3 3 0 0 2 2 3 4 1 -2 4 3 0 0 
-1 3 3 3 0 3 1 -4 0 2 1 4 1 4 3 -3 2 3 2 1 
3 -4 -1 1 -3 3 3 3 3 3 -4 -1 1 2 2 -3 -2 4 1 3 
0 3 4 0 4 1 3 4 3 2 -3 1 3 3 1 2 3 -2 3 -4 
2 -3 4 0 1 3 4 -4 0 4 4 0 -1 3 3 -3 4 0 0 3 
1 2 -1 3 1 1 0 -1 3 4 2 0 -2 0 4 -2 3 -3 3 2 
-1 3 2 -4 -1 -4 -3 2 0 -1 -3 2 1 3 3 1 1 -2 4 4 
0 -1 1 2 -2 3 2 2 2 1 1 -4 2 -3 0 2 -1 3 0 0 
0 0 3 -1 2 0 -3 2 -4 1 1 2 2 2 3 -2 2 1 -1 0 
4 4 -2 1 1 3 3 1 2 -3 -1 0 2 -3 -4 -1 -4 2 3 -1 
2 3 -3 3 -2 4 0 -2 0 2 4 3 -1 0 1 1 3 -1 2 1 
3 0 0 4 -3 3 3 -1 0 4 4 0 -4 4 3 1 0 4 -3 2 
-4 3 -2 3 2 1 3 3 1 -3 2 3 4 3 1 4 0 4 3 0 
3 1 4 -2 -3 2 2 1 -1 -4 3 3 3 3 3 -3 1 -1 -4 3 
1 2 3 2 -3 3 4 1 4 1 2 0 -4 1 3 0 3 3 3 -1 
0 0 3 4 -2 1 4 3 2 2 0 0 3 3 2 2 3 0 4 4 
1 1 -2 3 2 4 2 0 4 3 -1 3 1 3 1 2 -3 -3 -2 1 
-1 -1 4 3 4 3 4 2 2 2 -2 1 -3 2 2 -4 2 2 2 0 
56
4
13 19
17 1
0 8
10 12
6 0
2 18
19 11
9 7
8
7 11 11
15 4 15
11 18 10
1 16 15
12 8 11
4 15 15
8 1 10
18 3 15
0
