15 15
7 -4 -3 3 2 7 1 7 -2 2 -6 2 4 6 -3 
-6 1 6 -1 -2 1 -6 -6 4 2 6 6 5 1 0 
5 7 2 1 2 -2 -7 6 -6 4 2 2 4 1 6 
1 -1 2 3 -2 3 4 6 4 4 7 -5 7 4 5 
4 4 6 -4 7 1 0 3 6 -1 -4 7 -3 4 6 
-2 5 2 0 -1 1 1 3 7 7 2 4 2 3 1 
0 6 -2 2 6 6 5 4 1 -5 4 3 6 2 1 
-7 6 5 7 4 5 0 3 0 5 4 7 5 6 -7 
1 2 6 3 4 -5 1 4 5 6 6 2 -2 6 0 
1 3 2 4 2 7 7 3 1 1 -1 0 2 5 -2 
6 4 -3 7 -4 -1 6 3 0 1 7 -4 6 4 4 
5 4 7 -5 7 4 4 6 4 3 -2 3 2 -1 1 
6 1 4 2 2 4 -6 6 -7 -2 2 1 2 7 5 
0 1 5 6 6 2 4 -6 -6 1 -2 -1 6 1 -6 
-3 6 4 2 -6 2 -2 7 1 7 2 3 -3 -4 7 
39
8
5 6
5 0
1 11
3 2
11 7
8 6
0 9
9 3
9 8
9 14
13 3
11 12
3 7
6 8
14 5
5 11
18
14 8 8
13 10 12
7 0 11
9 7 12
14 6 11
7 10 8
1 3 11
4 0 10
12 13 9
0 6 8
1 4 12
7 14 11
5 7 12
0 8 11
7 4 8
13 11 11
10 14 10
2 1 9
20
11 9
11 4
8 7
2 11
10 13
0 2
4 12
6 14
11 8
7 8
3 5
3 10
6 7
12 3
4 1
14 12
10 2
8 0
3 6
7 6
