19 11
3 -12 1 -5 10 6 -15 -12 13 9 7 
2 8 14 10 -10 5 1 8 8 -15 13 
10 8 -6 -1 13 -9 10 4 14 11 -14 
4 5 15 1 -3 2 12 -11 2 -1 5 
14 9 -15 11 13 -10 6 11 2 5 1 
14 6 -5 5 0 -14 9 1 0 7 6 
6 15 -11 15 12 1 7 6 9 13 11 
-2 12 13 7 7 2 15 3 -2 7 3 
15 8 5 -5 15 5 3 -13 1 7 -9 
14 -2 7 1 13 1 13 1 7 -2 14 
-9 7 1 -13 3 5 15 -5 5 8 15 
3 7 -2 3 15 2 7 7 13 12 -2 
11 13 9 6 7 1 12 15 -11 15 6 
6 7 0 1 9 -14 0 5 -5 6 14 
1 5 2 11 6 -10 13 11 -15 9 14 
5 -1 2 -11 12 2 -3 1 15 5 4 
-14 11 14 4 10 -9 13 -1 -6 8 10 
13 -15 8 8 1 5 -10 10 14 8 2 
7 9 13 -12 -15 6 10 -5 1 -12 3 
41
4
6 3
10 0
4 0
3 7
12 7
8 10
14 10
15 3
14
8 4 8
2 0 9
8 9 10
5 3 8
15 10 8
10 7 8
7 10 15
10 6 8
16 10 9
10 1 10
13 7 8
3 0 8
8 3 8
11 0 15
18
7 8
3 4
5 0
0 7
13 6
14 8
12 0
0 6
11 9
11 2
15 6
13 10
18 3
5 4
4 2
6 10
18 4
7 1
