16 16
3 20 19 -20 0 17 1 2 1 -15 15 -18 -20 12 17 -14 
5 16 7 -10 6 4 6 -6 15 9 22 20 0 -6 10 0 
6 1 -20 16 11 4 14 22 13 3 21 -2 -13 9 -16 -3 
10 -7 -19 16 22 11 2 9 -7 12 7 -21 -9 8 -19 3 
8 1 6 14 14 9 19 -2 22 -19 15 -1 -13 -7 19 8 
7 -19 13 -2 21 6 1 22 3 8 -15 9 14 19 6 3 
-5 14 21 -11 22 5 5 13 19 12 5 20 -16 -7 17 10 
1 6 -18 -11 4 3 17 13 9 -8 6 18 16 -18 17 11 
11 17 -18 16 18 6 -8 9 13 17 3 4 -11 -18 6 1 
10 17 -7 -16 20 5 12 19 13 5 5 22 -11 21 14 -5 
3 6 19 14 9 -15 8 3 22 1 6 21 -2 13 -19 7 
8 19 -7 -13 -1 15 -19 22 -2 19 9 14 14 6 1 8 
3 -19 8 -9 -21 7 12 -7 9 2 11 22 16 -19 -7 10 
-3 -16 9 -13 -2 21 3 13 22 14 4 11 16 -20 1 6 
0 10 -6 0 20 22 9 15 -6 6 4 6 -10 7 16 5 
-14 17 12 -20 -18 15 -15 1 2 1 17 0 -20 19 20 3 
58
5
11 8
8 2
4 9
2 12
15 11
4 7
7 13
11 6
13 3
0 4
6
6 7 9
15 13 14
14 5 11
9 8 9
0 2 14
1 10 11
18
4 10
10 12
13 0
4 1
4 2
13 7
14 9
6 12
1 7
11 5
5 3
2 15
11 14
11 13
2 8
1 6
9 3
14 8
