16 17
9 0 2 3 5 4 9 -8 10 -2 -4 3 2 2 9 8 7 
1 -9 -1 5 -6 9 2 0 6 2 0 6 3 9 6 -6 1 
6 6 2 -6 4 1 5 1 4 3 6 -6 3 3 3 -5 4 
6 0 8 -1 -4 5 4 -9 2 2 -8 4 6 10 7 7 -7 
0 1 2 6 -9 9 3 0 9 8 -9 5 -4 3 4 -10 -10 
5 6 -6 -7 -7 6 10 2 -6 5 6 -1 9 5 7 10 1 
4 2 5 1 8 4 4 2 1 1 8 6 0 8 3 8 8 
0 -10 4 2 4 -9 0 5 7 0 1 1 8 7 1 -7 6 
6 -7 1 7 8 1 1 0 7 5 0 -9 4 2 4 -10 0 
8 8 3 8 0 6 8 1 1 2 4 4 8 1 5 2 4 
1 10 7 5 9 -1 6 5 -6 2 10 6 -7 -7 -6 6 5 
-10 -10 4 3 -4 5 -9 8 9 0 3 9 -9 6 2 1 0 
-7 7 7 10 6 4 -8 2 2 -9 4 5 -4 -1 8 0 6 
4 -5 3 3 3 -6 6 3 4 1 5 1 4 -6 2 6 6 
1 -6 6 9 3 6 0 2 6 0 2 9 -6 5 -1 -9 1 
7 8 9 2 2 3 -4 -2 10 -8 9 4 5 3 2 0 9 
38
2
9 7
5 9
6 9
10 7
12
10 4 9
1 6 16
6 5 12
6 14 12
6 4 9
14 15 14
5 12 9
14 10 16
9 11 12
9 2 12
9 12 9
1 1 14
24
7 12
14 13
9 8
15 10
10 12
12 10
12 9
14 16
10 0
8 13
0 9
12 2
8 4
1 3
6 8
0 6
5 4
3 6
3 7
1 0
5 16
7 3
15 7
3 14
