15 15
-10 3 -1 12 2 -16 5 -6 -7 -7 11 15 12 5 -10 
9 14 -6 15 -6 7 -14 10 -7 1 3 -6 11 10 12 
6 6 13 11 6 10 -11 10 6 -14 13 1 -10 16 10 
10 -11 1 0 -15 2 8 -2 9 -12 3 10 10 7 12 
16 -4 6 8 -12 -13 9 14 -8 10 -1 0 6 -2 13 
15 8 4 -3 15 -12 15 14 15 -4 11 -9 13 10 8 
7 11 -12 9 6 0 10 -8 -15 3 9 16 3 4 16 
3 14 16 9 12 0 5 -8 5 0 12 9 16 14 3 
16 4 3 16 9 3 -15 -8 10 0 6 9 -12 11 7 
8 10 13 -9 11 -4 15 14 15 -12 15 -3 4 8 15 
13 -2 6 0 -1 10 -8 14 9 -13 -12 8 6 -4 16 
12 7 10 10 3 -12 9 -2 8 2 -15 0 1 -11 10 
10 16 -10 1 13 -14 6 10 -11 10 6 11 13 6 6 
12 10 11 -6 3 1 -7 10 -14 7 -6 15 -6 14 9 
-10 5 12 15 11 -7 -7 -6 5 -16 2 12 -1 3 -10 
40
8
11 4
14 13
5 4
13 5
9 11
10 3
12 10
2 6
3 10
0 1
9 10
1 9
5 3
4 11
2 4
12 8
14
8 14 13
0 4 12
11 13 10
7 2 13
13 7 10
4 1 14
2 8 16
6 0 13
14 10 12
3 1 10
7 12 13
1 7 10
10 13 14
12 6 16
18
8 11
2 13
9 7
1 12
13 0
11 9
0 11
4 14
7 5
6 3
12 1
5 7
13 2
1 14
3 5
14 3
10 0
7 9
