16 17
4 3 -4 1 0 2 1 2 2 4 0 -1 0 1 4 1 3 
-4 4 -4 -4 4 4 1 3 0 -3 2 2 3 3 2 1 -1 
0 1 2 -3 1 3 2 -3 1 0 1 2 -1 -4 2 -1 -4 
-2 2 1 1 4 0 3 0 4 -4 -4 2 4 1 4 2 4 
2 3 2 1 2 -1 1 -3 4 1 2 -3 4 1 3 0 4 
0 -3 3 0 -2 0 2 0 3 3 1 4 2 3 3 -4 -4 
-1 -4 -1 3 -4 4 2 -4 3 3 -2 2 4 1 -4 -1 0 
4 1 -2 -2 4 3 1 3 3 -3 0 2 0 3 1 2 3 
3 2 1 3 0 2 0 -3 3 3 1 3 4 -2 -2 1 4 
0 -1 -4 1 4 2 -2 3 3 -4 2 4 -4 3 -1 -4 -1 
-4 -4 3 3 2 4 1 3 3 0 2 0 -2 0 3 -3 0 
4 0 3 1 4 -3 2 1 4 -3 1 -1 2 1 2 3 2 
4 2 4 1 4 2 -4 -4 4 0 3 0 4 1 1 2 -2 
-4 -1 2 -4 -1 2 1 0 1 -3 2 3 1 -3 2 1 0 
-1 1 2 3 3 2 2 -3 0 3 1 4 4 -4 -4 4 -4 
3 1 4 1 0 -1 0 4 2 2 1 2 0 1 -4 3 4 
32
7
8 2
8 15
13 3
7 11
3 11
14 16
11 16
7 14
7 1
2 13
8 5
12 5
1 0
4 0
6
7 13 10
10 3 8
15 5 15
8 3 10
5 13 8
0 11 15
20
11 4
1 4
6 15
8 10
0 9
0 15
4 13
1 12
6 11
1 9
4 12
14 12
9 1
7 6
15 7
15 1
11 3
14 4
9 5
14 7
