20 20
-5 8 7 14 11 -11 14 6 -12 0 4 9 5 5 11 11 -3 -8 9 0 
11 7 11 3 0 5 -12 10 7 14 -10 12 11 1 11 11 11 2 12 13 
2 -6 2 -2 13 2 12 5 1 2 -9 6 6 4 8 10 10 -1 6 7 
7 -11 -3 -1 14 -3 11 12 8 1 3 6 6 12 10 3 1 8 1 12 
0 -3 -10 1 -4 -13 7 -6 1 -9 -9 -1 10 8 8 9 6 4 0 8 
2 9 10 11 7 0 12 3 1 13 14 1 12 13 -1 5 4 6 4 12 
-8 12 -12 12 9 5 14 9 12 -4 3 -12 -8 5 -3 -5 1 3 12 7 
14 7 10 11 -2 1 -11 -10 10 -3 9 7 1 -14 10 13 4 -7 10 5 
-5 5 7 -13 4 -8 0 -14 12 3 13 12 14 8 6 6 8 14 0 8 
9 5 8 -4 0 4 14 7 7 13 -2 -12 12 10 -5 1 7 7 -10 -7 
-7 -10 7 7 1 -5 10 12 -12 -2 13 7 7 14 4 0 -4 8 5 9 
8 0 14 8 6 6 8 14 12 13 3 12 -14 0 -8 4 -13 7 5 -5 
5 10 -7 4 13 10 -14 1 7 9 -3 10 -10 -11 1 -2 11 10 7 14 
7 12 3 1 -5 -3 5 -8 -12 3 -4 12 9 14 5 9 12 -12 12 -8 
12 4 6 4 5 -1 13 12 1 14 13 1 3 12 0 7 11 10 9 2 
8 0 4 6 9 8 8 10 -1 -9 -9 1 -6 7 -13 -4 1 -10 -3 0 
12 1 8 1 3 10 12 6 6 3 1 8 12 11 -3 14 -1 -3 -11 7 
7 6 -1 10 10 8 4 6 6 -9 2 1 5 12 2 13 -2 2 -6 2 
13 12 2 11 11 11 1 11 12 -10 14 7 10 -12 5 0 3 11 7 11 
0 9 -8 -3 11 11 5 5 9 4 0 -12 6 14 -11 11 14 7 8 -5 
53
5
15 8
2 18
7 1
1 14
6 18
4 11
17 1
12 18
18 5
13 1
16
6 11 10
8 11 12
12 6 16
12 11 13
3 15 15
4 14 14
6 13 14
4 12 10
13 8 10
11 8 12
7 13 16
7 8 13
16 4 15
15 5 14
13 6 14
15 7 10
0
