15 10
3 3 7 4 -10 1 10 2 -5 4 
3 -1 -9 1 7 -6 11 -4 7 7 
-3 -7 3 7 1 -6 6 6 -7 8 
-11 7 -3 9 1 7 6 3 5 -10 
2 -4 11 4 8 -3 0 5 1 2 
-4 -10 10 -4 3 2 8 9 10 11 
8 6 8 -9 9 -2 3 2 8 10 
6 -8 -6 6 5 5 6 -6 -8 6 
10 8 2 3 -2 9 -9 8 6 8 
11 10 9 8 2 3 -4 10 -10 -4 
2 1 5 0 -3 8 4 11 -4 2 
-10 5 3 6 7 1 9 -3 7 -11 
8 -7 6 6 -6 1 7 3 -7 -3 
7 7 -4 11 -6 7 1 -9 -1 3 
4 -5 2 10 1 -10 4 7 3 3 
30
3
10 5
5 1
6 5
4 4
9 8
8 4
20
0 3 12
10 8 10
13 6 15
4 3 13
11 6 11
10 2 15
0 7 8
9 7 11
4 0 11
14 7 14
14 6 12
4 1 10
1 3 15
10 6 13
3 3 11
4 7 15
14 2 8
5 2 11
10 9 11
0 2 14
12
14 8
3 1
3 6
3 4
13 1
14 5
0 1
11 8
11 3
11 5
1 8
0 4
