20 19
6 16 5 8 12 16 16 -4 0 -3 6 8 6 12 -10 0 17 7 14 
4 7 4 8 -17 5 13 12 11 17 -12 3 5 -12 -17 15 5 13 15 
15 12 16 -14 3 7 12 -17 7 17 16 15 5 1 2 17 2 10 5 
14 -4 1 14 8 3 2 8 9 11 7 -14 5 4 9 -15 -17 17 9 
6 17 -18 7 0 15 16 13 8 10 -11 7 4 10 4 1 -10 10 -13 
-4 14 17 17 10 6 -10 -7 9 6 3 13 16 2 -15 0 14 9 18 
1 7 -11 -15 9 -11 -6 -15 -11 5 3 4 2 2 7 -12 17 16 7 
4 16 10 1 11 8 2 18 -6 11 -13 -5 12 10 2 0 8 11 15 
15 1 -4 -12 18 5 7 14 11 6 3 -14 2 14 -7 0 -16 -9 12 
17 10 9 12 -7 17 5 14 17 2 4 -5 8 0 -18 15 11 10 -12 
-12 10 11 15 -18 0 8 -5 4 2 17 14 5 17 -7 12 9 10 17 
12 -9 -16 0 -7 14 2 -14 3 6 11 14 7 5 18 -12 -4 1 15 
15 11 8 0 2 10 12 -5 -13 11 -6 18 2 8 11 1 10 16 4 
7 16 17 -12 7 2 2 4 3 5 -11 -15 -6 -11 9 -15 -11 7 1 
18 9 14 0 -15 2 16 13 3 6 9 -7 -10 6 10 17 17 14 -4 
-13 10 -10 1 4 10 4 7 -11 10 8 13 16 15 0 7 -18 17 6 
9 17 -17 -15 9 4 5 -14 7 11 9 8 2 3 8 14 1 -4 14 
5 10 2 17 2 1 5 15 16 17 7 -17 12 7 3 -14 16 12 15 
15 13 5 15 -17 -12 5 3 -12 17 11 12 13 5 -17 8 4 7 4 
14 7 17 0 -10 12 6 8 6 -3 0 -4 16 16 12 8 5 16 6 
48
8
11 18
11 2
3 1
1 8
14 7
19 6
17 10
15 2
8 0
8 16
16 17
18 10
5 11
0 12
2 8
4 16
16
7 8 16
17 0 9
15 0 10
15 4 15
12 17 12
5 12 14
8 15 10
11 8 14
12 10 16
2 18 9
4 18 10
4 14 15
7 1 12
14 6 14
11 3 10
8 10 14
24
1 6
2 7
4 9
15 1
12 0
0 11
13 11
15 6
4 15
12 9
7 14
9 18
18 12
17 11
15 9
4 17
7 18
19 7
6 7
4 12
15 3
7 9
12 4
10 0
