20 20
8 5 13 1 15 0 1 16 -12 5 15 14 -8 10 2 12 -15 6 15 -14 
15 13 4 12 -12 10 16 15 -11 -2 2 -8 -13 -7 5 8 14 -3 4 4 
11 15 10 8 3 -9 0 13 12 14 2 -5 16 0 -10 12 -11 15 -7 0 
-11 15 2 13 -8 10 -5 16 13 5 -4 6 9 16 13 15 1 4 3 -2 
9 14 12 4 -15 15 4 -15 4 1 10 14 4 16 -4 15 -13 5 1 11 
4 10 10 2 -15 14 -5 12 -3 13 9 11 4 7 2 -8 15 13 14 11 
-6 -12 6 8 10 2 10 3 -7 13 6 11 -6 16 -15 9 5 1 5 -14 
5 -3 6 -9 -10 -1 5 14 0 10 12 14 -12 -2 14 6 16 -3 9 11 
6 2 5 14 15 9 8 14 -1 -10 13 3 15 10 7 -12 10 12 6 7 
15 15 -13 8 4 12 2 12 7 10 12 7 -16 -14 -7 11 7 15 -4 2 
2 -4 15 7 11 -7 -14 -16 7 12 10 7 12 2 12 4 8 -13 15 15 
7 6 12 10 -12 7 10 15 3 13 -10 -1 14 8 9 15 14 5 2 6 
11 9 -3 16 6 14 -2 -12 14 12 10 0 14 5 -1 -10 -9 6 -3 5 
-14 5 1 5 9 -15 16 -6 11 6 13 -7 3 10 2 10 8 6 -12 -6 
11 14 13 15 -8 2 7 4 11 9 13 -3 12 -5 14 -15 2 10 10 4 
11 1 5 -13 15 -4 16 4 14 10 1 4 -15 4 15 -15 4 12 14 9 
-2 3 4 1 15 13 16 9 6 -4 5 13 16 -5 10 -8 13 2 15 -11 
0 -7 15 -11 12 -10 0 16 -5 2 14 12 13 0 -9 3 8 10 15 11 
4 4 -3 14 8 5 -7 -13 -8 2 -2 -11 15 16 10 -12 12 4 13 15 
-14 15 6 -15 12 2 10 -8 14 15 5 -12 16 1 0 15 1 13 5 8 
37
3
12 7
10 7
10 9
7 12
9 12
9 10
16
3 5 11
11 10 14
16 13 10
2 9 16
16 10 8
10 4 16
6 5 10
1 19 10
16 14 11
8 9 14
3 6 10
17 10 16
3 9 8
9 15 16
13 14 10
18 0 10
0
