20 20
2 2 3 3 2 1 0 1 1 1 1 2 2 2 1 2 3 -1 3 2 
1 3 -1 -3 1 1 0 -2 -2 2 1 -2 2 -1 -2 -1 1 1 3 -2 
3 -1 2 0 1 2 2 0 2 0 0 1 2 1 0 1 2 1 -1 1 
2 2 0 -3 3 2 -1 3 3 2 -1 3 2 1 -2 -3 3 -1 1 3 
0 1 -2 0 2 0 0 1 -1 2 3 1 -2 0 -3 2 0 -3 3 3 
0 1 0 1 0 2 2 2 -2 2 3 1 1 2 2 2 3 1 -3 -3 
-3 2 -2 3 2 3 3 -2 -2 0 -3 -1 -2 2 0 -3 2 2 1 2 
3 2 1 1 0 2 -1 2 -1 -2 1 0 1 -2 2 2 -3 -2 0 3 
3 -1 2 1 3 0 3 -1 2 1 1 2 -3 2 2 -3 2 0 1 -3 
0 -2 -2 3 1 3 3 2 0 3 1 -2 0 -3 -2 -2 -3 3 2 -1 
-1 2 3 -3 -2 -2 -3 0 -2 1 3 0 2 3 3 1 3 -2 -2 0 
-3 1 0 2 -3 2 2 -3 2 1 1 2 -1 3 0 3 1 2 -1 3 
3 0 -2 -3 2 2 -2 1 0 1 -2 -1 2 -1 2 0 1 1 2 3 
2 1 2 2 -3 0 2 -2 -1 -3 0 -2 -2 3 3 2 3 -2 2 -3 
-3 -3 1 3 2 2 2 1 1 3 2 -2 2 2 2 0 1 0 1 0 
3 3 -3 0 2 -3 0 -2 1 3 2 -1 1 0 0 2 0 -2 1 0 
3 1 -1 3 -3 -2 1 2 3 -1 2 3 3 -1 2 3 -3 0 2 2 
1 -1 1 2 1 0 1 2 1 0 0 2 0 2 2 1 0 2 -1 3 
-2 3 1 1 -1 -2 -1 2 -2 1 2 -2 -2 0 1 1 -3 -1 3 1 
2 3 -1 3 2 1 2 2 2 1 1 1 1 0 1 2 3 3 2 2 
43
5
16 1
19 0
12 13
12 16
5 2
3 18
0 19
7 6
7 3
14 17
10
1 12 16
12 4 15
9 7 10
1 5 14
0 17 16
18 7 16
7 15 15
10 12 10
18 14 14
19 2 16
0
