20 13
21 -3 15 13 -6 18 0 -20 4 16 1 11 7 
3 20 -13 6 19 1 14 19 21 14 8 14 18 
-4 15 5 14 12 21 -16 19 4 7 -9 -3 -5 
7 -21 5 -14 -16 -6 10 -9 -10 9 7 -3 10 
2 20 9 19 9 17 11 21 -10 5 15 12 15 
2 2 5 7 3 -9 0 9 7 16 21 4 -15 
6 10 -14 6 -12 20 16 16 3 12 -2 14 -1 
12 9 4 -9 -3 -10 7 -3 -13 17 1 4 -17 
12 12 10 16 5 0 12 3 5 -13 1 8 -18 
20 -18 -13 9 5 15 -8 2 10 19 13 19 -13 
-13 19 13 19 10 2 -8 15 5 9 -13 -18 20 
-18 8 1 -13 5 3 12 0 5 16 10 12 12 
-17 4 1 17 -13 -3 7 -10 -3 -9 4 9 12 
-1 14 -2 12 3 16 16 20 -12 6 -14 10 6 
-15 4 21 16 7 9 0 -9 3 7 5 2 2 
15 12 15 5 -10 21 11 17 9 19 9 20 2 
10 -3 7 9 -10 -9 10 -6 -16 -14 5 -21 7 
-5 -3 -9 7 4 19 -16 21 12 14 5 15 -4 
18 14 8 14 21 19 14 1 19 6 -13 20 3 
7 11 1 16 4 -20 0 18 -6 13 15 -3 21 
30
2
4 8
11 8
15 4
8 4
18
14 3 8
12 4 11
1 12 14
0 6 9
5 11 9
2 5 12
2 12 15
6 7 15
13 10 16
5 9 8
7 8 11
18 0 14
19 6 9
14 1 9
17 7 12
17 0 15
13 5 15
6 2 16
24
6 4
4 9
14 4
19 3
12 8
4 0
9 0
11 7
18 3
0 8
11 10
10 1
13 8
15 3
5 8
0 9
7 4
15 12
10 12
8 5
1 9
19 4
8 2
9 11
