18 19
1 9 7 -1 4 -7 8 10 2 -5 5 -10 -5 -3 -4 -7 7 8 1 
12 0 8 9 11 -3 10 2 6 0 12 5 10 2 7 -5 -1 8 12 
3 8 6 -9 -12 1 4 5 3 9 12 1 6 9 12 0 11 6 1 
12 6 9 8 8 -4 11 6 4 11 9 9 6 -8 10 -12 5 -1 -2 
7 6 9 -8 10 6 11 12 3 2 -2 11 -12 8 3 2 2 7 8 
10 4 9 7 -10 -9 5 8 11 3 12 4 1 12 -7 9 8 -11 10 
-6 11 8 11 9 -7 -2 -7 11 3 3 10 -6 -3 -9 7 7 -5 3 
3 11 -12 -6 0 -11 1 -6 4 -6 0 -3 1 -6 10 7 -2 -11 8 
11 -2 10 0 3 -6 8 6 5 -12 1 -10 7 0 10 11 4 3 -5 
-5 3 4 11 10 0 7 -10 1 -12 5 6 8 -6 3 0 10 -2 11 
8 -11 -2 7 10 -6 1 -3 0 -6 4 -6 1 -11 0 -6 -12 11 3 
3 -5 7 7 -9 -3 -6 10 3 3 11 -7 -2 -7 9 11 8 11 -6 
10 -11 8 9 -7 12 1 4 12 3 11 8 5 -9 -10 7 9 4 10 
8 7 2 2 3 8 -12 11 -2 2 3 12 11 6 10 -8 9 6 7 
-2 -1 5 -12 10 -8 6 9 9 11 4 6 11 -4 8 8 9 6 12 
1 6 11 0 12 9 6 1 12 9 3 5 4 1 -12 -9 6 8 3 
12 8 -1 -5 7 2 10 5 12 0 6 2 10 -3 11 9 8 0 12 
1 8 7 -7 -4 -3 -5 -10 5 -5 2 10 8 -7 4 -1 7 9 1 
51
2
10 8
10 5
7 10
7 13
10
14 18 14
0 16 10
5 12 12
16 2 10
5 14 8
3 0 14
17 2 10
12 6 12
1 16 10
12 4 8
28
8 13
16 11
2 1
3 13
15 11
16 17
10 2
11 14
15 4
15 10
11 18
13 2
17 13
16 9
9 5
1 7
15 17
14 5
2 7
1 1
7 16
6 4
2 14
2 8
6 0
4 16
0 5
1 9
