20 17
4 2 1 -10 9 -10 2 -10 5 10 10 -9 -3 3 7 10 0 
5 -4 -6 9 4 -4 8 -9 9 8 5 10 3 -1 10 1 1 
-9 4 3 4 9 2 -2 -1 -1 -10 10 -6 1 8 2 -4 7 
4 -4 1 3 2 3 10 -2 6 3 6 9 1 -6 6 2 7 
4 10 -6 1 -9 -10 8 2 -5 -5 10 8 1 2 -2 6 4 
10 2 9 1 8 9 -5 2 -5 4 9 -7 -2 3 6 7 10 
-6 6 1 4 5 -5 5 -10 2 -2 6 8 -8 0 7 8 8 
4 7 0 9 5 6 5 -9 5 -3 5 -10 8 9 1 -6 9 
5 10 4 5 5 1 7 3 -1 4 4 7 7 -4 -9 4 6 
0 3 2 -6 7 9 -9 10 4 5 2 7 -4 0 6 6 4 
4 6 6 0 -4 7 2 5 4 10 -9 9 7 -6 2 3 0 
6 4 -9 -4 7 7 4 4 -1 3 7 1 5 5 4 10 5 
9 -6 1 9 8 -10 5 -3 5 -9 5 6 5 9 0 7 4 
8 8 7 0 -8 8 6 -2 2 -10 5 -5 5 4 1 6 -6 
10 7 6 3 -2 -7 9 4 -5 2 -5 9 8 1 9 2 10 
4 6 -2 2 1 8 10 -5 -5 2 8 -10 -9 1 -6 10 4 
7 2 6 -6 1 9 6 3 6 -2 10 3 2 3 1 -4 4 
7 -4 2 8 1 -6 10 -10 -1 -1 -2 2 9 4 3 4 -9 
1 1 10 -1 3 10 5 8 9 -9 8 -4 4 9 -6 -4 5 
0 10 7 3 -3 -9 10 10 5 -10 2 -10 9 -10 1 2 4 
54
4
6 15
3 12
4 0
17 0
13 1
16 4
15 16
2 16
16
17 15 9
6 1 9
7 14 10
13 6 13
4 5 12
4 9 14
18 3 9
9 7 14
2 1 9
13 15 9
12 2 10
6 10 13
15 11 12
15 7 14
1 13 9
10 9 14
30
19 13
7 4
11 3
14 2
18 9
5 3
11 16
3 16
10 5
9 0
19 14
17 16
3 5
5 4
4 14
0 3
12 12
8 13
5 14
1 7
14 13
8 0
16 0
9 11
10 16
0 2
2 0
16 11
14 12
15 2
