20 20
0 -10 6 5 8 12 14 2 9 10 2 1 1 5 13 -10 3 4 7 2 
3 9 -14 -6 8 3 9 -12 2 -5 11 -4 15 1 3 -6 -16 15 9 -6 
-3 0 10 -10 -3 1 13 9 13 -11 1 7 9 -12 -6 12 4 1 15 -14 
0 2 -15 -1 6 16 12 -12 5 14 13 4 -6 -15 -12 15 16 -14 9 6 
7 7 1 16 11 7 0 -5 8 -13 -4 2 2 -10 15 3 5 1 1 11 
12 1 11 6 15 1 -13 -11 -13 -7 11 10 8 -3 14 15 2 -2 6 1 
16 4 -6 11 -6 8 15 6 9 4 10 14 7 5 -3 1 6 -3 14 0 
8 14 9 10 3 5 2 3 0 -1 14 12 12 13 -11 12 8 15 -5 3 
2 2 -7 -13 2 -6 12 12 12 11 2 10 -5 8 10 7 -13 -7 -7 12 
-15 16 8 6 13 2 11 15 13 16 13 10 -8 -3 -13 12 -15 -15 -16 -1 
-1 -16 -15 -15 12 -13 -3 -8 10 13 16 13 15 11 2 13 6 8 16 -15 
12 -7 -7 -13 7 10 8 -5 10 2 11 12 12 12 -6 2 -13 -7 2 2 
3 -5 15 8 12 -11 13 12 12 14 -1 0 3 2 5 3 10 9 14 8 
0 14 -3 6 1 -3 5 7 14 10 4 9 6 15 8 -6 11 -6 4 16 
1 6 -2 2 15 14 -3 8 10 11 -7 -13 -11 -13 1 15 6 11 1 12 
11 1 1 5 3 15 -10 2 2 -4 -13 8 -5 0 7 11 16 1 7 7 
6 9 -14 16 15 -12 -15 -6 4 13 14 5 -12 12 16 6 -1 -15 2 0 
-14 15 1 4 12 -6 -12 9 7 1 -11 13 9 13 1 -3 -10 10 0 -3 
-6 9 15 -16 -6 3 1 15 -4 11 -5 2 -12 9 3 8 -6 -14 9 3 
2 7 4 3 -10 13 5 1 1 2 10 9 2 14 12 8 5 6 -10 0 
52
2
18 15
13 16
1 4
6 3
8
13 2 16
8 19 15
10 19 13
6 5 12
6 17 16
11 0 15
9 0 13
13 14 12
0
