14 20
8 4 -1 0 5 -4 2 4 1 7 1 6 1 -4 8 0 3 -3 1 1 
3 8 2 4 0 1 5 1 6 -6 -1 -3 4 -7 6 8 3 7 4 8 
5 8 0 0 0 6 4 5 3 2 -8 2 3 4 4 -3 6 5 8 -6 
1 0 3 7 7 3 6 3 -7 6 6 6 -5 -5 4 4 6 -6 1 4 
2 7 -7 4 -6 -6 5 4 4 8 -1 8 1 8 6 5 6 1 -3 1 
5 4 4 4 -6 8 -2 2 1 3 8 6 1 2 5 1 1 -8 3 6 
0 0 -8 2 5 -4 5 4 2 8 1 -8 4 8 4 4 5 4 -6 -2 
-2 -6 4 5 4 4 8 4 -8 1 8 2 4 5 -4 5 2 -8 0 0 
6 3 -8 1 1 5 2 1 6 8 3 1 2 -2 8 -6 4 4 4 5 
1 -3 1 6 5 6 8 1 8 -1 8 4 4 5 -6 -6 4 -7 7 2 
4 1 -6 6 4 4 -5 -5 6 6 6 -7 3 6 3 7 7 3 0 1 
-6 8 5 6 -3 4 4 3 2 -8 2 3 5 4 6 0 0 0 8 5 
8 4 7 3 8 6 -7 4 -3 -1 -6 6 1 5 1 0 4 2 8 3 
1 1 -3 3 0 8 -4 1 6 1 7 1 4 2 -4 5 0 -1 4 8 
47
5
5 7
12 5
0 1
3 2
12 13
8 12
1 14
13 18
10 17
1 6
20
0 3 16
5 9 14
10 3 11
13 2 14
3 12 14
1 13 16
1 19 15
3 19 10
10 15 15
11 6 10
13 16 16
8 10 14
3 16 11
0 17 14
10 7 14
12 6 16
12 0 15
10 0 10
3 4 15
2 13 10
24
13 8
12 18
8 4
10 14
11 13
11 9
6 15
13 1
9 10
7 8
9 13
11 5
0 11
1 1
5 15
3 5
2 6
2 10
7 4
0 18
4 9
6 11
4 6
2 14
