13 15
5 2 19 16 4 8 2 9 14 9 20 10 14 -17 5 
15 18 0 -10 19 -10 6 -6 10 9 -9 11 9 -18 15 
5 1 13 15 -19 -19 6 -18 3 11 10 -8 -19 -13 -6 
2 14 1 12 0 8 16 6 7 19 7 13 10 11 9 
-5 10 1 -8 4 14 -19 -14 20 20 -10 11 4 11 9 
1 11 8 4 -5 13 10 8 13 6 7 18 18 15 3 
-14 -7 14 3 -12 12 6 12 6 12 -12 3 14 -7 -14 
3 15 18 18 7 6 13 8 10 13 -5 4 8 11 1 
9 11 4 11 -10 20 20 -14 -19 14 4 -8 1 10 -5 
9 11 10 13 7 19 7 6 16 8 0 12 1 14 2 
-6 -13 -19 -8 10 11 3 -18 6 -19 -19 15 13 1 5 
15 -18 9 11 -9 9 10 -6 6 -10 19 -10 0 18 15 
5 -17 14 10 20 9 14 9 2 8 4 16 19 2 5 
57
2
11 5
9 1
1 9
3 13
8
5 7 12
11 3 14
0 13 15
3 2 8
7 7 12
1 11 14
12 1 15
9 12 8
14
10 4
4 14
7 14
8 10
6 7
7 10
3 9
2 10
8 0
5 0
4 4
6 7
5 4
9 5
