15 17
3 12 13 12 0 -6 6 6 -13 -6 -7 9 0 -1 9 14 9 
2 3 12 8 0 8 -4 10 8 4 13 8 -11 3 12 4 12 
9 13 2 -2 -13 6 8 -6 3 5 3 13 -3 3 14 11 7 
-9 10 6 4 11 6 -8 -2 6 -3 7 2 14 5 13 12 -1 
0 10 -10 8 5 -3 7 12 1 5 -11 3 8 -9 3 4 13 
0 -12 -4 -8 -12 1 7 -12 6 9 11 12 -2 14 12 4 8 
12 14 7 4 4 3 -8 6 5 3 8 7 9 -12 7 1 14 
-5 10 9 1 9 7 -7 5 2 5 -7 7 9 1 9 10 -5 
14 1 7 -12 9 7 8 3 5 6 -8 3 4 4 7 14 12 
8 4 12 14 -2 12 11 9 6 -12 7 1 -12 -8 -4 -12 0 
13 4 3 -9 8 3 -11 5 1 12 7 -3 5 8 -10 10 0 
-1 12 13 5 14 2 7 -3 6 -2 -8 6 11 4 6 10 -9 
7 11 14 3 -3 13 3 5 3 -6 8 6 -13 -2 2 13 9 
12 4 12 3 -11 8 13 4 8 10 -4 8 0 8 12 3 2 
9 14 9 -1 0 9 -7 -6 -13 6 6 -6 0 12 13 12 3 
60
8
12 1
11 16
13 4
6 11
12 3
6 2
0 15
5 7
2 15
3 0
1 12
8 5
2 13
8 14
14 1
9 9
20
10 11 15
3 2 13
9 2 8
4 11 16
4 16 15
4 1 9
10 3 15
5 9 15
7 6 10
2 3 12
4 5 15
11 14 13
5 14 8
10 5 16
10 0 15
10 15 9
4 13 15
9 7 15
7 10 10
12 13 12
18
0 3
10 13
13 10
9 4
11 4
2 5
13 9
1 16
11 15
14 13
4 3
1 6
5 12
3 12
12 11
1 7
13 0
3 1
