13 10
10 6 10 2 7 10 4 3 1 3 
9 6 -6 10 5 -7 10 8 0 3 
5 7 1 9 -6 9 -6 9 6 5 
8 -7 -5 4 2 6 -10 4 -8 10 
5 10 -4 5 1 7 -8 -1 -5 -4 
6 1 -2 6 1 2 1 -10 1 9 
9 0 3 0 1 1 0 3 0 9 
9 1 -10 1 2 1 6 -2 1 6 
-4 -5 -1 -8 7 1 5 -4 10 5 
10 -8 4 -10 6 2 4 -5 -7 8 
5 6 9 -6 9 -6 9 1 7 5 
3 0 8 10 -7 5 10 -6 6 9 
3 1 3 4 10 7 2 10 6 10 
46
5
4 5
7 1
9 3
11 6
6 2
8 4
5 8
3 6
1 3
6 7
16
8 3 16
2 8 10
9 0 10
6 4 10
6 0 15
1 8 8
10 5 10
0 2 8
4 6 16
10 1 10
3 9 10
6 5 10
6 9 15
11 1 8
2 4 10
12 7 8
12
2 6
6 1
10 4
9 2
10 6
12 1
10 3
6 8
2 5
3 7
2 3
0 8
