15 19
7 5 4 -4 -7 5 4 -5 5 0 -2 3 2 -5 2 2 5 5 6 
4 4 -7 -5 6 5 1 6 3 1 7 5 -6 6 -2 0 1 1 2 
6 4 1 2 -3 3 -2 -3 3 4 2 -6 4 6 2 5 0 -5 3 
2 5 5 5 7 2 7 4 0 -7 1 7 7 7 0 6 -3 1 1 
2 1 -1 -1 5 7 5 3 2 5 2 3 2 2 -4 5 5 -4 4 
5 6 1 -1 0 -1 7 1 2 4 6 2 2 2 -6 -7 -3 7 5 
6 -1 2 2 7 6 -1 3 0 1 -1 4 2 -7 7 1 3 7 2 
3 5 5 5 1 5 -4 6 4 7 4 6 -4 5 1 5 5 5 3 
2 7 3 1 7 -7 2 4 -1 1 0 3 -1 6 7 2 2 -1 6 
5 7 -3 -7 -6 2 2 2 6 4 2 1 7 -1 0 -1 1 6 5 
4 -4 5 5 -4 2 2 3 2 5 2 3 5 7 5 -1 -1 1 2 
1 1 -3 6 0 7 7 7 1 -7 0 4 7 2 7 5 5 5 2 
3 -5 0 5 2 6 4 -6 2 4 3 -3 -2 3 -3 2 1 4 6 
2 1 1 0 -2 6 -6 5 7 1 3 6 1 5 6 -5 -7 4 4 
6 5 5 2 2 -5 2 3 -2 0 5 -5 4 5 -7 -4 4 5 7 
45
2
9 6
0 1
5 12
14 17
18
8 6 12
14 18 12
13 3 14
3 0 9
7 11 11
13 15 12
8 10 14
0 3 14
12 16 11
6 12 12
0 0 12
1 15 14
11 18 9
7 7 11
1 3 12
6 8 14
14 15 14
2 2 11
18
5 16
7 13
7 16
14 11
5 9
0 15
2 1
8 7
7 17
9 2
7 5
7 2
0 7
9 9
14 3
12 17
6 11
7 1
