13 18
1 1 -16 7 12 5 15 6 -7 16 12 -4 13 11 14 3 0 9 
9 5 14 -1 3 1 12 -12 -8 15 14 14 13 -11 2 13 -3 6 
8 3 -15 13 6 4 0 0 15 14 0 7 -9 -1 -16 -14 4 12 
-4 3 5 8 6 16 16 3 14 7 7 5 7 5 7 9 11 1 
3 15 2 -13 11 -6 4 5 13 7 -1 -6 -12 9 3 14 10 -12 
5 3 1 10 15 1 -1 1 7 11 7 1 -14 14 16 -12 -7 1 
-10 13 7 7 8 -11 14 12 16 16 12 14 -11 8 7 7 13 -10 
1 -7 -12 16 14 -14 1 7 11 7 1 -1 1 15 10 1 3 5 
-12 10 14 3 9 -12 -6 -1 7 13 5 4 -6 11 -13 2 15 3 
1 11 9 7 5 7 5 7 7 14 3 16 16 6 8 5 3 -4 
12 4 -14 -16 -1 -9 7 0 14 15 0 0 4 6 13 -15 3 8 
6 -3 13 2 -11 13 14 14 15 -8 -12 12 1 3 -1 14 5 9 
9 0 3 14 11 13 -4 12 16 -7 6 15 5 12 7 -16 1 1 
55
8
1 16
8 16
6 9
7 1
8 13
5 7
2 4
11 16
11 1
4 1
6 8
5 16
4 4
7 10
10 13
1 1
16
8 10 9
8 1 14
12 16 16
10 0 12
4 2 11
7 16 13
9 10 14
2 13 14
4 7 9
4 16 14
0 1 16
2 17 12
8 15 11
5 1 13
3 7 14
10 4 14
14
8 4
1 4
0 6
8 14
10 9
1 11
0 2
4 13
11 13
12 11
4 3
2 8
11 6
12 15
