20 14
1 7 8 1 5 -10 -1 3 -6 8 5 -5 2 6 
-10 3 4 -6 -4 1 -8 3 -2 -6 9 10 1 8 
10 2 10 -10 1 1 -5 9 3 5 10 2 -5 1 
0 0 3 4 7 4 10 9 10 8 9 8 3 2 
1 6 4 4 9 9 10 -5 2 3 -3 5 7 -9 
-8 6 7 4 -4 5 -8 5 0 1 -6 -10 1 -7 
3 10 5 4 -1 2 8 -6 6 6 5 -8 -3 -1 
-10 4 5 2 10 9 5 7 0 9 7 1 2 1 
6 3 1 4 8 8 9 9 8 2 4 0 1 6 
0 7 3 7 6 -2 6 10 3 -1 0 2 8 6 
6 8 2 0 -1 3 10 6 -2 6 7 3 7 0 
6 1 0 4 2 8 9 9 8 8 4 1 3 6 
1 2 1 7 9 0 7 5 9 10 2 5 4 -10 
-1 -3 -8 5 6 6 -6 8 2 -1 4 5 10 3 
-7 1 -10 -6 1 0 5 -8 5 -4 4 7 6 -8 
-9 7 5 -3 3 2 -5 10 9 9 4 4 6 1 
2 3 8 9 8 10 9 10 4 7 4 3 0 0 
1 -5 2 10 5 3 9 -5 1 1 -10 10 2 10 
8 1 10 9 -6 -2 3 -8 1 -4 -6 4 3 -10 
6 2 -5 5 8 -6 3 -1 -10 5 1 8 7 1 
46
2
4 12
2 12
15 1
17 1
6
8 13 14
16 9 15
14 3 13
11 0 14
3 4 15
5 10 13
26
18 3
4 11
3 2
7 1
10 4
14 7
6 2
11 3
7 4
7 11
17 3
13 1
8 1
1 10
15 2
16 11
12 12
9 9
5 6
13 11
8 10
12 9
12 2
2 10
6 12
11 12
