20 20
2 2 -5 2 1 1 2 1 2 4 -2 5 4 3 3 -2 4 -4 0 3 
3 -2 5 1 4 1 1 5 3 -2 2 -3 1 5 3 3 4 -1 0 2 
4 1 -5 0 0 3 3 4 5 -4 1 5 -3 3 5 0 2 5 0 3 
0 1 2 5 1 3 2 5 5 1 -5 -2 4 2 1 1 4 4 -4 -2 
-3 -4 3 5 -2 3 1 2 3 -5 3 0 4 2 2 -4 3 1 3 4 
2 2 -5 -1 3 -4 -1 2 0 -4 1 5 3 -4 5 1 -1 0 -5 -4 
-4 1 1 1 -5 3 5 3 3 4 5 -5 1 -4 3 -1 -1 -4 3 2 
3 1 5 1 2 4 -4 5 0 2 3 3 0 0 2 4 -2 -4 2 2 
0 2 2 -5 1 1 0 -4 4 4 4 -2 4 2 1 4 5 -3 2 4 
3 4 4 5 1 1 1 2 1 5 1 3 5 4 -1 5 0 4 -2 4 
4 -2 4 0 5 -1 4 5 3 1 5 1 2 1 1 1 5 4 4 3 
4 2 -3 5 4 1 2 4 -2 4 4 4 -4 0 1 1 -5 2 2 0 
2 2 -4 -2 4 2 0 0 3 3 2 0 5 -4 4 2 1 5 1 3 
2 3 -4 -1 -1 3 -4 1 -5 5 4 3 3 5 3 -5 1 1 1 -4 
-4 -5 0 -1 1 5 -4 3 5 1 -4 0 2 -1 -4 3 -1 -5 2 2 
4 3 1 3 -4 2 2 4 0 3 -5 3 2 1 3 -2 5 3 -4 -3 
-2 -4 4 4 1 1 2 4 -2 -5 1 5 5 2 3 1 5 2 1 0 
3 0 5 2 0 5 3 -3 5 1 -4 5 4 3 3 0 0 -5 1 4 
2 0 -1 4 3 3 5 1 -3 2 -2 3 5 1 1 4 1 5 -2 3 
3 0 -4 4 -2 3 3 4 5 -2 4 2 1 2 1 1 2 -5 2 2 
41
5
4 1
16 14
7 6
18 1
10 16
15 18
3 5
12 13
1 18
9 3
10
8 11 10
19 8 11
2 4 13
0 4 14
15 5 9
11 8 10
0 11 11
17 15 13
19 15 14
4 14 9
0
