16 17
2 2 -2 1 -2 -2 2 3 1 1 3 -1 1 -1 -1 0 0 
1 0 1 2 3 3 1 1 -3 2 2 -3 -1 3 0 0 0 
1 -1 1 1 0 2 3 3 3 2 3 0 -2 -1 3 3 3 
-3 0 -1 1 2 3 2 1 2 3 2 3 2 3 3 1 2 
1 3 0 3 1 2 -1 1 1 2 2 1 -3 -2 -3 -2 -1 
1 2 -1 -1 2 1 2 2 3 1 0 1 2 2 1 2 3 
0 3 0 1 2 1 3 2 2 2 2 1 2 2 -1 2 0 
3 2 -2 0 1 2 1 1 2 0 2 0 1 -2 -1 1 -2 
-2 1 -1 -2 1 0 2 0 2 1 1 2 1 0 -2 2 3 
0 2 -1 2 2 1 2 2 2 2 3 1 2 1 0 3 0 
3 2 1 2 2 1 0 1 3 2 2 1 2 -1 -1 2 1 
-1 -2 -3 -2 -3 1 2 2 1 1 -1 2 1 3 0 3 1 
2 1 3 3 2 3 2 3 2 1 2 3 2 1 -1 0 -3 
3 3 3 -1 -2 0 3 2 3 3 3 2 0 1 1 -1 1 
0 0 0 3 -1 -3 2 2 -3 1 1 3 3 2 1 0 1 
0 0 -1 -1 1 -1 3 1 1 3 2 -2 -2 1 -2 2 2 
32
5
9 14
6 12
11 14
3 16
14 15
6 2
9 4
4 2
12 0
1 1
12
4 8 8
10 5 10
0 4 16
7 9 15
0 15 9
11 4 10
11 8 8
5 11 10
15 12 16
8 7 15
15 1 9
4 12 10
22
15 9
1 16
8 14
8 12
7 8
7 13
9 5
4 5
11 3
14 1
1 2
0 7
14 0
7 2
7 4
8 8
8 3
6 11
11 11
4 13
1 15
14 14
