20 20
1 3 5 8 3 -3 -10 4 8 10 3 6 -1 7 7 8 0 1 8 3 
3 2 3 -8 -1 9 5 2 4 -4 7 9 9 -10 7 4 3 2 -6 -10 
-7 3 -2 7 4 -3 -9 1 -7 -7 -3 -10 8 4 0 5 -1 -7 4 -10 
1 8 -1 9 -1 4 10 9 -3 2 8 2 3 9 -7 5 10 8 5 -4 
6 9 8 1 -4 10 -2 1 3 2 4 5 4 -4 10 -1 9 2 7 2 
4 -9 -10 4 1 -10 10 4 10 8 6 4 -6 6 -4 10 7 7 2 3 
5 0 6 -2 -6 9 4 -6 -4 -3 1 5 -1 7 -2 6 0 -10 8 1 
8 -10 6 5 3 8 4 -2 10 8 9 0 10 8 -10 5 8 -3 3 6 
6 -7 1 9 0 8 -7 -3 8 2 2 5 10 7 1 9 0 4 1 -9 
2 -4 7 -5 9 -4 8 -5 -4 2 10 9 7 9 9 7 -8 6 8 0 
0 8 6 -8 7 9 9 7 9 10 2 -4 -5 8 -4 9 -5 7 -4 2 
-9 1 4 0 9 1 7 10 5 2 2 8 -3 -7 8 0 9 1 -7 6 
6 3 -3 8 5 -10 8 10 0 9 8 10 -2 4 8 3 5 6 -10 8 
1 8 -10 0 6 -2 7 -1 5 1 -3 -4 -6 4 9 -6 -2 6 0 5 
3 2 7 7 10 -4 6 -6 4 6 8 10 4 10 -10 1 4 -10 -9 4 
2 7 2 9 -1 10 -4 4 5 4 2 3 1 -2 10 -4 1 8 9 6 
-4 5 8 10 5 -7 9 3 2 8 2 -3 9 10 4 -1 9 -1 8 1 
-10 4 -7 -1 5 0 4 8 -10 -3 -7 -7 1 -9 -3 4 7 -2 3 -7 
-10 -6 2 3 4 7 -10 9 9 7 -4 4 2 5 9 -1 -8 3 2 3 
3 8 1 0 8 7 7 -1 6 3 10 8 4 -10 -3 3 8 5 3 1 
58
7
16 10
15 2
17 18
14 8
9 16
7 8
8 12
3 9
4 17
2 1
5 11
10 3
12 11
11 7
16
11 18 15
7 15 10
16 4 12
14 19 15
18 11 10
0 8 8
10 1 10
3 19 15
8 1 15
12 4 10
3 15 12
5 0 15
1 8 10
19 11 8
9 18 10
16 0 15
0
