20 20
2 5 6 9 9 9 2 13 2 11 10 -13 0 11 12 9 -13 12 12 11 
12 -12 10 2 6 10 8 3 -1 -7 8 3 0 2 0 4 5 -9 13 12 
4 13 -7 11 2 -9 13 2 -6 2 -5 1 12 5 8 8 12 7 -7 0 
11 2 4 3 12 6 2 12 7 6 -4 -12 2 12 -13 13 5 2 8 1 
12 -4 10 12 2 6 -11 4 1 -9 10 5 7 -4 5 0 11 13 11 13 
5 -6 3 13 4 13 3 10 2 6 -12 13 -9 -3 -10 3 -3 5 10 7 
7 4 4 5 9 9 -1 -9 7 0 5 -10 -7 1 7 13 12 -11 11 5 
2 0 6 -12 10 5 -13 5 6 -1 4 12 -4 -2 -6 -9 7 0 11 11 
0 7 -2 5 12 7 13 10 8 3 4 8 2 10 -10 1 -13 7 11 8 
-6 8 6 1 6 11 2 8 2 8 -7 -4 -2 12 4 8 2 4 -8 12 
12 -8 4 2 8 4 12 -2 -4 -7 8 2 8 2 11 6 1 6 8 -6 
8 11 7 -13 1 -10 10 2 8 4 3 8 10 13 7 12 5 -2 7 0 
11 11 0 7 -9 -6 -2 -4 12 4 -1 6 5 -13 5 10 -12 6 0 2 
5 11 -11 12 13 7 1 -7 -10 5 0 7 -9 -1 9 9 5 4 4 7 
7 10 5 -3 3 -10 -3 -9 13 -12 6 2 10 3 13 4 13 3 -6 5 
13 11 13 11 0 5 -4 7 5 10 -9 1 4 -11 6 2 12 10 -4 12 
1 8 2 5 13 -13 12 2 -12 -4 6 7 12 2 6 12 3 4 2 11 
0 -7 7 12 8 8 5 12 1 -5 2 -6 2 13 -9 2 11 -7 13 4 
12 13 -9 5 4 0 2 0 3 8 -7 -1 3 8 10 6 2 10 -12 12 
11 12 12 -13 9 12 11 0 -13 10 11 2 13 2 9 9 9 6 5 2 
34
5
12 0
10 17
7 12
9 12
6 8
7 19
9 2
12 7
10 7
13 11
20
0 1 15
17 12 10
2 14 9
8 16 14
2 18 13
13 0 15
5 7 16
11 4 15
6 1 16
5 10 10
19 18 15
2 7 10
17 5 9
11 3 14
17 1 13
6 19 15
14 12 16
8 15 15
13 18 16
14 9 10
0
