16 11
-5 2 -6 -4 -5 0 -7 4 0 2 1 
-3 10 7 1 9 9 9 -7 7 3 1 
-4 7 -4 10 3 9 2 3 -6 -9 5 
2 1 9 8 10 -10 2 2 5 10 5 
9 3 8 1 3 5 0 1 -5 9 9 
2 10 9 10 -5 0 -1 6 3 1 -4 
7 8 -4 9 1 9 7 0 1 7 -5 
8 7 9 -9 1 4 3 4 7 -2 10 
10 -2 7 4 3 4 1 -9 9 7 8 
-5 7 1 0 7 9 1 9 -4 8 7 
-4 1 3 6 -1 0 -5 10 9 10 2 
9 9 -5 1 0 5 3 1 8 3 9 
5 10 5 2 2 -10 10 8 9 1 2 
5 -9 -6 3 2 9 3 10 -4 7 -4 
1 3 7 -7 9 9 9 1 7 10 -3 
1 2 0 4 -7 0 -5 -4 -6 2 -5 
55
3
6 9
0 5
15 1
9 1
15 5
0 9
16
7 4 13
3 7 16
15 10 10
15 0 15
3 8 9
6 5 13
4 3 10
10 7 15
8 6 13
12 3 16
0 0 10
0 10 15
12 2 9
9 5 13
11 7 10
5 3 15
16
2 9
1 3
8 7
7 9
13 9
14 5
1 9
5 7
13 1
14 7
7 3
8 1
2 1
1 5
14 1
10 3
