20 19
5 2 9 -9 13 -8 14 14 5 -4 -3 -11 6 7 -9 7 -6 0 5 
-8 8 8 -6 -13 -5 4 -2 13 -11 5 13 9 3 2 2 2 -2 10 
1 2 14 -6 -5 10 3 4 -14 10 -8 -13 6 3 3 8 7 1 9 
11 0 10 3 -6 -4 -11 0 12 2 -11 2 -8 -9 -10 5 11 4 11 
3 12 4 3 -13 13 3 12 -12 -10 -7 2 3 13 8 8 7 3 -1 
-9 6 7 -4 11 3 8 -1 12 10 3 1 -6 2 -14 12 -11 4 -13 
8 5 11 -8 10 8 -2 10 7 -5 11 4 8 -7 -14 10 -3 7 -3 
5 1 -8 1 11 9 6 3 -11 7 -8 4 3 5 -6 2 -2 9 0 
-7 3 -3 0 9 3 0 2 4 10 6 13 9 -2 1 4 3 9 13 
-10 -10 1 4 10 -14 12 6 10 2 12 12 -3 10 -5 12 8 -13 3 
3 -13 8 12 -5 10 -3 12 12 2 10 6 12 -14 10 4 1 -10 -10 
13 9 3 4 1 -2 9 13 6 10 4 2 0 3 9 0 -3 3 -7 
0 9 -2 2 -6 5 3 4 -8 7 -11 3 6 9 11 1 -8 1 5 
-3 7 -3 10 -14 -7 8 4 11 -5 7 10 -2 8 10 -8 11 5 8 
-13 4 -11 12 -14 2 -6 1 3 10 12 -1 8 3 11 -4 7 6 -9 
-1 3 7 8 8 13 3 2 -7 -10 -12 12 3 13 -13 3 4 12 3 
11 4 11 5 -10 -9 -8 2 -11 2 12 0 -11 -4 -6 3 10 0 11 
9 1 7 8 3 3 6 -13 -8 10 -14 4 3 10 -5 -6 14 2 1 
10 -2 2 2 2 3 9 13 5 -11 13 -2 4 -5 -13 -6 8 8 -8 
5 0 -6 7 -9 7 6 -11 -3 -4 5 14 14 -8 13 -9 9 2 5 
57
2
17 15
19 15
2 3
0 3
16
10 6 15
4 14 15
6 3 13
2 12 10
15 8 12
19 8 15
5 14 16
19 17 14
9 12 15
15 4 15
13 15 13
17 6 10
4 10 12
0 10 15
14 4 16
0 1 14
28
16 15
18 7
17 11
2 18
17 14
16 1
8 3
6 2
17 4
12 9
11 14
17 1
5 6
3 5
3 3
1 11
2 7
17 0
2 4
3 17
11 15
13 16
2 14
7 9
8 4
2 17
14 12
16 13
