19 11
1 0 1 0 -3 4 4 3 3 -1 4 
1 3 4 -4 -4 -4 1 1 2 2 1 
3 4 -1 4 0 2 0 3 0 4 3 
-5 -3 2 4 5 2 -4 -3 3 2 2 
0 5 0 5 2 3 2 4 2 0 1 
-4 2 -5 -5 4 -3 5 4 3 -1 2 
-2 2 1 -1 0 -4 -2 4 4 1 -5 
4 4 5 -2 0 -4 3 3 1 3 4 
3 3 5 2 4 -3 3 4 1 3 1 
-3 4 4 0 -3 1 -3 0 4 4 -3 
1 3 1 4 3 -3 4 2 5 3 3 
4 3 1 3 3 -4 0 -2 5 4 4 
-5 1 4 4 -2 -4 0 -1 1 2 -2 
2 -1 3 4 5 -3 4 -5 -5 2 -4 
1 0 2 4 2 3 2 5 0 5 0 
2 2 3 -3 -4 2 5 4 2 -3 -5 
3 4 0 3 0 2 0 4 -1 4 3 
1 2 2 1 1 -4 -4 -4 4 3 1 
4 -1 3 3 4 4 -3 0 1 0 1 
31
5
5 6
3 10
2 6
10 6
3 6
13 4
15 0
16 4
8 4
15 4
12
16 10 10
17 7 15
7 0 12
8 6 12
6 8 8
5 10 11
2 0 10
1 3 15
11 10 12
10 4 12
12 2 8
13 0 11
18
4 9
9 4
17 2
10 0
0 1
1 7
17 5
15 10
18 8
14 1
9 6
1 8
8 10
18 9
17 3
1 5
3 0
0 2
