18 19
1 2 3 4 4 0 4 4 2 -4 4 4 2 0 -2 4 -1 1 1 
0 0 -3 3 -2 3 0 0 3 3 2 3 -3 1 2 4 2 0 -1 
-1 4 1 2 2 4 3 1 -1 4 3 1 -1 3 -2 1 -3 4 2 
1 3 3 4 4 3 3 2 -1 2 3 2 4 2 3 -4 -4 3 -4 
4 3 4 0 2 -2 2 3 4 2 -3 2 4 2 -4 -3 -2 -4 2 
-2 1 -4 1 0 4 2 1 0 -3 1 2 3 4 0 3 2 3 -2 
2 0 1 0 2 -3 1 1 -1 2 0 -1 1 -3 -2 3 2 0 -1 
2 3 3 -4 0 4 3 4 1 2 3 -4 0 2 4 -2 4 3 3 
4 2 1 -2 4 1 -4 4 4 4 1 0 -4 -3 4 3 1 4 1 
1 4 1 3 4 -3 -4 0 1 4 4 4 -4 1 4 -2 1 2 4 
3 3 4 -2 4 2 0 -4 3 2 1 4 3 4 0 -4 3 3 2 
-1 0 2 3 -2 -3 1 -1 0 2 -1 1 1 -3 2 0 1 0 2 
-2 3 2 3 0 4 3 2 1 -3 0 1 2 4 0 1 -4 1 -2 
2 -4 -2 -3 -4 2 4 2 -3 2 4 3 2 -2 2 0 4 3 4 
-4 3 -4 -4 3 2 4 2 3 2 -1 2 3 3 4 4 3 3 1 
2 4 -3 1 -2 3 -1 1 3 4 -1 1 3 4 2 2 1 4 -1 
-1 0 2 4 2 1 -3 3 2 3 3 0 0 3 -2 3 -3 0 0 
1 1 -1 4 -2 0 2 4 4 -4 2 4 4 0 4 4 3 2 1 
60
6
1 6
16 15
1 12
14 18
7 17
3 10
16 12
1 3
16 6
3 0
10 1
14 8
10
8 17 13
16 10 16
16 9 15
3 4 14
13 4 16
9 1 13
1 8 16
1 9 15
14 14 14
4 14 16
30
12 14
4 15
11 0
8 7
15 4
4 11
5 14
0 11
17 14
9 6
7 11
8 1
0 17
4 3
4 6
5 4
13 3
6 18
9 11
2 14
13 7
12 4
17 7
0 4
8 12
10 7
9 17
17 1
13 15
13 12
