11 19
-8 9 7 0 0 7 7 1 -12 0 2 4 -3 8 6 1 12 5 2 
6 7 8 8 4 7 6 12 11 -11 8 10 4 -12 3 6 7 2 0 
11 3 -6 6 6 9 9 4 1 3 8 7 5 10 -3 6 6 -1 2 
2 11 7 8 8 -10 10 5 -5 -2 12 10 -1 7 6 8 7 12 10 
4 3 3 11 1 12 8 9 -10 -2 12 1 0 -6 7 -3 3 2 4 
-7 5 9 0 8 3 9 6 8 -2 8 6 9 3 8 0 9 5 -7 
4 2 3 -3 7 -6 0 1 12 -2 -10 9 8 12 1 11 3 3 4 
10 12 7 8 6 7 -1 10 12 -2 -5 5 10 -10 8 8 7 11 2 
2 -1 6 6 -3 10 5 7 8 3 1 4 9 9 6 6 -6 3 11 
0 2 7 6 3 -12 4 10 8 -11 11 12 6 7 4 8 8 7 6 
2 5 12 1 6 8 -3 4 2 0 -12 1 7 7 0 0 7 9 -8 
45
2
10 12
0 12
0 6
10 6
6
5 3 11
6 8 14
4 0 8
5 15 11
4 10 14
6 18 8
20
9 13
10 14
5 8
1 0
0 8
5 17
3 0
8 6
4 13
2 0
1 5
0 4
5 10
9 18
10 10
5 1
7 18
2 12
6 5
8 18
