16 13
7 5 0 9 -5 5 4 8 10 0 14 8 -1 
10 14 9 15 16 7 9 -3 10 18 6 16 -1 
1 9 16 13 17 16 10 -6 -6 5 14 6 -3 
-4 1 7 14 10 -13 6 16 -9 -4 -11 18 17 
16 6 -2 -17 16 -1 18 -12 17 -3 5 9 11 
13 2 1 10 6 15 17 -5 0 -1 9 1 14 
16 2 9 15 13 15 -14 5 13 9 15 -9 13 
-5 5 18 16 -11 1 6 11 2 -11 14 1 3 
3 1 14 -11 2 11 6 1 -11 16 18 5 -5 
13 -9 15 9 13 5 -14 15 13 15 9 2 16 
14 1 9 -1 0 -5 17 15 6 10 1 2 13 
11 9 5 -3 17 -12 18 -1 16 -17 -2 6 16 
17 18 -11 -4 -9 16 6 -13 10 14 7 1 -4 
-3 6 14 5 -6 -6 10 16 17 13 16 9 1 
-1 16 6 18 10 -3 9 7 16 15 9 14 10 
-1 8 14 0 10 8 4 5 -5 9 0 5 7 
50
4
1 2
6 9
3 7
10 11
14 10
9 3
12 5
5 1
12
5 7 15
5 2 12
3 0 9
13 6 8
14 11 13
13 10 16
10 5 15
10 10 12
12 12 9
2 6 8
1 1 13
2 2 16
14
9 4
4 6
6 0
12 11
11 1
5 0
0 1
6 8
11 6
9 12
3 1
4 11
10 12
15 11
