19 17
0 3 1 -1 0 -2 3 -2 2 -1 1 -3 2 1 -1 3 3 
1 0 0 1 2 3 0 1 -3 3 2 1 -2 1 3 3 3 
0 0 2 -1 1 -3 1 1 3 -1 -3 2 -3 -1 3 -1 2 
-1 2 3 -3 3 -3 2 -1 2 2 1 0 3 -1 2 2 0 
-1 1 2 1 1 3 0 -1 2 -2 2 3 0 1 -2 2 -3 
1 2 2 2 1 1 0 2 3 1 1 1 3 -1 2 -2 3 
3 1 2 -2 -3 1 -2 0 1 0 3 0 1 3 2 -1 3 
0 1 3 3 2 2 0 2 -2 0 0 1 2 3 1 0 1 
2 2 -2 2 2 -1 3 3 -2 -2 -2 -3 1 2 2 -1 3 
1 0 3 1 1 2 -1 1 1 1 -1 2 1 1 3 0 1 
3 -1 2 2 1 -3 -2 -2 -2 3 3 -1 2 2 -2 2 2 
1 0 1 3 2 1 0 0 -2 2 0 2 2 3 3 1 0 
3 -1 2 3 1 0 3 0 1 0 -2 1 -3 -2 2 1 3 
3 -2 2 -1 3 1 1 1 3 2 0 1 1 2 2 2 1 
-3 2 -2 1 0 3 2 -2 2 -1 0 3 1 1 2 1 -1 
0 2 2 -1 3 0 1 2 2 -1 2 -3 3 -3 3 2 -1 
2 -1 3 -1 -3 2 -3 -1 3 1 1 -3 1 -1 2 0 0 
3 3 3 1 -2 1 2 3 -3 1 0 3 2 1 0 0 1 
3 3 -1 1 2 -3 1 -1 2 -2 3 -2 0 -1 1 3 0 
41
3
13 6
17 11
1 7
5 10
1 5
17 9
10
8 13 11
18 15 12
1 8 10
10 8 9
1 4 12
10 3 11
0 1 12
17 8 10
8 8 9
17 12 12
32
14 7
2 10
18 6
14 9
11 6
7 0
3 11
5 15
5 13
6 9
3 8
15 11
6 3
15 16
0 6
8 5
4 9
16 6
0 10
4 7
7 10
11 16
15 5
13 1
13 3
12 7
15 8
3 5
12 13
3 0
18 10
10 11
