16 18
3 2 1 5 9 -4 1 4 6 7 3 10 7 3 5 -2 6 3 
-4 0 3 5 10 4 -7 9 -7 9 6 1 10 1 10 -4 -7 5 
10 4 1 -9 0 -2 -7 -10 -7 9 10 7 5 5 10 7 -1 3 
5 -4 10 8 0 1 4 5 -6 0 6 7 -8 0 2 7 4 10 
1 8 10 2 2 2 -2 10 5 7 3 -4 7 -10 8 4 8 10 
5 2 4 9 2 2 -4 -4 5 -8 -4 2 0 2 6 5 -9 5 
2 -9 2 2 -8 7 1 10 -6 10 9 -4 8 4 7 -2 5 7 
7 -1 -4 6 1 10 8 -1 10 8 0 -1 9 6 9 1 -10 9 
9 -10 1 9 6 9 -1 0 8 10 -1 8 10 1 6 -4 -1 7 
7 5 -2 7 4 8 -4 9 10 -6 10 1 7 -8 2 2 -9 2 
5 -9 5 6 2 0 2 -4 -8 5 -4 -4 2 2 9 4 2 5 
10 8 4 8 -10 7 -4 3 7 5 10 -2 2 2 2 10 8 1 
10 4 7 2 0 -8 7 6 0 -6 5 4 1 0 8 10 -4 5 
3 -1 7 10 5 5 7 10 9 -7 -10 -7 -2 0 -9 1 4 10 
5 -7 -4 10 1 10 1 6 9 -7 9 -7 4 10 5 3 0 -4 
3 6 -2 5 3 7 10 3 7 6 4 1 -4 9 5 1 2 3 
53
4
1 7
6 7
5 16
11 6
14 10
9 10
10 1
4 11
10
0 6 12
10 14 16
12 10 9
6 3 9
8 15 15
15 11 12
5 3 16
3 7 9
9 14 9
7 2 15
18
9 5
6 5
3 10
3 11
15 14
1 11
5 14
13 5
13 16
6 12
9 12
12 7
12 6
0 3
14 6
10 3
2 12
2 1
