18 12
21 21 5 11 22 0 2 21 8 -19 8 -13 
7 13 14 -10 -18 15 16 6 -3 0 11 19 
20 16 14 11 5 -8 10 -1 15 10 10 8 
21 16 12 9 -9 -19 5 6 -13 16 7 19 
22 -19 -7 1 -18 18 1 0 19 0 2 -5 
19 20 -11 11 -8 5 18 19 -2 8 9 7 
-5 3 18 -4 15 10 8 -19 -10 14 -1 22 
-18 13 -20 -22 -21 -1 4 11 16 22 -22 -13 
5 15 19 21 7 -2 -20 22 19 2 2 -15 
-15 2 2 19 22 -20 -2 7 21 19 15 5 
-13 -22 22 16 11 4 -1 -21 -22 -20 13 -18 
22 -1 14 -10 -19 8 10 15 -4 18 3 -5 
7 9 8 -2 19 18 5 -8 11 -11 20 19 
-5 2 0 19 0 1 18 -18 1 -7 -19 22 
19 7 16 -13 6 5 -19 -9 9 12 16 21 
8 10 10 15 -1 10 -8 5 11 14 16 20 
19 11 0 -3 6 16 15 -18 -10 14 13 7 
-13 8 -19 8 21 2 0 22 11 5 21 21 
54
8
0 8
12 7
3 4
3 7
14 9
13 1
7 8
17 6
17 3
5 4
14 7
14 4
3 2
4 10
10 3
0 5
14
12 3 12
15 6 9
9 2 16
16 0 13
0 10 12
10 5 14
16 5 10
5 8 12
2 5 9
8 9 16
1 11 13
17 1 12
7 6 14
1 6 10
20
9 11
15 2
1 8
9 5
10 9
14 0
16 11
14 2
2 10
12 11
8 0
2 9
16 3
8 6
7 2
3 11
1 0
3 9
15 1
5 0
