12 10
4 5 -5 3 6 -6 -4 5 3 -4 
2 15 -7 12 17 18 14 13 13 16 
18 0 2 -16 -14 11 17 7 -8 11 
10 13 -18 10 3 18 -10 13 7 3 
11 -8 13 10 13 4 3 13 17 6 
15 18 1 5 1 -13 3 11 10 -10 
-10 10 11 3 -13 1 5 1 18 15 
6 17 13 3 4 13 10 13 -8 11 
3 7 13 -10 18 3 10 -18 13 10 
11 -8 7 17 11 -14 -16 2 0 18 
16 13 13 14 18 17 12 -7 15 2 
-4 3 5 -4 -6 6 3 -5 5 4 
47
2
2 9
0 6
9 0
11 3
18
0 4 13
3 9 11
1 9 11
3 1 10
8 5 10
5 3 16
7 4 9
10 9 8
10 6 15
11 5 13
8 0 11
10 0 11
8 8 10
3 4 10
6 6 16
4 5 9
1 0 8
1 3 15
12
5 9
11 7
7 9
11 2
4 8
8 3
6 0
0 2
4 0
0 7
7 1
3 6
