17 17
-4 -11 3 2 2 5 -9 2 5 -4 -4 -2 1 -3 2 1 8 
11 0 -8 -10 -12 12 5 11 4 4 9 0 -1 7 7 6 3 
7 3 6 -7 4 2 4 2 12 9 12 10 1 10 10 6 -6 
9 12 10 12 4 4 6 8 6 10 4 10 8 6 0 9 -3 
-2 3 2 -10 -9 8 4 0 -1 -11 -12 9 9 2 5 8 11 
-4 -11 -8 1 9 1 7 4 9 11 10 11 1 7 7 -2 -11 
-6 2 2 6 10 7 7 10 -10 7 6 5 -4 -5 6 3 8 
-8 -9 8 8 12 12 8 3 -4 4 1 12 9 0 10 7 4 
0 0 10 -11 5 2 4 8 9 8 4 2 5 -11 10 0 0 
4 7 10 0 9 12 1 4 -4 3 8 12 12 8 8 -9 -8 
8 3 6 -5 -4 5 6 7 -10 10 7 7 10 6 2 2 -6 
-11 -2 7 7 1 11 10 11 9 4 7 1 9 1 -8 -11 -4 
11 8 5 2 9 9 -12 -11 -1 0 4 8 -9 -10 2 3 -2 
-3 9 0 6 8 10 4 10 6 8 6 4 4 12 10 12 9 
-6 6 10 10 1 10 12 9 12 2 4 2 4 -7 6 3 7 
3 6 7 7 -1 0 9 4 4 11 5 12 -12 -10 -8 0 11 
8 1 2 -3 1 -2 -4 -4 5 2 -9 5 2 2 3 -11 -4 
50
2
15 9
13 1
1 7
3 15
8
14 3 12
0 11 10
1 2 13
13 15 16
2 13 12
16 5 10
15 14 13
3 1 16
20
14 1
1 5
14 0
7 5
8 2
13 14
11 6
0 8
12 0
8 15
2 15
15 11
2 16
9 11
8 14
3 2
5 10
16 8
4 16
8 1
