20 16
13 5 9 5 2 12 -15 -15 3 5 12 16 8 12 6 5 
4 2 -14 2 12 13 15 3 8 4 10 15 15 -3 -5 3 
5 3 13 -15 15 11 1 -7 -7 4 0 5 -2 0 6 7 
6 11 15 13 16 3 3 15 11 -11 11 6 5 2 12 -10 
2 2 15 12 -10 14 11 10 6 3 11 -2 -16 4 7 -13 
11 15 16 2 14 -14 11 7 2 10 -8 10 7 10 4 4 
14 12 -2 15 0 13 14 3 4 16 0 -10 0 4 4 -10 
-4 -14 -11 8 7 11 6 11 -16 13 2 15 4 12 3 12 
0 3 10 12 12 15 12 8 -4 11 0 14 -12 16 -5 0 
16 -5 -13 3 12 6 14 5 16 15 13 11 8 10 11 2 
2 11 10 8 11 13 15 16 5 14 6 12 3 -13 -5 16 
0 -5 16 -12 14 0 11 -4 8 12 15 12 12 10 3 0 
12 3 12 4 15 2 13 -16 11 6 11 7 8 -11 -14 -4 
-10 4 4 0 -10 0 16 4 3 14 13 0 15 -2 12 14 
4 4 10 7 10 -8 10 2 7 11 -14 14 2 16 15 11 
-13 7 4 -16 -2 11 3 6 10 11 14 -10 12 15 2 2 
-10 12 2 5 6 11 -11 11 15 3 3 16 13 15 11 6 
7 6 0 -2 5 0 4 -7 -7 1 11 15 -15 13 3 5 
3 -5 -3 15 15 10 4 8 3 15 13 12 2 -14 2 4 
5 6 12 8 16 12 5 3 -15 -15 12 2 5 9 5 13 
31
5
19 9
10 5
1 4
13 0
8 9
0 6
9 10
18 11
6 15
11 6
6
17 6 15
7 3 14
11 12 8
2 9 15
12 12 14
8 3 8
32
10 0
15 3
18 2
12 6
4 8
16 5
5 10
9 13
7 1
6 12
10 6
19 11
10 8
10 7
17 0
5 4
9 15
4 12
1 13
7 9
15 7
3 10
14 5
10 2
12 14
13 3
9 9
0 4
9 7
9 8
2 15
14 11
