13 19
-19 11 12 2 -2 11 17 12 18 0 -6 3 18 2 -5 12 -1 4 -7 
-7 -11 -9 4 14 6 12 3 10 10 6 6 17 19 2 1 18 -4 -1 
9 6 -19 1 13 4 4 3 19 4 16 13 -2 -17 10 -2 0 -7 -9 
2 16 -2 11 -9 13 13 2 11 12 -14 -12 -11 18 -4 -4 2 2 17 
14 6 11 -2 14 -13 3 13 0 1 13 11 19 -3 13 5 19 4 -5 
14 -9 4 -1 1 1 3 -7 15 15 -3 2 -9 19 3 -4 14 -18 10 
11 8 14 1 5 -15 12 7 -16 3 -16 7 12 -15 5 1 14 8 11 
10 -18 14 -4 3 19 -9 2 -3 15 15 -7 3 1 1 -1 4 -9 14 
-5 4 19 5 13 -3 19 11 13 1 0 13 3 -13 14 -2 11 6 14 
17 2 2 -4 -4 18 -11 -12 -14 12 11 2 13 13 -9 11 -2 16 2 
-9 -7 0 -2 10 -17 -2 13 16 4 19 3 4 4 13 1 -19 6 9 
-1 -4 18 1 2 19 17 6 6 10 10 3 12 6 14 4 -9 -11 -7 
-7 4 -1 12 -5 2 18 3 -6 0 18 12 17 11 -2 2 12 11 -19 
35
2
4 10
5 9
8 8
7 9
18
9 11 15
2 13 14
4 7 14
2 6 16
11 1 16
9 17 13
5 0 13
0 3 15
9 0 10
3 7 15
10 5 14
8 11 14
10 12 16
1 17 16
3 1 13
7 18 13
12 15 15
3 18 10
18
1 18
1 15
6 15
4 1
2 8
9 13
9 12
7 13
0 12
11 0
11 3
6 3
8 17
10 10
3 5
3 6
5 5
12 6
