17 13
3 1 2 3 -1 3 -1 -3 1 -2 -2 0 2 
3 0 3 -3 2 2 1 2 -3 -2 0 1 0 
0 3 -1 2 1 0 -1 1 1 1 0 0 2 
3 0 -2 0 1 -3 -2 3 2 3 0 1 1 
3 0 1 -3 2 2 3 -3 2 -2 3 1 2 
0 3 3 2 2 2 3 1 1 1 -2 1 1 
-2 0 3 2 2 2 3 1 1 3 -2 3 -1 
0 2 -2 2 -2 3 1 0 -3 3 3 1 3 
0 2 1 2 3 0 1 0 3 2 1 2 0 
3 1 3 3 -3 0 1 3 -2 2 -2 2 0 
-1 3 -2 3 1 1 3 2 2 2 3 0 -2 
1 1 -2 1 1 1 3 2 2 2 3 3 0 
2 1 3 -2 2 -3 3 2 2 -3 1 0 3 
1 1 0 3 2 3 -2 -3 1 0 -2 0 3 
2 0 0 1 1 1 -1 0 1 2 -1 3 0 
0 1 0 -2 -3 2 1 2 2 -3 3 0 3 
2 0 -2 -2 1 -3 -1 3 -1 3 2 1 3 
43
5
2 11
4 1
12 2
6 10
15 6
14 1
12 11
4 10
10 2
1 6
16
13 8 10
6 2 13
6 4 15
14 12 12
13 3 14
14 7 12
5 9 13
5 0 15
3 4 10
10 10 13
10 8 15
2 0 12
3 9 14
2 5 12
11 3 13
11 12 15
18
13 9
0 4
12 4
8 2
6 1
16 0
7 6
1 4
6 0
3 3
16 8
4 8
8 10
10 11
0 12
9 6
15 8
10 12
