12 20
9 7 0 0 2 5 6 9 3 -5 9 2 8 -9 1 2 0 3 -4 -8 
3 -5 -8 6 4 2 9 0 0 -5 -7 7 7 -5 3 4 6 -7 2 9 
1 -3 8 1 1 7 -9 3 8 2 8 7 9 7 -8 -5 8 2 9 6 
3 -1 7 2 1 2 7 2 -9 3 7 8 2 6 6 6 -4 6 1 2 
6 2 9 -9 -8 9 3 7 3 4 5 9 -5 6 1 1 5 8 -9 -4 
-3 9 8 8 3 5 7 1 1 6 1 -9 9 1 5 8 8 5 -8 7 
7 -8 5 8 8 5 1 9 -9 1 6 1 1 7 5 3 8 8 9 -3 
-4 -9 8 5 1 1 6 -5 9 5 4 3 7 3 9 -8 -9 9 2 6 
2 1 6 -4 6 6 6 2 8 7 3 -9 2 7 2 1 2 7 -1 3 
6 9 2 8 -5 -8 7 9 7 8 2 8 3 -9 7 1 1 8 -3 1 
9 2 -7 6 4 3 -5 7 7 -7 -5 0 0 9 2 4 6 -8 -5 3 
-8 -4 3 0 2 1 -9 8 2 9 -5 3 9 6 5 2 0 0 7 9 
37
7
11 2
11 19
7 6
4 14
4 18
9 15
7 2
0 17
0 0
4 13
7 5
7 1
2 4
4 17
6
3 2 12
9 8 13
4 3 10
8 17 12
2 11 13
7 16 10
16
2 7
10 18
0 12
3 15
10 7
7 10
6 1
4 11
9 12
1 1
11 7
8 4
1 12
4 9
5 18
7 8
