20 20
4 2 -1 3 -3 3 0 1 0 1 2 0 5 4 3 0 4 5 2 2 
-3 2 1 3 0 1 3 3 4 4 2 -2 0 -2 4 5 4 1 2 1 
-5 1 3 3 2 4 2 2 1 1 2 5 -5 3 -3 3 -1 0 -2 1 
4 3 -1 3 1 0 -4 2 5 5 2 2 -1 4 -3 4 0 1 -1 2 
3 3 -1 0 3 3 -2 2 2 2 4 3 0 -1 2 5 -4 5 -3 2 
2 3 5 -3 3 2 -1 1 2 1 5 -5 -1 5 -2 1 -2 5 5 2 
5 1 4 2 -4 2 5 4 3 4 3 0 1 3 -1 4 4 5 1 -2 
-4 5 0 1 0 1 1 3 3 3 2 -2 5 3 4 4 5 0 3 1 
5 2 4 1 2 3 3 1 2 1 0 1 3 1 3 3 2 0 5 0 
1 5 4 3 4 0 4 5 -3 1 3 -3 2 -5 -2 5 1 0 3 4 
4 3 0 1 5 -2 -5 2 -3 3 1 -3 5 4 0 4 3 4 5 1 
0 5 0 2 3 3 1 3 1 0 1 2 1 3 3 2 1 4 2 5 
1 3 0 5 4 4 3 5 -2 2 3 3 3 1 1 0 1 0 5 -4 
-2 1 5 4 4 -1 3 1 0 3 4 3 4 5 2 -4 2 4 1 5 
2 5 5 -2 1 -2 5 -1 -5 5 1 2 1 -1 2 3 -3 5 3 2 
2 -3 5 -4 5 2 -1 0 3 4 2 2 2 -2 3 3 0 -1 3 3 
2 -1 1 0 4 -3 4 -1 2 2 5 5 2 -4 0 1 3 -1 3 4 
1 -2 0 -1 3 -3 3 -5 5 2 1 1 2 2 4 2 3 3 1 -5 
1 2 1 4 5 4 -2 0 -2 2 4 4 3 3 1 0 3 1 2 -3 
2 2 5 4 0 3 4 5 0 2 1 0 1 0 3 -3 3 -1 2 4 
38
3
2 9
3 12
18 1
17 10
16 7
1 18
12
2 14 10
2 10 14
7 3 16
15 18 13
16 9 10
4 10 9
17 5 10
17 9 14
12 16 16
4 1 13
3 10 10
15 9 9
0
