20 20
-8 -12 8 5 7 11 4 -12 -1 -5 11 2 7 -4 11 4 6 -11 6 -8 
12 10 9 2 -6 -2 2 12 6 8 6 2 -5 7 -8 0 4 -4 8 -7 
2 11 -2 9 7 1 6 2 10 0 4 -4 3 7 5 10 4 -11 7 -7 
8 -1 7 0 1 4 3 1 1 4 11 8 1 12 -9 4 8 0 -4 -4 
8 9 8 3 1 8 2 -11 5 9 4 -2 9 9 4 3 4 -2 12 4 
-2 11 6 2 2 2 12 6 0 10 12 -11 0 -10 11 12 2 5 -1 3 
7 6 12 5 9 0 11 0 11 4 6 5 6 3 4 9 9 12 -11 8 
5 4 3 -6 9 6 -10 3 0 9 8 11 6 -11 -11 11 8 6 8 10 
7 4 10 -11 -10 8 -8 1 8 -3 2 -6 12 7 6 -11 -11 4 2 -9 
10 1 4 -9 7 9 4 -3 10 7 -12 10 8 0 0 10 9 -4 3 2 
2 3 -4 9 10 0 0 8 10 -12 7 10 -3 4 9 7 -9 4 1 10 
-9 2 4 -11 -11 6 7 12 -6 2 -3 8 1 -8 8 -10 -11 10 4 7 
10 8 6 8 11 -11 -11 6 11 8 9 0 3 -10 6 9 -6 3 4 5 
8 -11 12 9 9 4 3 6 5 6 4 11 0 11 0 9 5 12 6 7 
3 -1 5 2 12 11 -10 0 -11 12 10 0 6 12 2 2 2 6 11 -2 
4 12 -2 4 3 4 9 9 -2 4 9 5 -11 2 8 1 3 8 9 8 
-4 -4 0 8 4 -9 12 1 8 11 4 1 1 3 4 1 0 7 -1 8 
-7 7 -11 4 10 5 7 3 -4 4 0 10 2 6 1 7 9 -2 11 2 
-7 8 -4 4 0 -8 7 -5 2 6 8 6 12 2 -2 -6 2 9 10 12 
-8 6 -11 6 4 11 -4 7 2 11 -5 -1 -12 4 11 7 5 8 -12 -8 
49
8
19 1
16 12
11 3
16 13
11 8
3 10
4 16
6 17
0 18
3 7
8 16
3 6
8 11
16 9
15 3
13 2
8
2 15 9
2 8 13
11 7 12
14 0 15
17 4 9
17 11 13
8 12 12
5 19 15
0
