15 20
-4 11 11 12 6 12 -2 6 13 11 0 -11 2 -11 9 0 4 -9 -7 -13 
-3 5 12 10 13 -13 3 10 0 0 8 4 3 6 12 -12 3 1 13 -1 
-13 8 -8 7 -4 -6 4 -8 13 -13 13 10 9 -10 -13 2 3 3 5 4 
11 11 9 10 8 4 6 2 -13 9 3 8 9 11 -8 -3 11 13 4 8 
4 8 4 10 7 9 -4 5 9 0 3 4 5 7 -11 3 -13 -4 7 7 
10 4 1 10 -11 13 -4 4 2 9 -10 -12 7 3 12 9 -6 -2 -12 13 
-2 7 -4 12 3 1 10 9 12 4 -1 5 7 9 9 -12 12 4 4 -2 
-4 7 9 8 4 -3 3 5 12 -4 -4 12 5 3 -3 4 8 9 7 -4 
-2 4 4 12 -12 9 9 7 5 -1 4 12 9 10 1 3 12 -4 7 -2 
13 -12 -2 -6 9 12 3 7 -12 -10 9 2 4 -4 13 -11 10 1 4 10 
7 7 -4 -13 3 -11 7 5 4 3 0 9 5 -4 9 7 10 4 8 4 
8 4 13 11 -3 -8 11 9 8 3 9 -13 2 6 4 8 10 9 11 11 
4 5 3 3 2 -13 -10 9 10 13 -13 13 -8 4 -6 -4 7 -8 8 -13 
-1 13 1 3 -12 12 6 3 4 8 0 0 10 3 -13 13 10 12 5 -3 
-13 -7 -9 4 0 9 -11 2 -11 0 11 13 6 -2 12 6 12 11 11 -4 
60
4
7 2
10 8
10 9
5 9
7 17
4 11
4 10
9 10
8
14 8 13
8 1 9
10 3 16
14 0 14
0 11 13
6 18 9
4 16 16
0 19 14
20
12 13
6 9
0 7
6 13
13 0
4 6
6 4
14 7
1 17
13 9
2 6
8 10
14 12
8 6
1 19
10 13
8 15
0 12
13 2
1 10
