20 20
-9 2 0 10 0 -5 6 -2 1 3 8 6 8 -4 3 6 0 0 -2 4 
5 8 3 0 6 1 7 8 7 5 10 -8 6 5 10 -2 -4 1 6 8 
8 0 2 -10 5 6 -3 8 1 6 10 4 0 3 -1 -4 -10 0 1 0 
2 -7 5 1 1 4 -4 -6 4 0 3 1 -2 4 4 1 10 3 1 3 
-6 -4 5 3 5 -2 -9 1 1 8 5 9 3 0 6 3 7 4 10 5 
6 -6 9 10 3 2 6 8 6 0 7 7 4 1 6 9 -7 -10 0 8 
1 -7 0 10 5 5 -5 7 0 -10 9 -6 9 -1 1 -6 4 1 9 4 
9 4 -7 1 1 -7 -9 10 -2 0 9 8 1 -5 -5 -6 4 0 3 5 
-1 4 8 4 9 9 -2 1 -4 1 4 1 1 -8 -6 3 5 8 6 9 
9 2 9 5 10 6 4 6 9 2 6 8 -10 10 1 3 -1 -5 5 6 
6 5 -5 -1 3 1 10 -10 8 6 2 9 6 4 6 10 5 9 2 9 
9 6 8 5 3 -6 -8 1 1 4 1 -4 1 -2 9 9 4 8 4 -1 
5 3 0 4 -6 -5 -5 1 8 9 0 -2 10 -9 -7 1 1 -7 4 9 
4 9 1 4 -6 1 -1 9 -6 9 -10 0 7 -5 5 5 10 0 -7 1 
8 0 -10 -7 9 6 1 4 7 7 0 6 8 6 2 3 10 9 -6 6 
5 10 4 7 3 6 0 3 9 5 8 1 1 -9 -2 5 3 5 -4 -6 
3 1 3 10 1 4 4 -2 1 3 0 4 -6 -4 4 1 1 5 -7 2 
0 1 0 -10 -4 -1 3 0 4 10 6 1 8 -3 6 5 -10 2 0 8 
8 6 1 -4 -2 10 5 6 -8 10 5 7 8 7 1 6 0 3 8 5 
4 -2 0 0 6 3 -4 8 6 8 3 1 -2 6 -5 0 10 0 2 -9 
40
4
17 19
14 15
4 1
0 4
2 0
5 4
15 18
19 15
20
13 2 10
16 19 10
1 18 10
0 13 14
3 6 13
2 10 11
14 0 11
7 19 13
7 6 11
11 0 9
6 17 10
3 0 10
18 1 10
19 6 14
16 13 13
17 9 11
5 19 11
12 0 13
12 13 11
8 19 9
0
