20 20
9 7 11 -2 11 8 -8 5 -10 2 3 4 9 -6 1 9 8 7 8 -5 
5 5 9 -1 7 -10 -8 8 4 7 10 1 -11 2 2 2 6 10 5 1 
-3 3 2 8 -4 -6 3 4 1 -10 2 -4 4 7 -9 -11 7 11 3 7 
9 -10 0 5 8 8 10 5 6 -6 -3 1 8 9 8 6 -5 0 9 -3 
-10 11 4 3 0 7 4 11 -3 9 2 -9 -1 8 -3 -5 4 5 10 8 
7 3 9 8 1 -11 3 9 3 9 2 8 -5 -6 4 6 3 7 6 5 
5 -7 4 -11 -9 -2 7 10 3 6 5 -10 1 -3 6 6 11 11 10 6 
0 1 6 -11 5 8 -3 10 8 1 3 7 7 9 10 2 7 4 11 8 
5 -6 -10 6 0 9 -10 -9 -3 8 11 -10 4 -4 3 6 -7 11 4 10 
-7 -7 3 5 11 -11 11 8 2 0 6 -10 4 0 9 4 2 6 10 0 
0 10 6 2 4 9 0 4 -10 6 0 2 8 11 -11 11 5 3 -7 -7 
10 4 11 -7 6 3 -4 4 -10 11 8 -3 -9 -10 9 0 6 -10 -6 5 
8 11 4 7 2 10 9 7 7 3 1 8 10 -3 8 5 -11 6 1 0 
6 10 11 11 6 6 -3 1 -10 5 6 3 10 7 -2 -9 -11 4 -7 5 
5 6 7 3 6 4 -6 -5 8 2 9 3 9 3 -11 1 8 9 3 7 
8 10 5 4 -5 -3 8 -1 -9 2 9 -3 11 4 7 0 3 4 11 -10 
-3 9 0 -5 6 8 9 8 1 -3 -6 6 5 10 8 8 5 0 -10 9 
7 3 11 7 -11 -9 7 4 -4 2 -10 1 4 3 -6 -4 8 2 3 -3 
1 5 10 6 2 2 2 -11 1 10 7 4 8 -8 -10 7 -1 9 5 5 
-5 8 7 8 9 1 -6 9 4 3 2 -10 5 -8 8 11 -2 11 7 9 
31
8
8 13
2 13
19 12
1 7
12 2
6 7
13 19
3 17
11 6
17 6
0 7
18 12
7 17
13 12
6 0
16 2
12
2 9 10
3 11 14
19 8 16
7 11 12
8 7 16
2 12 8
17 10 10
16 8 14
0 11 16
12 8 12
11 12 16
17 7 8
0
