11 16
13 -9 6 -9 -9 1 -6 15 12 7 14 -7 10 -2 13 -7 
14 -10 11 11 11 14 -13 2 14 4 14 8 -3 14 4 -15 
-13 4 2 -4 -5 13 13 -5 15 6 -2 2 6 15 -9 3 
13 9 9 -10 10 -6 15 -2 13 0 -12 15 9 14 4 -8 
-8 6 3 15 -15 4 15 7 11 -13 -11 11 14 5 4 14 
-7 8 7 -4 1 11 1 3 3 1 11 1 -4 7 8 -7 
14 4 5 14 11 -11 -13 11 7 15 4 -15 15 3 6 -8 
-8 4 14 9 15 -12 0 13 -2 15 -6 10 -10 9 9 13 
3 -9 15 6 2 -2 6 15 -5 13 13 -5 -4 2 4 -13 
-15 4 14 -3 8 14 4 14 2 -13 14 11 11 11 -10 14 
-7 13 -2 10 -7 14 7 12 15 -6 1 -9 -9 6 -9 13 
33
2
7 3
10 8
3 12
0 7
20
2 9 16
1 4 13
2 6 12
9 4 14
7 2 8
9 3 15
6 3 8
3 15 12
2 3 10
3 4 9
8 6 16
9 11 13
8 9 12
1 11 14
3 13 8
1 12 15
4 12 8
7 0 12
8 12 10
7 11 9
10
0 8
9 6
0 2
5 13
6 2
10 7
1 9
10 13
5 2
4 13
