20 20
-3 1 -1 -4 3 4 3 1 -1 0 3 0 0 -1 -1 -1 3 -4 2 4 
-2 -1 4 2 1 2 2 2 -2 3 2 2 2 1 3 -1 -2 -3 4 3 
3 1 -3 0 -1 2 3 -1 1 0 0 2 3 0 1 2 3 -1 0 -3 
1 -1 -1 2 -2 3 4 0 -4 3 2 -2 -1 -1 -4 -1 2 2 0 0 
1 4 4 -2 4 0 3 2 4 -4 1 2 1 0 1 -3 3 4 3 -1 
3 1 2 1 4 3 2 1 0 2 1 2 3 -4 4 1 0 1 0 2 
-4 3 0 2 -4 0 -2 4 2 0 1 3 1 4 -2 0 3 3 2 3 
4 0 -4 4 1 0 1 3 1 1 3 2 -4 -2 0 0 4 2 4 -3 
3 4 -4 -3 3 2 0 2 -3 2 1 2 2 4 2 0 4 3 2 4 
-2 1 -1 -1 3 2 3 -3 2 4 2 1 1 2 3 3 1 0 -2 1 
1 -2 0 1 3 3 2 1 1 2 4 2 -3 3 2 3 -1 -1 1 -2 
4 2 3 4 0 2 4 2 2 1 2 -3 2 0 2 3 -3 -4 4 3 
-3 4 2 4 0 0 -2 -4 2 3 1 1 3 1 0 1 4 -4 0 4 
3 2 3 3 0 -2 4 1 3 1 0 2 4 -2 0 -4 2 0 3 -4 
2 0 1 0 1 4 -4 3 2 1 2 0 1 2 3 4 1 2 1 3 
-1 3 4 3 -3 1 0 1 2 1 -4 4 2 3 0 4 -2 4 4 1 
0 0 2 2 -1 -4 -1 -1 -2 2 3 -4 0 4 3 -2 2 -1 -1 1 
-3 0 -1 3 2 1 0 3 2 0 0 1 -1 3 2 -1 0 -3 1 3 
3 4 -3 -2 -1 3 1 2 2 2 3 -2 2 2 2 1 2 4 -1 -2 
4 2 -4 3 -1 -1 -1 0 0 3 0 -1 1 3 4 3 -4 -1 1 -3 
60
4
7 0
10 14
10 15
15 16
12 19
9 5
9 4
4 3
10
9 14 10
16 0 15
9 11 15
0 1 9
1 0 10
10 5 10
3 19 15
10 8 15
19 18 9
18 19 10
0
