18 14
-3 2 0 3 2 3 1 0 2 2 -2 1 3 -2 
-3 3 3 2 0 0 2 0 0 -1 -1 2 3 -3 
2 2 1 1 -1 -2 2 0 -3 -1 3 3 1 1 
1 3 -3 0 2 0 1 3 -1 -1 1 -2 1 -1 
3 3 -1 1 3 1 0 1 2 0 -3 -2 -1 1 
-3 0 1 3 -2 -1 0 2 1 -1 3 -2 1 -2 
1 -3 1 -2 3 -3 3 -1 3 1 2 1 -1 -1 
2 -1 3 0 0 2 1 2 -2 0 3 1 0 2 
3 1 -2 0 0 2 3 -3 -1 1 3 -1 3 0 
0 3 -1 3 1 -1 -3 3 2 0 0 -2 1 3 
2 0 1 3 0 -2 2 1 2 0 0 3 -1 2 
-1 -1 1 2 1 3 -1 3 -3 3 -2 1 -3 1 
-2 1 -2 3 -1 1 2 0 -1 -2 3 1 0 -3 
1 -1 -2 -3 0 2 1 0 1 3 1 -1 3 3 
-1 1 -2 1 -1 -1 3 1 0 2 0 -3 3 1 
1 1 3 3 -1 -3 0 2 -2 -1 1 1 2 2 
-3 3 2 -1 -1 0 0 2 0 0 2 3 3 -3 
-2 3 1 -2 2 2 0 1 3 2 3 0 2 -3 
45
2
12 1
16 10
5 12
1 3
14
13 8 15
16 2 11
6 0 10
9 11 12
2 5 16
6 13 13
2 8 11
4 5 15
1 11 11
11 13 10
8 2 12
15 8 16
11 0 13
15 5 11
22
8 10
8 9
16 7
8 1
5 10
5 7
14 9
3 13
5 4
6 8
4 10
9 3
9 4
1 6
9 12
12 3
12 6
3 4
14 0
12 9
11 5
13 3
