20 20
1 5 1 2 -2 0 3 2 -2 5 5 3 3 4 4 0 0 3 3 4 
4 -3 2 4 3 -1 1 -3 0 3 4 1 2 0 3 1 5 5 1 -2 
5 2 -1 0 -4 5 2 3 2 -5 5 0 -4 3 -1 2 0 -3 5 2 
-5 5 -3 0 0 5 1 -4 1 -5 0 2 -2 0 5 5 2 5 5 1 
3 3 3 5 -3 5 5 5 -5 -5 3 -3 2 1 0 -1 -4 4 3 -5 
3 0 -3 -4 4 2 1 3 1 2 -1 -1 -2 1 -4 2 -1 5 3 0 
5 -1 -4 -1 5 -3 -4 1 4 4 -3 0 5 3 1 3 3 3 4 1 
-1 -1 0 5 3 4 4 1 3 3 3 -1 -1 1 -4 5 4 -2 5 4 
5 5 -1 0 0 5 -3 -5 1 -2 0 4 -5 2 1 0 -1 4 2 4 
1 4 -3 3 1 3 3 -5 0 5 -1 3 2 -1 3 1 3 2 1 2 
2 1 2 3 1 3 -1 2 3 -1 5 0 -5 3 3 1 3 -3 4 1 
4 2 4 -1 0 1 2 -5 4 0 -2 1 -5 -3 5 0 0 -1 5 5 
4 5 -2 4 5 -4 1 -1 -1 3 3 3 1 4 4 3 5 0 -1 -1 
1 4 3 3 3 1 3 5 0 -3 4 4 1 -4 -3 5 -1 -4 -1 5 
0 3 5 -1 2 -4 1 -2 -1 -1 2 1 3 1 2 4 -4 -3 0 3 
-5 3 4 -4 -1 0 1 2 -3 3 -5 -5 5 5 5 -3 5 3 3 3 
1 5 5 2 5 5 0 -2 2 0 -5 1 -4 1 5 0 0 -3 5 -5 
2 5 -3 0 2 -1 3 -4 0 5 -5 2 3 2 5 -4 0 -1 2 5 
-2 1 5 5 1 3 0 2 1 4 3 0 -3 1 -1 3 4 2 -3 4 
4 3 3 0 0 4 4 3 3 5 5 -2 2 3 0 -2 2 1 5 1 
37
5
1 14
8 2
6 2
2 11
14 1
18 5
11 17
13 17
17 8
5 18
20
6 8 9
19 4 16
18 8 13
4 19 14
9 3 16
5 1 15
17 1 9
2 5 8
0 1 14
14 8 12
13 11 9
0 15 16
1 11 13
15 0 14
10 16 16
14 18 15
2 18 9
17 14 8
19 18 14
5 11 12
0
