19 16
6 -4 22 -29 24 30 30 -20 12 30 17 26 10 8 18 30 
19 9 20 1 20 -25 14 9 20 23 28 4 11 -12 8 5 
1 16 3 13 4 11 -10 -20 30 -8 12 12 20 -15 30 -28 
-29 13 10 22 5 30 4 12 20 -4 19 28 -3 15 1 17 
26 8 -4 18 22 19 20 9 -14 4 16 -25 -29 -6 28 14 
19 7 7 6 7 9 24 -26 10 18 5 16 16 13 27 28 
11 -1 -5 10 28 18 8 -26 12 20 15 1 -14 19 -23 7 
24 4 -14 -25 8 7 19 21 -3 30 13 21 29 1 10 24 
-15 11 29 20 -10 -25 -22 12 -19 29 20 14 10 -2 8 25 
25 25 6 28 21 14 13 -26 -26 13 14 21 28 6 25 25 
25 8 -2 10 14 20 29 -19 12 -22 -25 -10 20 29 11 -15 
24 10 1 29 21 13 30 -3 21 19 7 8 -25 -14 4 24 
7 -23 19 -14 1 15 20 12 -26 8 18 28 10 -5 -1 11 
28 27 13 16 16 5 18 10 -26 24 9 7 6 7 7 19 
14 28 -6 -29 -25 16 4 -14 9 20 19 22 18 -4 8 26 
17 1 15 -3 28 19 -4 20 12 4 30 5 22 10 13 -29 
-28 30 -15 20 12 12 -8 30 -20 -10 11 4 13 3 16 1 
5 8 -12 11 4 28 23 20 9 14 -25 20 1 20 9 19 
30 18 8 10 26 17 30 12 -20 30 30 24 -29 22 -4 6 
41
2
5 7
0 1
13 8
18 14
12
11 15 13
2 9 9
9 4 14
17 0 15
8 11 14
4 14 16
7 0 13
16 6 9
9 11 14
1 15 15
10 4 14
14 1 16
22
7 15
6 9
0 11
13 1
15 7
10 5
11 10
10 13
10 15
18 13
14 4
11 0
12 6
18 4
5 14
3 8
8 10
7 5
8 2
8 0
0 2
4 11
