20 20
-2 -3 2 2 -2 2 -2 3 -2 -3 2 -2 2 0 3 3 -2 1 1 0 
-2 1 2 3 3 -3 1 -3 -3 3 2 2 2 2 1 2 -1 3 -1 3 
3 -1 1 2 2 2 2 0 -2 1 1 3 -2 -3 2 2 3 0 0 1 
1 3 -1 -3 -2 1 3 1 2 3 3 -3 -1 3 1 0 3 3 -3 3 
2 -3 -2 1 1 3 2 -3 -3 -1 3 1 3 1 1 1 3 1 -2 2 
-1 2 2 -3 2 -3 0 -3 2 -2 2 0 2 2 0 2 1 2 0 2 
3 -1 1 0 0 0 1 0 3 0 3 2 2 0 3 3 0 2 2 -2 
-3 2 1 0 -1 -2 -3 1 -3 -1 1 3 2 3 0 -3 0 -3 2 2 
-3 1 0 3 1 3 0 2 -3 3 3 0 1 -1 2 3 2 0 0 0 
-3 2 1 3 3 1 -1 1 3 2 -2 2 3 1 -2 1 1 3 3 2 
2 3 3 1 1 -2 1 3 2 -2 2 3 1 -1 1 3 3 1 2 -3 
0 0 0 2 3 2 -1 1 0 3 3 -3 2 0 3 1 3 0 1 -3 
2 2 -3 0 -3 0 3 2 3 1 -1 -3 1 -3 -2 -1 0 1 2 -3 
-2 2 2 0 3 3 0 2 2 3 0 3 0 1 0 0 0 1 -1 3 
2 0 2 1 2 0 2 2 0 2 -2 2 -3 0 -3 2 -3 2 2 -1 
2 -2 1 3 1 1 1 3 1 3 -1 -3 -3 2 3 1 1 -2 -3 2 
3 -3 3 3 0 1 3 -1 -3 3 3 2 1 3 1 -2 -3 -1 3 1 
1 0 0 3 2 2 -3 -2 3 1 1 -2 0 2 2 2 2 1 -1 3 
3 -1 3 -1 2 1 2 2 2 2 3 -3 -3 1 -3 3 3 2 1 -2 
0 1 1 -2 3 3 0 2 -2 2 -3 -2 3 -2 2 -2 2 2 -3 -2 
40
7
1 9
3 5
0 18
19 17
13 9
2 18
4 8
18 10
16 14
19 1
0 2
6 10
17 1
15 11
10
2 13 12
3 2 13
16 2 11
18 3 16
8 3 8
17 6 12
16 17 13
3 17 11
1 16 16
11 16 8
0
