19 13
9 14 6 15 12 11 11 -7 6 -6 4 1 13 
-14 4 1 8 -10 13 4 12 10 12 5 -6 16 
15 1 4 7 1 5 5 -5 12 10 0 9 5 
13 -7 11 -7 7 5 16 -11 9 -12 -13 4 -14 
0 0 11 14 -11 1 8 0 2 15 3 6 11 
2 10 9 1 14 -13 -14 -10 13 15 3 8 14 
14 15 6 7 2 13 2 7 9 1 9 15 14 
3 11 3 16 2 10 11 -2 -6 13 9 9 -6 
0 12 -7 -3 3 8 10 -3 11 -7 -10 16 12 
0 14 16 -10 -3 6 7 6 -3 -10 16 14 0 
12 16 -10 -7 11 -3 10 8 3 -3 -7 12 0 
-6 9 9 13 -6 -2 11 10 2 16 3 11 3 
14 15 9 1 9 7 2 13 2 7 6 15 14 
14 8 3 15 13 -10 -14 -13 14 1 9 10 2 
11 6 3 15 2 0 8 1 -11 14 11 0 0 
-14 4 -13 -12 9 -11 16 5 7 -7 11 -7 13 
5 9 0 10 12 -5 5 5 1 7 4 1 15 
16 -6 5 12 10 12 4 13 -10 8 1 4 -14 
13 1 4 -6 6 -7 11 11 12 15 6 14 9 
58
6
17 4
9 6
8 3
2 12
6 9
15 2
1 8
9 6
10 9
16 0
12 3
3 10
6
6 7 8
2 5 14
14 10 10
12 5 8
16 7 14
4 2 10
20
11 8
15 3
10 1
2 10
13 12
15 9
8 12
2 6
15 1
3 7
7 4
3 9
8 11
16 2
5 0
3 3
10 0
16 6
3 11
15 5
