16 20
-5 11 10 2 -10 2 10 3 8 6 5 6 0 -5 -4 6 6 1 8 10 
-11 10 9 8 -2 -8 2 1 4 3 -11 6 0 6 2 -6 -1 7 4 2 
2 0 -11 -11 -3 6 -9 2 -1 11 10 1 8 6 7 1 8 -11 -4 0 
10 -4 -1 3 9 4 8 3 3 8 11 5 4 -9 5 4 7 6 -5 2 
6 2 -8 10 7 5 1 -1 10 3 5 9 3 0 6 7 1 3 -11 8 
-2 4 7 7 10 -1 6 0 5 2 4 5 -4 -9 3 -2 9 5 2 8 
10 3 10 -8 1 9 -11 2 1 8 5 5 -5 -9 -3 1 -9 3 8 11 
1 9 3 3 4 -2 0 0 11 4 9 3 9 -2 -4 1 10 9 8 -3 
-3 8 9 10 1 -4 -2 9 3 9 4 11 0 0 -2 4 3 3 9 1 
11 8 3 -9 1 -3 -9 -5 5 5 8 1 2 -11 9 1 -8 10 3 10 
8 2 5 9 -2 3 -9 -4 5 4 2 5 0 6 -1 10 7 7 4 -2 
8 -11 3 1 7 6 0 3 9 5 3 10 -1 1 5 7 10 -8 2 6 
2 -5 6 7 4 5 -9 4 5 11 8 3 3 8 4 9 3 -1 -4 10 
0 -4 -11 8 1 7 6 8 1 10 11 -1 2 -9 6 -3 -11 -11 0 2 
2 4 7 -1 -6 2 6 0 6 -11 3 4 1 2 -8 -2 8 9 10 -11 
10 8 1 6 6 -4 -5 0 6 5 6 8 3 10 2 -10 2 10 11 -5 
41
5
0 3
8 4
3 14
0 15
15 11
15 16
7 15
12 5
15 4
0 8
16
12 10 12
12 3 15
14 5 14
0 4 14
7 18 11
11 0 16
7 5 14
11 12 16
3 9 12
3 16 15
1 14 14
15 15 14
8 1 11
4 19 16
8 14 14
4 7 16
30
2 18
11 6
1 6
0 6
2 6
10 12
4 16
5 16
5 0
4 3
11 4
11 2
6 9
4 12
0 18
13 1
4 13
14 13
15 13
13 13
5 7
11 3
10 3
10 19
11 16
4 15
4 17
9 10
11 7
15 1
