11 17
0 6 4 -4 6 2 9 -5 -9 9 -3 -9 1 7 5 8 0 
1 5 2 8 8 -4 8 3 -3 6 -5 -1 4 1 5 7 1 
1 9 -3 5 3 1 -1 -4 4 8 2 7 5 6 9 7 9 
6 3 7 9 3 -8 0 9 5 8 -6 -9 4 9 -8 6 1 
1 6 -4 9 9 1 4 7 -7 3 6 9 1 2 5 8 -3 
6 3 5 6 -5 -2 2 2 -6 2 2 -2 -5 6 5 3 6 
-3 8 5 2 1 9 6 3 -7 7 4 1 9 9 -4 6 1 
1 6 -8 9 4 -9 -6 8 5 9 0 -8 3 9 7 3 6 
9 7 9 6 5 7 2 8 4 -4 -1 1 3 5 -3 9 1 
1 7 5 1 4 -1 -5 6 -3 3 8 -4 8 8 2 5 1 
0 8 5 7 1 -9 -3 9 -9 -5 9 2 6 -4 4 6 0 
35
3
9 0
6 10
5 3
1 16
4 6
5 13
6
0 14 10
4 16 8
1 13 14
10 2 10
6 0 8
9 3 14
14
9 8
5 15
7 4
2 0
8 5
4 11
4 0
1 8
5 1
3 12
8 16
2 11
6 5
6 16
