20 13
2 16 0 5 2 8 3 16 7 21 17 -24 7 
1 -14 14 4 20 9 12 1 -1 -19 15 19 1 
24 -4 4 -9 -22 10 25 4 19 25 17 -14 -7 
-5 -24 12 -17 -2 -19 24 10 20 17 14 17 17 
16 0 11 8 4 24 19 1 -13 25 -11 20 1 
25 12 21 17 6 11 10 25 2 15 6 25 19 
12 -24 -11 -11 21 19 21 3 21 13 18 -2 13 
21 25 -16 8 9 -19 16 19 0 -8 7 21 3 
0 -1 -16 5 10 23 18 2 25 15 7 21 11 
-25 23 22 0 8 4 -17 -16 16 4 0 17 20 
20 17 0 4 16 -16 -17 4 8 0 22 23 -25 
11 21 7 15 25 2 18 23 10 5 -16 -1 0 
3 21 7 -8 0 19 16 -19 9 8 -16 25 21 
13 -2 18 13 21 3 21 19 21 -11 -11 -24 12 
19 25 6 15 2 25 10 11 6 17 21 12 25 
1 20 -11 25 -13 1 19 24 4 8 11 0 16 
17 17 14 17 20 10 24 -19 -2 -17 12 -24 -5 
-7 -14 17 25 19 4 25 10 -22 -9 4 -4 24 
1 19 15 -19 -1 1 12 9 20 4 14 -14 1 
7 -24 17 21 7 16 3 8 2 5 0 16 2 
42
3
14 6
1 11
8 7
5 6
18 1
11 5
14
5 2 14
8 0 11
16 4 12
15 0 14
16 2 11
1 5 16
19 5 9
14 10 14
11 12 11
3 8 12
4 12 14
3 10 11
18 7 16
0 7 9
18
18 6
3 6
15 2
12 0
1 3
3 9
12 5
17 3
3 4
1 6
16 6
4 10
7 12
18 9
16 3
7 7
2 9
16 8
