20 15
5 4 6 1 1 -2 2 0 -3 -2 4 2 3 3 0 
-1 2 5 1 -2 -4 2 5 2 1 1 2 -6 3 -2 
1 5 3 -3 6 3 6 3 -6 1 -6 0 6 3 1 
6 5 1 1 5 1 5 2 3 2 6 -4 -4 5 4 
6 4 4 6 0 4 6 -6 1 2 -2 1 5 4 6 
1 5 2 2 0 0 6 -4 -5 3 2 1 -5 -1 -5 
5 1 3 -1 4 1 5 4 -5 1 -6 5 1 4 4 
-2 1 5 0 4 0 -4 -1 1 -4 2 3 5 1 2 
2 0 1 5 -3 6 1 6 -3 -5 -6 6 1 5 3 
-6 1 2 6 2 0 -6 4 0 0 5 -4 1 1 0 
0 1 1 -4 5 0 0 4 -6 0 2 6 2 1 -6 
3 5 1 6 -6 -5 -3 6 1 6 -3 5 1 0 2 
2 1 5 3 2 -4 1 -1 -4 0 4 0 5 1 -2 
4 4 1 5 -6 1 -5 4 5 1 4 -1 3 1 5 
-5 -1 -5 1 2 3 -5 -4 6 0 0 2 2 5 1 
6 4 5 1 -2 2 1 -6 6 4 0 6 4 4 6 
4 5 -4 -4 6 2 3 2 5 1 5 1 1 5 6 
1 3 6 0 -6 1 -6 3 6 3 6 -3 3 5 1 
-2 3 -6 2 1 1 2 5 2 -4 -2 1 5 2 -1 
0 3 3 2 4 -2 -3 0 2 -2 1 1 6 4 5 
43
4
6 3
15 13
16 14
4 0
13 11
4 1
3 0
15 14
8
19 3 14
10 5 12
16 3 14
3 1 9
0 11 14
9 9 12
3 11 14
16 13 9
30
7 11
16 12
18 13
2 0
15 5
5 11
8 10
17 7
4 8
13 6
17 9
16 1
15 12
19 12
3 9
12 3
3 2
1 1
17 14
4 9
14 3
11 4
2 7
15 6
6 8
2 5
3 13
4 2
0 2
16 5
