12 20
5 4 -12 9 3 17 7 14 3 -5 6 4 19 2 17 -18 11 11 11 13 
1 0 18 -2 2 14 10 4 5 11 -12 14 14 17 2 2 3 -19 -14 15 
16 1 1 17 11 1 17 0 15 4 10 -10 13 -1 15 1 -12 3 17 -9 
4 2 14 8 4 18 19 16 -15 4 1 6 2 6 -9 15 5 16 -19 7 
-11 2 1 -1 12 3 16 11 1 -8 1 -17 10 8 -1 -9 -14 15 13 17 
-2 18 -18 17 3 8 -3 -5 16 10 -6 13 -10 -5 16 14 -17 0 -7 3 
3 -7 0 -17 14 16 -5 -10 13 -6 10 16 -5 -3 8 3 17 -18 18 -2 
17 13 15 -14 -9 -1 8 10 -17 1 -8 1 11 16 3 12 -1 1 2 -11 
7 -19 16 5 15 -9 6 2 6 1 4 -15 16 19 18 4 8 14 2 4 
-9 17 3 -12 1 15 -1 13 -10 10 4 15 0 17 1 11 17 1 1 16 
15 -14 -19 3 2 2 17 14 14 -12 11 5 4 10 14 2 -2 18 0 1 
13 11 11 11 -18 17 2 19 4 6 -5 3 14 7 17 3 9 -12 4 5 
50
7
0 2
4 15
9 6
5 2
0 7
4 19
7 1
11 17
7 4
2 13
6 17
11 12
7 0
4 18
14
8 16 11
2 1 13
10 6 16
1 16 16
2 10 10
8 3 14
1 3 9
3 3 11
9 18 13
1 13 16
10 3 16
9 9 10
3 16 14
10 16 9
24
11 16
8 1
4 3
10 0
5 12
11 5
10 14
10 4
11 18
9 10
7 17
7 5
0 3
3 18
7 16
1 19
6 7
0 14
1 5
1 15
0 1
2 9
4 2
4 14
