20 14
2 4 10 6 -2 5 10 4 6 2 2 5 3 3 
8 -7 8 4 3 9 9 3 10 4 -8 3 9 -7 
4 -9 -8 -6 9 -1 4 5 10 2 3 3 10 7 
1 6 7 2 9 3 -10 -1 0 4 -10 -9 10 -4 
-2 8 3 7 -3 5 5 2 3 -8 -8 3 7 -2 
7 5 2 6 0 5 1 8 -2 -4 3 -7 5 -3 
5 10 9 4 -3 -10 1 9 9 -10 4 4 6 3 
7 1 8 9 5 4 8 -1 3 4 6 -1 6 7 
9 9 6 -6 9 8 2 1 4 -8 2 -5 4 -10 
-8 0 7 0 1 1 0 8 4 -6 2 10 4 10 
10 4 10 2 -6 4 8 0 1 1 0 7 0 -8 
-10 4 -5 2 -8 4 1 2 8 9 -6 6 9 9 
7 6 -1 6 4 3 -1 8 4 5 9 8 1 7 
3 6 4 4 -10 9 9 1 -10 -3 4 9 10 5 
-3 5 -7 3 -4 -2 8 1 5 0 6 2 5 7 
-2 7 3 -8 -8 3 2 5 5 -3 7 3 8 -2 
-4 10 -9 -10 4 0 -1 -10 3 9 2 7 6 1 
7 10 3 3 2 10 5 4 -1 9 -6 -8 -9 4 
-7 9 3 -8 4 10 3 9 9 3 4 8 -7 8 
3 3 5 2 2 6 4 10 5 -2 6 10 4 2 
49
2
17 10
2 9
2 3
17 4
14
5 13 12
8 7 13
6 3 13
3 10 9
15 4 14
0 2 16
3 4 10
14 0 12
11 6 13
13 10 13
16 3 9
4 9 14
19 11 16
16 9 10
26
5 12
14 10
15 7
14 7
15 6
11 8
12 8
18 5
2 7
1 5
19 3
8 11
2 13
14 1
5 3
4 6
5 6
4 7
8 5
7 5
1 8
17 6
18 8
0 10
11 2
17 0
