20 18
11 11 -10 1 10 1 5 9 1 5 -7 3 -1 8 6 -1 -9 -10 
2 5 2 3 9 8 -9 8 7 7 3 0 10 -8 -7 -9 -1 2 
-7 2 9 3 -4 2 -3 3 -2 11 3 1 5 9 -8 -1 -5 7 
5 8 0 6 1 6 11 8 -3 -10 -9 -8 8 5 7 -1 2 -1 
10 -2 10 8 10 1 -9 6 -2 0 11 0 0 11 4 0 4 9 
8 5 1 1 10 9 7 6 11 11 10 1 11 -8 -2 5 8 2 
-10 -9 -5 10 -11 7 6 -6 6 1 10 1 3 -2 11 4 8 9 
-9 10 7 10 -8 1 8 7 8 8 8 3 -4 4 7 8 3 -5 
10 6 -9 7 4 10 -9 -6 0 3 -11 3 4 7 -10 6 11 8 
4 5 1 1 -11 -8 0 1 -11 -2 8 10 6 2 7 -2 -1 4 
4 -1 -2 7 2 6 10 8 -2 -11 1 0 -8 -11 1 1 5 4 
8 11 6 -10 7 4 3 -11 3 0 -6 -9 10 4 7 -9 6 10 
-5 3 8 7 4 -4 3 8 8 8 7 8 1 -8 10 7 10 -9 
9 8 4 11 -2 3 1 10 1 6 -6 6 7 -11 10 -5 -9 -10 
2 8 5 -2 -8 11 1 10 11 11 6 7 9 10 1 1 5 8 
9 4 0 4 11 0 0 11 0 -2 6 -9 1 10 8 10 -2 10 
-1 2 -1 7 5 8 -8 -9 -10 -3 8 11 6 1 6 0 8 5 
7 -5 -1 -8 9 5 1 3 11 -2 3 -3 2 -4 3 9 2 -7 
2 -1 -9 -7 -8 10 0 3 7 7 8 -9 8 9 3 2 5 2 
-10 -9 -1 6 8 -1 3 -7 5 1 9 5 1 10 1 -10 11 11 
33
2
16 7
5 12
3 10
14 5
6
12 8 10
9 7 15
2 0 16
7 9 10
10 10 15
17 17 16
32
7 11
12 4
14 10
10 1
8 7
11 15
12 9
13 5
10 7
18 0
3 6
11 1
10 6
12 17
19 14
8 0
12 6
7 13
5 7
9 16
11 10
8 2
7 8
6 12
9 10
1 17
16 11
8 16
9 11
7 0
0 3
11 17
