11 15
-1 1 4 4 1 3 4 4 0 3 2 -3 2 0 4 
4 -2 1 1 -4 3 3 3 3 -3 -1 -1 1 4 2 
3 2 3 -2 1 4 1 -1 1 3 -4 0 0 1 3 
3 -3 -3 -4 2 1 4 2 3 2 0 4 2 -3 0 
-1 -4 3 4 2 4 2 1 -2 1 -1 0 4 1 2 
4 4 1 1 0 2 1 0 1 2 0 1 1 4 4 
2 1 4 0 -1 1 -2 1 2 4 2 4 3 -4 -1 
0 -3 2 4 0 2 3 2 4 1 2 -4 -3 -3 3 
3 1 0 0 -4 3 1 -1 1 4 1 -2 3 2 3 
2 4 1 -1 -1 -3 3 3 3 3 -4 1 1 -2 4 
4 0 2 -3 2 3 0 4 4 3 1 4 4 1 -1 
48
3
4 9
1 12
10 12
6 5
9 2
0 2
12
7 10 16
2 11 8
9 3 15
5 10 11
4 8 16
0 12 13
3 4 16
8 3 8
1 11 15
5 4 11
6 6 16
10 2 13
16
9 0
0 5
10 6
2 4
3 6
2 6
1 2
8 5
1 14
10 9
0 8
8 10
7 8
8 8
9 12
2 9
