15 20
2 6 3 -6 -6 3 2 -7 -3 -9 4 5 7 9 2 0 9 -6 4 2 
6 -3 4 8 7 7 -1 -8 7 -4 5 9 -6 9 3 8 -2 3 1 -2 
7 7 4 9 7 8 -7 4 2 5 8 8 8 8 0 5 0 4 7 3 
9 0 -4 -6 0 9 4 -7 9 1 -5 6 -1 1 6 1 7 -9 -4 5 
4 2 4 4 5 1 -8 -8 2 0 7 7 -5 1 3 6 -5 0 8 -4 
7 -8 9 7 8 3 8 2 4 9 -6 7 2 3 3 -1 6 -4 9 4 
1 6 5 9 8 -3 5 4 8 -4 9 2 6 8 -2 -5 5 5 9 9 
9 1 -5 7 -7 2 -4 -6 -6 -7 -7 -6 -6 -4 2 -7 7 -5 1 9 
9 9 5 5 -5 -2 8 6 2 9 -4 8 4 5 -3 8 9 5 6 1 
4 9 -4 6 -1 3 3 2 7 -6 9 4 2 8 3 8 7 9 -8 7 
-4 8 0 -5 6 3 1 -5 7 7 0 2 -8 -8 1 5 4 4 2 4 
5 -4 -9 7 1 6 1 -1 6 -5 1 9 -7 4 9 0 -6 -4 0 9 
3 7 4 0 5 0 8 8 8 8 5 2 4 -7 8 7 9 4 7 7 
-2 1 3 -2 8 3 9 -6 9 5 -4 7 -8 -1 7 7 8 4 -3 6 
2 4 -6 9 0 2 9 7 5 4 -9 -3 -7 2 3 -6 -6 3 6 2 
46
5
0 13
5 4
4 5
14 5
12 17
14 6
9 15
10 14
0 14
2 2
14
9 0 10
7 1 15
2 5 8
1 12 15
12 6 12
4 6 12
9 19 10
5 19 10
7 18 15
12 14 8
13 7 15
2 13 12
10 13 12
5 0 10
28
8 17
2 19
14 19
5 12
10 12
1 3
9 1
3 14
11 17
13 8
9 8
11 6
14 12
5 14
6 2
12 0
0 0
9 7
4 7
13 16
5 18
11 5
3 2
1 11
5 11
3 13
0 7
9 5
