16 19
3 -2 1 0 1 1 -3 3 2 2 -1 2 1 1 3 0 1 2 1 
3 2 2 -2 2 -2 0 3 0 0 2 -3 2 1 2 3 0 2 2 
2 -1 0 2 1 -2 2 1 3 2 0 2 1 0 -1 1 3 2 2 
0 0 3 -3 3 2 0 1 0 2 2 -3 1 2 -2 2 1 -3 2 
-3 3 0 3 1 -1 0 1 3 3 3 0 3 2 3 1 1 0 -2 
-3 2 -1 -2 2 2 3 2 -2 3 3 3 1 -1 3 1 1 3 0 
3 3 1 1 3 2 1 2 3 3 1 2 -2 -3 1 0 3 1 0 
-1 3 2 0 1 1 1 3 3 2 2 1 3 3 -2 3 3 2 1 
1 2 3 3 -2 3 3 1 2 2 3 3 1 1 1 0 2 3 -1 
0 1 3 0 1 -3 -2 2 1 3 3 2 1 2 3 1 1 3 3 
0 3 1 1 3 -1 1 3 3 3 -2 2 3 2 2 -2 -1 2 -3 
-2 0 1 1 3 2 3 0 3 3 3 1 0 -1 1 3 0 3 -3 
2 -3 1 2 -2 2 1 -3 2 2 0 1 0 2 3 -3 3 0 0 
2 2 3 1 -1 0 1 2 0 2 3 1 2 -2 1 2 0 -1 2 
2 2 0 3 2 1 2 -3 2 0 0 3 0 -2 2 -2 2 2 3 
1 2 1 0 3 1 1 2 -1 2 2 3 -3 1 1 0 1 -2 3 
30
6
7 15
5 15
6 13
12 15
12 6
10 11
8 3
10 3
9 5
3 3
3 12
5 7
6
10 0 12
9 11 13
14 8 9
5 18 12
6 7 13
1 10 9
28
10 18
2 11
13 14
13 18
15 8
1 14
12 11
1 7
10 8
8 4
9 15
8 9
12 10
10 17
5 0
13 7
2 4
2 0
0 10
14 4
3 7
14 11
5 10
7 14
6 3
7 9
3 8
5 1
