10 15
1 8 1 10 1 6 -8 6 7 2 9 5 -4 4 7 
9 -9 -7 5 1 10 5 4 5 2 7 10 6 4 2 
9 3 4 2 7 9 10 2 -3 1 5 0 -9 -1 8 
-4 9 -7 -1 4 5 10 5 1 8 -1 9 7 7 1 
1 -4 7 7 6 8 9 1 9 5 7 3 9 7 8 
8 7 9 3 7 5 9 1 9 8 6 7 7 -4 1 
1 7 7 9 -1 8 1 5 10 5 4 -1 -7 9 -4 
8 -1 -9 0 5 1 -3 2 10 9 7 2 4 3 9 
2 4 6 10 7 2 5 4 5 10 1 5 -7 -9 9 
7 4 -4 5 9 2 7 6 -8 6 1 10 1 8 1 
36
8
9 12
9 11
7 11
2 11
2 4
6 4
0 7
9 0
0 2
0 3
2 3
7 3
7 10
3 10
9 7
0 14
12
5 14 16
4 11 13
2 7 16
9 6 16
1 2 11
1 3 16
4 0 16
5 3 13
7 7 16
0 8 16
8 12 11
8 11 16
14
6 14
4 2
5 0
2 14
0 4
6 10
4 9
3 0
5 12
4 14
7 0
9 10
3 4
5 5
