20 20
-10 8 -3 7 8 6 -6 0 -5 10 -6 -10 4 3 0 1 5 7 5 2 
-2 6 4 -4 1 10 -1 -8 10 3 0 7 5 1 1 3 2 3 1 -8 
7 5 3 0 3 3 6 10 8 6 -10 1 -4 -5 -8 8 4 3 8 10 
9 9 5 3 4 -3 6 -9 3 8 6 3 6 9 10 -5 10 -8 1 7 
10 -5 0 7 8 4 5 8 4 7 -10 10 3 2 9 10 8 0 6 -7 
-4 6 0 9 -1 -4 1 -10 7 -3 -7 0 4 2 -2 4 7 -2 10 1 
9 -10 -3 7 9 -7 9 5 0 -3 9 8 3 -8 7 3 -6 -7 -5 -8 
6 -7 7 2 -9 -9 -3 0 6 10 7 1 5 9 6 3 4 4 -8 3 
2 -7 -4 2 8 -4 0 -6 -5 6 6 2 0 8 5 1 8 2 5 -7 
4 9 7 -7 -8 1 9 0 3 1 0 5 -2 3 10 5 6 -9 -10 7 
7 -10 -9 6 5 10 3 -2 5 0 1 3 0 9 1 -8 -7 7 9 4 
-7 5 2 8 1 5 8 0 2 6 6 -5 -6 0 -4 8 2 -4 -7 2 
3 -8 4 4 3 6 9 5 1 7 10 6 0 -3 -9 -9 2 7 -7 6 
-8 -5 -7 -6 3 7 -8 3 8 9 -3 0 5 9 -7 9 7 -3 -10 9 
1 10 -2 7 4 -2 2 4 0 -7 -3 7 -10 1 -4 -1 9 0 6 -4 
-7 6 0 8 10 9 2 3 10 -10 7 4 8 5 4 8 7 0 -5 10 
7 1 -8 10 -5 10 9 6 3 6 8 3 -9 6 -3 4 3 5 9 9 
10 8 3 4 8 -8 -5 -4 1 -10 6 8 10 6 3 3 0 3 5 7 
-8 1 3 2 3 1 1 5 7 0 3 10 -8 -1 10 1 -4 4 6 -2 
2 5 7 5 1 0 3 4 -10 -6 10 -5 0 -6 6 8 7 -3 8 -10 
48
4
5 15
10 19
14 3
1 8
14 4
9 0
5 16
18 11
14
10 14 10
12 9 15
4 0 11
0 17 13
8 4 15
17 7 11
11 2 16
9 5 10
7 10 15
15 19 11
19 2 13
11 15 15
2 12 11
8 17 16
0
