17 11
3 3 6 7 1 4 1 5 -2 -6 -2 
0 3 6 4 1 -6 -6 2 -6 4 5 
2 6 3 5 8 1 1 -6 1 2 1 
-9 3 1 -1 5 8 5 2 7 3 1 
1 -5 9 6 7 3 -2 2 -7 8 -1 
2 -7 4 7 4 5 -8 -6 7 1 -8 
-9 9 2 6 4 -8 -6 1 5 4 5 
-2 3 -1 -3 8 9 6 2 0 5 -9 
2 4 -6 0 1 3 1 0 -6 4 2 
-9 5 0 2 6 9 8 -3 -1 3 -2 
5 4 5 1 -6 -8 4 6 2 9 -9 
-8 1 7 -6 -8 5 4 7 4 -7 2 
-1 8 -7 2 -2 3 7 6 9 -5 1 
1 3 7 2 5 8 5 -1 1 3 -9 
1 2 1 -6 1 1 8 5 3 6 2 
5 4 -6 2 -6 -6 1 4 6 3 0 
-2 -6 -2 5 1 4 1 7 6 3 3 
39
2
4 3
2 6
12 7
14 4
18
15 0 16
15 5 9
9 4 11
6 0 12
10 1 12
3 9 15
10 2 11
5 1 12
0 5 15
1 10 16
1 5 9
7 6 11
10 10 12
6 9 12
13 1 15
6 8 11
11 9 12
16 5 15
18
7 8
14 0
12 1
14 8
15 8
6 7
12 9
15 2
12 0
9 2
2 10
4 9
2 2
1 2
10 3
4 1
1 8
4 10
