20 20
-7 6 2 3 3 0 -4 -7 0 0 -7 1 2 0 7 1 7 6 7 3 
1 1 1 6 0 4 3 2 -6 7 -5 5 0 -4 1 1 -4 7 5 1 
4 6 6 2 -5 4 1 -5 1 -3 3 7 4 -1 6 5 7 7 5 2 
4 4 0 1 5 3 -4 1 -4 6 4 -2 7 1 1 -1 6 -3 2 4 
3 6 1 1 0 6 7 -1 7 2 -6 4 2 0 7 0 5 4 6 6 
1 7 -3 1 1 4 7 4 3 -3 -1 3 7 -1 3 4 6 -5 -2 -6 
5 4 -1 3 3 1 5 4 2 2 7 2 2 6 -5 5 -3 4 6 1 
-1 7 5 4 2 1 0 2 -6 4 5 3 7 1 -2 3 4 4 -7 5 
1 2 1 0 -7 1 0 4 4 5 6 0 1 2 6 7 -6 3 6 2 
-1 -1 2 -6 6 3 1 5 7 7 5 5 4 1 -6 4 4 5 4 5 
5 4 5 4 4 -6 1 4 5 5 7 7 5 1 3 6 -6 2 -1 -1 
2 6 3 -6 7 6 2 1 0 6 5 4 4 0 1 -7 0 1 2 1 
5 -7 4 4 3 -2 1 7 3 5 4 -6 2 0 1 2 4 5 7 -1 
1 6 4 -3 5 -5 6 2 2 7 2 2 4 5 1 3 3 -1 4 5 
-6 -2 -5 6 4 3 -1 7 3 -1 -3 3 4 7 4 1 1 -3 7 1 
6 6 4 5 0 7 0 2 4 -6 2 7 -1 7 6 0 1 1 6 3 
4 2 -3 6 -1 1 1 7 -2 4 6 -4 1 -4 3 5 1 0 4 4 
2 5 7 7 5 6 -1 4 7 3 -3 1 -5 1 4 -5 2 6 6 4 
1 5 7 -4 1 1 -4 0 5 -5 7 -6 2 3 4 0 6 1 1 1 
3 7 6 7 1 7 0 2 1 -7 0 0 -7 -4 0 3 3 2 6 -7 
54
4
18 17
5 11
4 0
5 14
1 2
14 8
15 19
14 5
14
16 9 15
10 17 9
16 4 12
8 18 12
19 13 13
5 15 10
16 19 16
3 10 15
9 2 9
3 15 12
11 1 12
0 6 13
14 4 10
3 0 16
0
