19 20
9 -11 -8 4 2 8 7 -10 0 0 9 2 2 1 5 5 6 6 1 4 
0 -5 3 10 -4 8 1 -2 2 4 9 9 -3 6 -1 1 -5 8 8 5 
10 1 4 7 -11 7 2 3 -2 6 11 -11 8 3 3 3 4 5 8 8 
2 -3 2 11 -10 -1 6 -7 6 3 4 -10 -3 6 -2 -2 0 11 3 7 
6 7 0 1 10 7 0 10 4 -1 2 4 8 -4 4 5 0 4 -5 11 
4 9 9 6 11 -4 -9 0 0 6 7 5 7 -10 9 3 -5 4 0 -2 
1 4 8 -6 -1 8 -6 -3 -6 9 8 -6 -7 -3 4 -4 -8 -10 5 5 
6 -1 10 -3 3 0 5 -9 -2 10 5 -3 10 5 1 11 2 4 4 3 
1 3 5 -7 9 8 -11 1 7 -2 -9 2 -1 3 -8 3 6 -6 -11 -9 
4 5 2 3 2 -1 4 1 7 -1 -1 7 1 4 -1 2 3 2 5 4 
-9 -11 -6 6 3 -8 3 -1 2 -9 -2 7 1 -11 8 9 -7 5 3 1 
3 4 4 2 11 1 5 10 -3 5 10 -2 -9 5 0 3 -3 10 -1 6 
5 5 -10 -8 -4 4 -3 -7 -6 8 9 -6 -3 -6 8 -1 -6 8 4 1 
-2 0 4 -5 3 9 -10 7 5 7 6 0 0 -9 -4 11 6 9 9 4 
11 -5 4 0 5 4 -4 8 4 2 -1 4 10 0 7 10 1 0 7 6 
7 3 11 0 -2 -2 6 -3 -10 4 3 6 -7 6 -1 -10 11 2 -3 2 
8 8 5 4 3 3 3 8 -11 11 6 -2 3 2 7 -11 7 4 1 10 
5 8 8 -5 1 -1 6 -3 9 9 4 2 -2 1 8 -4 10 3 -5 0 
4 1 6 6 5 5 1 2 2 9 0 0 -10 7 8 2 4 -8 -11 9 
33
4
16 15
14 3
2 19
4 12
2 4
4 16
16 0
14 7
14
1 10 16
17 8 14
10 1 15
14 18 11
17 0 13
11 19 16
5 14 11
17 9 16
1 11 14
8 18 15
4 1 11
1 19 13
7 0 16
13 5 11
34
11 3
7 4
17 13
14 11
6 1
8 5
6 14
18 9
5 2
18 13
7 5
12 2
17 16
3 6
4 7
17 11
17 2
7 16
11 15
1 6
4 8
12 18
10 14
12 5
0 10
13 17
0 6
11 14
6 17
1 3
15 13
14 12
1 8
1 17
