15 15
3 -5 3 6 3 8 4 3 -7 2 -2 7 7 8 5 
1 7 6 1 1 4 1 1 7 0 1 6 -3 8 5 
2 7 2 -1 4 6 7 3 -3 6 7 3 0 6 8 
5 1 7 5 4 1 8 7 4 6 4 1 7 7 5 
0 7 8 -2 3 2 -8 -8 -1 -6 -7 7 6 3 2 
6 7 1 0 7 -6 4 4 2 0 0 0 3 0 -2 
6 4 8 7 0 3 2 3 7 0 3 0 7 5 6 
8 5 6 8 1 2 7 3 7 2 1 8 6 5 8 
6 5 7 0 3 0 7 3 2 3 0 7 8 4 6 
-2 0 3 0 0 0 2 4 4 -6 7 0 1 7 6 
2 3 6 7 -7 -6 -1 -8 -8 2 3 -2 8 7 0 
5 7 7 1 4 6 4 7 8 1 4 5 7 1 5 
8 6 0 3 7 6 -3 3 7 6 4 -1 2 7 2 
5 8 -3 6 1 0 7 1 1 4 1 1 6 7 1 
5 8 7 7 -2 2 -7 3 4 8 3 6 3 -5 3 
44
4
13 14
3 14
5 9
1 4
1 0
11 0
9 5
13 10
10
6 0 9
3 10 14
13 5 13
10 7 9
7 6 12
8 14 9
11 4 14
1 9 13
4 7 9
7 8 12
14
9 6
13 8
1 10
8 7
8 6
6 13
8 4
5 8
1 6
13 4
6 7
6 8
8 1
6 10
