19 15
4 2 -2 9 6 4 6 4 9 1 -4 6 8 -8 6 
8 5 8 -2 8 0 7 1 2 8 -4 0 -1 3 0 
1 -9 6 3 6 9 2 8 6 8 -8 8 6 -9 5 
0 2 6 7 4 -7 1 7 -1 5 7 8 -3 -1 -5 
4 6 0 7 -6 -8 5 0 -9 4 1 5 3 2 7 
9 2 9 1 6 3 4 4 5 0 5 2 3 9 8 
-8 -5 5 5 2 9 5 8 9 2 -2 4 -6 7 0 
6 -3 1 -6 3 3 7 2 -2 8 6 1 -4 4 8 
9 7 5 1 -7 5 -3 7 0 -7 8 -5 6 9 9 
3 -3 -9 7 2 7 3 2 3 7 2 7 -9 -3 3 
9 9 6 -5 8 -7 0 7 -3 5 -7 1 5 7 9 
8 4 -4 1 6 8 -2 2 7 3 3 -6 1 -3 6 
0 7 -6 4 -2 2 9 8 5 9 2 5 5 -5 -8 
8 9 3 2 5 0 5 4 4 3 6 1 9 2 9 
7 2 3 5 1 4 -9 0 5 -8 -6 7 0 6 4 
-5 -1 -3 8 7 5 -1 7 1 -7 4 7 6 2 0 
5 -9 6 8 -8 8 6 8 2 9 6 3 6 -9 1 
0 3 -1 0 -4 8 2 1 7 0 8 -2 8 5 8 
6 -8 8 6 -4 1 9 4 6 4 6 9 -2 2 4 
45
7
7 8
13 5
6 4
8 9
16 6
17 5
15 13
11 6
5 9
12 10
10 5
2 8
1 9
3 1
18
13 10 15
2 6 10
14 3 8
7 14 16
8 3 16
18 4 8
13 4 14
0 3 11
6 12 8
5 4 15
16 8 10
4 11 8
11 0 16
10 11 16
0 10 8
5 10 14
18 11 11
12 2 8
18
13 9
15 2
4 2
5 14
15 9
1 10
1 2
5 6
3 4
5 5
3 12
14 12
13 0
3 5
17 4
17 12
13 8
15 10
