20 20
15 10 -14 -13 5 -14 12 3 14 14 -2 2 2 8 2 -15 14 11 -3 6 
15 -14 -12 8 1 4 7 11 -13 -10 2 -11 11 12 -15 -11 14 1 5 3 
-5 5 -12 11 3 0 8 10 9 3 8 14 5 12 2 15 3 -14 -14 7 
9 12 5 9 2 7 9 -7 6 1 1 2 5 12 8 11 15 1 8 6 
5 -7 -11 -6 9 2 10 6 5 8 3 -4 10 -5 10 -11 13 3 14 12 
12 6 -12 6 -8 15 9 -4 9 3 -5 8 -3 8 -12 1 3 5 2 0 
2 7 14 11 13 5 0 8 -7 10 -6 -7 2 10 14 9 -13 12 11 5 
8 -1 4 15 12 7 2 7 -3 5 -3 -7 6 1 6 13 15 -3 8 13 
9 11 7 -4 6 2 6 -14 15 5 9 0 9 13 3 0 0 11 10 3 
-14 8 15 -12 -13 0 4 12 2 4 6 -11 15 6 1 14 11 7 -7 13 
13 -7 7 11 14 1 6 15 -11 6 4 2 12 4 0 -13 -12 15 8 -14 
3 10 11 0 0 3 13 9 0 9 5 15 -14 6 2 6 -4 7 11 9 
13 8 -3 15 13 6 1 6 -7 -3 5 -3 7 2 7 12 15 4 -1 8 
5 11 12 -13 9 14 10 2 -7 -6 10 -7 8 0 5 13 11 14 7 2 
0 2 5 3 1 -12 8 -3 8 -5 3 9 -4 9 15 -8 6 -12 6 12 
12 14 3 13 -11 10 -5 10 -4 3 8 5 6 10 2 9 -6 -11 -7 5 
6 8 1 15 11 8 12 5 2 1 1 6 -7 9 7 2 9 5 12 9 
7 -14 -14 3 15 2 12 5 14 8 3 9 10 8 0 3 11 -12 5 -5 
3 5 1 14 -11 -15 12 11 -11 2 -10 -13 11 7 4 1 8 -12 -14 15 
6 -3 11 14 -15 2 8 2 2 -2 14 14 3 12 -14 5 -13 -14 10 15 
43
3
10 3
5 12
9 0
9 16
14 7
10 19
16
10 0 14
7 0 13
17 18 12
17 2 16
14 5 14
9 1 10
19 3 16
17 0 16
9 19 14
12 19 13
2 1 12
2 17 16
5 14 14
10 18 10
0 16 16
2 19 16
0
