14 19
0 4 -13 1 6 6 10 -13 -9 5 12 6 1 0 1 0 9 8 12 
3 -13 -12 2 7 13 8 9 -3 4 2 -5 -11 8 12 12 6 -11 8 
-2 2 -5 13 8 -6 9 8 5 11 8 5 9 -8 -10 5 3 8 9 
12 6 3 8 13 -13 0 1 9 3 -10 9 11 8 11 -3 1 13 -8 
3 -2 -12 -7 8 -1 11 3 0 8 6 9 -13 9 8 1 2 11 -11 
1 -7 6 0 11 4 -10 -11 4 -12 -2 4 3 13 11 3 0 5 -2 
1 11 3 -11 11 -2 -11 10 -7 -12 9 11 12 -1 5 9 8 3 11 
11 3 8 9 5 -1 12 11 9 -12 -7 10 -11 -2 11 -11 3 11 1 
-2 5 0 3 11 13 3 4 -2 -12 4 -11 -10 4 11 0 6 -7 1 
-11 11 2 1 8 9 -13 9 6 8 0 3 11 -1 8 -7 -12 -2 3 
-8 13 1 -3 11 8 11 9 -10 3 9 1 0 -13 13 8 3 6 12 
9 8 3 5 -10 -8 9 5 8 11 5 8 9 -6 8 13 -5 2 -2 
8 -11 6 12 12 8 -11 -5 2 4 -3 9 8 13 7 2 -12 -13 3 
12 8 9 0 1 0 1 6 12 5 -9 -13 10 6 6 1 -13 4 0 
34
8
12 3
11 1
13 18
0 17
10 4
7 18
1 16
3 1
1 15
2 17
0 0
13 1
3 14
6 0
12 2
10 17
16
13 15 16
5 4 14
0 13 11
7 0 15
7 1 8
10 12 15
6 8 12
7 2 14
0 3 16
8 14 14
13 5 11
6 18 15
6 17 8
3 6 15
7 10 12
6 16 14
16
3 8
9 8
1 13
2 3
12 8
9 11
12 7
5 15
10 10
4 10
12 5
11 15
1 10
4 7
1 11
8 3
