13 20
9 14 9 2 4 5 9 -10 9 2 14 10 1 -10 13 -14 10 4 -11 10 
11 -14 -13 10 -13 5 -11 -11 -3 4 -6 7 -1 -4 1 -12 6 11 10 10 
4 1 5 -12 9 10 14 -11 2 1 10 1 11 0 2 6 14 -7 1 -8 
9 -1 -14 -13 3 -9 -9 6 8 14 -5 1 14 13 10 -1 -10 -11 4 14 
4 6 3 13 -14 3 6 -3 4 -1 8 -14 1 4 -8 0 13 -12 -8 8 
14 1 -14 4 14 -12 12 14 1 9 -9 -7 -7 8 10 -4 14 0 4 3 
5 5 14 10 9 6 4 4 -13 1 1 -13 4 4 6 9 10 14 5 5 
3 4 0 14 -4 10 8 -7 -7 -9 9 1 14 12 -12 14 4 -14 1 14 
8 -8 -12 13 0 -8 4 1 -14 8 -1 4 -3 6 3 -14 13 3 6 4 
14 4 -11 -10 -1 10 13 14 1 -5 14 8 6 -9 -9 3 -13 -14 -1 9 
-8 1 -7 14 6 2 0 11 1 10 1 2 -11 14 10 9 -12 5 1 4 
10 10 11 6 -12 1 -4 -1 7 -6 4 -3 -11 -11 5 -13 10 -13 -14 11 
10 -11 4 10 -14 13 -10 1 10 14 2 9 -10 9 5 4 2 9 14 9 
44
6
7 13
0 6
12 10
1 13
9 0
1 6
5 6
12 13
0 9
11 6
3 19
11 13
14
8 3 16
10 1 13
3 2 10
10 13 11
7 9 14
3 12 16
1 0 14
4 16 16
2 18 13
9 17 10
2 6 11
5 10 14
9 7 16
11 19 14
24
11 17
10 7
1 5
3 1
5 3
7 2
0 12
8 9
3 15
12 14
10 3
12 16
1 2
2 12
11 14
9 18
7 16
5 17
12 7
4 10
9 4
0 5
2 16
0 3
