18 11
3 0 0 1 0 1 3 2 -2 3 -1 
-3 3 -2 3 -1 3 2 3 0 2 2 
0 2 3 2 -2 2 3 3 -2 -3 1 
-1 1 3 1 2 2 3 1 0 3 0 
2 2 -3 3 -3 2 1 1 1 -1 3 
3 1 1 -2 0 2 3 2 0 2 -3 
0 2 1 0 2 -3 -2 3 -2 1 2 
3 3 -1 -3 0 0 -2 1 2 1 2 
2 1 2 -2 2 0 -1 -3 0 2 0 
0 2 0 -3 -1 0 2 -2 2 1 2 
2 1 2 1 -2 0 0 -3 -1 3 3 
2 1 -2 3 -2 -3 2 0 1 2 0 
-3 2 0 2 3 2 0 -2 1 1 3 
3 -1 1 1 1 2 -3 3 -3 2 2 
0 3 0 1 3 2 2 1 3 1 -1 
1 -3 -2 3 3 2 -2 2 3 2 0 
2 2 0 3 2 3 -1 3 -2 3 -3 
-1 3 -2 2 3 1 0 1 0 0 3 
36
4
0 1
8 2
10 7
13 0
17 9
9 8
7 3
4 10
18
15 4 8
13 6 14
4 2 11
5 4 9
9 1 8
3 6 13
13 4 13
4 9 9
16 5 8
2 6 8
4 4 14
13 8 11
12 6 9
8 9 8
14 4 13
4 6 13
13 1 9
1 5 8
12
8 7
16 2
5 9
1 9
3 4
1 0
9 3
1 8
12 1
16 1
14 6
16 10
