19 10
-5 -5 4 4 4 1 4 4 5 0 
3 -3 4 -1 -5 5 3 0 1 -1 
1 -3 0 3 1 3 2 1 5 5 
2 -5 5 5 3 3 2 -2 3 5 
4 -3 2 1 0 3 4 5 4 -5 
1 2 0 -3 4 4 -3 3 1 3 
5 2 4 5 2 1 1 0 4 1 
2 4 5 4 -2 3 4 5 0 3 
5 -3 2 4 -3 1 2 1 1 5 
4 5 0 3 -5 -5 3 0 5 4 
5 1 1 2 1 -3 4 2 -3 5 
3 0 5 4 3 -2 4 5 4 2 
1 4 0 1 1 2 5 4 2 5 
3 1 3 -3 4 4 -3 0 2 1 
-5 4 5 4 3 0 1 2 -3 4 
5 3 -2 2 3 3 5 5 -5 2 
5 5 1 2 3 1 3 0 -3 1 
-1 1 0 3 5 -5 -1 4 -3 3 
0 5 4 4 1 4 4 4 -5 -5 
31
4
17 3
2 5
9 1
3 2
1 6
16 4
9 8
15 7
18
2 0 14
18 3 16
13 8 13
18 7 12
14 7 9
14 4 16
12 3 14
7 6 14
0 5 11
16 9 14
0 6 16
5 1 13
0 2 12
4 2 9
4 5 16
6 6 14
11 3 14
18 4 11
14
6 1
13 1
7 8
16 8
14 0
7 5
3 6
12 8
5 8
11 1
2 1
4 9
11 4
15 3
