15 14
-1 4 9 5 -9 4 -2 2 -5 8 7 -9 4 4 
6 5 5 5 3 -5 -10 9 8 2 2 4 2 1 
2 7 9 9 2 2 0 5 10 7 2 -2 2 7 
5 5 3 -6 -8 10 1 2 7 3 3 3 -3 9 
9 -8 -7 8 -2 1 9 -10 6 7 9 1 3 -2 
3 5 3 4 6 2 3 9 -7 8 8 7 6 10 
3 -3 7 -8 -3 -4 6 9 6 5 -10 7 9 0 
4 1 -1 7 7 -8 7 7 -8 7 7 -1 1 4 
0 9 7 -10 5 6 9 6 -4 -3 -8 7 -3 3 
10 6 7 8 8 -7 9 3 2 6 4 3 5 3 
-2 3 1 9 7 6 -10 9 1 -2 8 -7 -8 9 
9 -3 3 3 3 7 2 1 10 -8 -6 3 5 5 
7 2 -2 2 7 10 5 0 2 2 9 9 7 2 
1 2 4 2 2 8 9 -10 -5 3 5 5 5 6 
4 4 -9 7 8 -5 2 -2 4 -9 5 9 4 -1 
52
7
13 6
11 10
14 8
9 3
9 2
7 8
13 4
1 7
3 3
0 5
5 10
5 11
7 5
1 9
20
13 10 10
1 0 11
12 13 16
4 13 12
3 11 13
8 10 16
11 0 8
0 3 9
1 8 13
13 11 16
1 3 10
13 13 11
2 0 16
10 0 12
11 2 13
6 3 16
3 13 8
14 10 9
13 5 13
1 2 16
16
6 13
0 11
9 11
6 5
0 6
3 0
14 6
8 6
8 0
14 2
5 2
8 8
14 7
11 13
0 7
6 7
