20 17
5 -21 10 -3 -4 17 14 6 -10 -18 13 22 -6 18 -4 7 19 
-2 -15 -19 22 11 2 13 12 11 10 -1 4 16 22 7 4 22 
14 -9 -1 -21 8 12 0 -20 5 17 13 20 16 7 -14 -8 -9 
6 22 17 17 -15 8 0 6 1 0 17 10 -14 21 -13 -3 18 
-11 13 17 17 8 9 -19 13 -7 22 20 11 9 2 -5 8 1 
11 -21 12 -6 11 5 7 2 10 -10 1 7 -10 1 19 6 14 
-15 5 20 2 3 18 -4 8 20 -11 8 21 17 -10 3 -17 -9 
8 -8 17 8 -3 0 11 -9 7 7 11 -19 19 10 -8 7 20 
21 2 14 2 16 5 19 13 -5 -2 -6 -19 12 -20 13 4 5 
4 14 -13 1 7 15 11 5 -10 4 0 12 -19 17 14 18 16 
16 18 14 17 -19 12 0 4 -10 5 11 15 7 1 -13 14 4 
5 4 13 -20 12 -19 -6 -2 -5 13 19 5 16 2 14 2 21 
20 7 -8 10 19 -19 11 7 7 -9 11 0 -3 8 17 -8 8 
-9 -17 3 -10 17 21 8 -11 20 8 -4 18 3 2 20 5 -15 
14 6 19 1 -10 7 1 -10 10 2 7 5 11 -6 12 -21 11 
1 8 -5 2 9 11 20 22 -7 13 -19 9 8 17 17 13 -11 
18 -3 -13 21 -14 10 17 0 1 6 0 8 -15 17 17 22 6 
-9 -8 -14 7 16 20 13 17 5 -20 0 12 8 -21 -1 -9 14 
22 4 7 22 16 4 -1 10 11 12 13 2 11 22 -19 -15 -2 
19 7 -4 18 -6 22 13 -18 -10 6 14 17 -4 -3 10 -21 5 
58
5
9 8
14 6
13 2
16 7
15 9
10 8
5 10
6 14
3 9
4 7
12
5 6 8
7 2 10
12 2 9
11 6 9
10 16 15
17 10 8
14 10 8
12 14 10
7 14 9
8 10 9
9 0 15
2 6 8
26
9 3
17 8
15 11
14 7
5 2
3 12
18 2
6 15
10 9
4 9
4 6
8 3
5 13
10 13
2 8
4 5
5 9
14 14
16 4
1 14
13 1
9 7
15 7
15 10
11 13
14 3
