16 11
3 1 1 1 -3 3 0 -2 1 2 2 
0 -1 -3 -1 3 2 -1 3 2 2 0 
2 -2 2 1 -2 2 -3 -2 -3 1 2 
0 3 3 0 1 2 -3 3 1 1 2 
2 2 3 -3 -1 -3 0 1 2 2 -3 
2 -1 -2 0 -3 1 3 2 -2 2 1 
1 2 3 1 1 0 2 -1 0 3 1 
1 3 1 1 2 2 3 1 3 1 2 
2 1 3 1 3 2 2 1 1 3 1 
1 3 0 -1 2 0 1 1 3 2 1 
1 2 -2 2 3 1 -3 0 -2 -1 2 
-3 2 2 1 0 -3 -1 -3 3 2 2 
2 1 1 3 -3 2 1 0 3 3 0 
2 1 -3 -2 -3 2 -2 1 2 -2 2 
0 2 2 3 -1 2 3 -1 -3 -1 0 
2 2 1 -2 0 3 -3 1 1 1 3 
45
2
3 10
5 1
12 0
10 9
6
10 6 8
9 8 11
9 7 15
5 4 8
6 2 11
6 3 15
10
6 0
12 4
9 4
12 7
1 4
9 10
3 6
6 6
3 3
14 6
