20 18
-2 22 21 -19 -5 6 2 25 -26 17 22 22 11 -14 24 25 1 23 
-8 0 9 22 14 -12 12 -25 3 11 -20 15 18 7 5 12 0 -19 
11 19 1 21 11 20 12 19 21 2 11 -13 4 6 -23 -3 15 10 
20 16 13 14 21 11 9 17 12 -16 6 16 17 14 5 26 10 20 
5 9 21 1 16 17 5 17 4 -19 -18 12 20 20 18 -2 2 16 
-3 -24 5 6 20 13 -24 24 14 -7 -21 17 18 13 12 14 1 24 
15 17 4 8 3 -6 -18 7 3 2 -2 14 0 3 -26 8 10 -6 
-17 8 18 15 -22 8 7 -4 -2 -11 -17 8 14 -22 18 11 3 22 
14 3 -4 20 21 -7 7 21 11 -22 24 6 15 7 -7 24 3 21 
18 21 -7 -2 1 14 -13 23 10 -5 6 10 -21 -16 15 4 -16 13 
13 -16 4 15 -16 -21 10 6 -5 10 23 -13 14 1 -2 -7 21 18 
21 3 24 -7 7 15 6 24 -22 11 21 7 -7 21 20 -4 3 14 
22 3 11 18 -22 14 8 -17 -11 -2 -4 7 8 -22 15 18 8 -17 
-6 10 8 -26 3 0 14 -2 2 3 7 -18 -6 3 8 4 17 15 
24 1 14 12 13 18 17 -21 -7 14 24 -24 13 20 6 5 -24 -3 
16 2 -2 18 20 20 12 -18 -19 4 17 5 17 16 1 21 9 5 
20 10 26 5 14 17 16 6 -16 12 17 9 11 21 14 13 16 20 
10 15 -3 -23 6 4 -13 11 2 21 19 12 20 11 21 1 19 11 
-19 0 12 5 7 18 15 -20 11 3 -25 12 -12 14 22 9 0 -8 
23 1 25 24 -14 11 22 22 17 -26 25 2 6 -5 -19 21 22 -2 
60
7
1 4
4 13
5 11
9 0
5 15
3 13
7 9
18 13
15 4
14 6
10 17
14 2
16 4
12 8
8
18 12 12
13 11 11
7 16 13
5 6 10
1 5 12
6 6 11
12 1 13
14 11 10
28
14 9
10 1
13 1
7 12
17 13
0 4
18 17
16 15
0 2
12 15
5 9
1 15
12 3
3 11
5 8
9 16
6 16
12 5
2 4
19 13
1 0
3 2
19 15
7 2
14 8
18 2
7 14
16 6
