16 20
1 9 10 -5 -2 3 0 6 2 -2 -3 -8 9 7 11 11 5 -1 12 6 
12 2 -7 0 -13 -5 3 -7 9 -6 -12 -5 3 7 -5 13 -7 0 7 -8 
8 -11 2 11 6 4 -10 6 -11 -5 2 10 13 -4 11 -4 13 -1 -1 8 
12 11 11 5 -13 4 -5 6 9 3 2 -1 0 -7 2 12 6 10 -13 13 
0 -4 -5 7 13 8 -13 12 8 4 12 10 -4 4 11 0 3 4 2 12 
8 4 5 13 -6 5 6 4 3 4 6 -5 0 -10 2 12 -2 0 -13 4 
7 8 13 5 4 -5 10 2 7 9 5 6 1 0 4 4 6 7 7 11 
4 -2 0 2 10 13 13 8 -8 -9 -1 10 5 -10 -7 -8 4 6 9 5 
5 9 6 4 -8 -7 -10 5 10 -1 -9 -8 8 13 13 10 2 0 -2 4 
11 7 7 6 4 4 0 1 6 5 9 7 2 10 -5 4 5 13 8 7 
4 -13 0 -2 12 2 -10 0 -5 6 4 3 4 6 5 -6 13 5 4 8 
12 2 4 3 0 11 4 -4 10 12 4 8 12 -13 8 13 7 -5 -4 0 
13 -13 10 6 12 2 -7 0 -1 2 3 9 6 -5 4 -13 5 11 11 12 
8 -1 -1 13 -4 11 -4 13 10 2 -5 -11 6 -10 4 6 11 2 -11 8 
-8 7 0 -7 13 -5 7 3 -5 -12 -6 9 -7 3 -5 -13 0 -7 2 12 
6 12 -1 5 11 11 7 9 -8 -3 -2 2 6 0 3 -2 -5 10 9 1 
39
5
12 18
12 4
6 5
9 17
15 8
3 1
3 15
9 14
6 2
0 11
16
14 18 15
13 2 15
3 11 12
4 10 13
9 6 14
2 7 11
7 17 11
8 13 13
1 1 15
2 17 15
12 8 12
11 9 13
6 13 14
13 12 11
8 2 11
7 6 13
20
7 14
9 15
2 10
4 12
5 18
15 18
9 11
1 17
3 8
8 7
8 5
6 4
13 9
11 7
10 1
0 1
6 8
14 2
12 11
7 12
