18 13
7 5 7 0 0 5 1 8 7 2 1 6 3 
-8 5 1 -4 3 6 6 1 1 3 3 -8 -2 
0 -6 6 1 5 7 7 6 -7 8 0 2 9 
-9 -7 9 5 -8 7 9 8 7 7 2 3 -7 
5 8 0 8 0 7 7 5 -1 4 6 9 1 
9 0 3 1 8 2 5 1 -7 -3 1 6 9 
6 9 1 9 -8 7 4 -9 8 9 1 7 -2 
1 -9 2 3 8 5 3 -8 6 -9 7 5 -4 
-5 1 -7 2 -1 1 9 8 -3 2 -4 3 6 
6 3 -4 2 -3 8 9 1 -1 2 -7 1 -5 
-4 5 7 -9 6 -8 3 5 8 3 2 -9 1 
-2 7 1 9 8 -9 4 7 -8 9 1 9 6 
9 6 1 -3 -7 1 5 2 8 1 3 0 9 
1 9 6 4 -1 5 7 7 0 8 0 8 5 
-7 3 2 7 7 8 9 7 -8 5 9 -7 -9 
9 2 0 8 -7 6 7 7 5 1 6 -6 0 
-2 -8 3 3 1 1 6 6 3 -4 1 5 -8 
3 6 1 2 7 8 1 5 0 0 7 5 7 
35
2
3 2
12 1
14 10
5 11
12
8 0 13
11 9 11
16 9 13
7 8 8
10 9 13
16 4 11
9 12 13
6 3 11
1 3 13
10 4 8
7 3 13
1 8 11
22
13 7
17 11
10 12
6 10
15 0
9 8
15 1
17 5
4 12
8 7
4 3
4 5
0 1
7 0
11 2
2 12
8 4
2 11
0 7
13 0
9 5
13 9
