20 18
7 -20 16 12 20 7 20 13 10 6 -1 7 14 -4 7 1 18 6 
9 20 8 14 -23 5 11 1 4 3 8 7 12 16 7 -21 -6 -5 
16 12 6 -13 9 11 12 23 0 -14 -11 7 -7 -21 -8 14 3 4 
7 4 15 7 1 9 23 23 6 12 -2 5 16 9 19 14 23 2 
13 15 4 11 -14 -6 8 6 21 21 17 17 23 6 -17 -2 2 16 
20 5 4 13 21 4 7 10 14 -18 6 9 -16 21 16 1 22 10 
4 -23 7 3 5 22 -1 2 -1 4 15 5 20 8 4 -21 -3 20 
18 -18 20 23 -2 -1 -12 -6 22 8 -23 21 5 13 20 17 7 20 
10 6 10 14 5 2 -11 2 4 0 19 13 6 4 -7 11 21 17 
-3 -1 -11 -10 -11 -10 12 12 15 10 20 8 0 6 23 -4 -3 4 
4 -3 -4 23 6 0 8 20 10 15 12 12 -10 -11 -10 -11 -1 -3 
17 21 11 -7 4 6 13 19 0 4 2 -11 2 5 14 10 6 10 
20 7 17 20 13 5 21 -23 8 22 -6 -12 -1 -2 23 20 -18 18 
20 -3 -21 4 8 20 5 15 4 -1 2 -1 22 5 3 7 -23 4 
10 22 1 16 21 -16 9 6 -18 14 10 7 4 21 13 4 5 20 
16 2 -2 -17 6 23 17 17 21 21 6 8 -6 -14 11 4 15 13 
2 23 14 19 9 16 5 -2 12 6 23 23 9 1 7 15 4 7 
4 3 14 -8 -21 -7 7 -11 -14 0 23 12 11 9 -13 6 12 16 
-5 -6 -21 7 16 12 7 8 3 4 1 11 5 -23 14 8 20 9 
6 18 1 7 -4 14 7 -1 6 10 13 20 7 20 12 16 -20 7 
46
7
17 2
12 15
2 4
4 12
11 5
2 14
1 0
2 15
7 2
17 13
15 5
8 12
17 3
18 17
20
11 9 15
17 10 16
1 12 16
17 11 11
0 3 15
13 3 12
0 5 13
1 13 16
14 1 8
6 2 14
8 8 15
2 7 16
18 5 16
2 6 11
19 14 15
6 14 12
19 12 13
18 4 16
5 16 8
13 15 14
24
6 12
19 6
8 1
2 10
5 17
2 11
17 12
8 6
14 11
11 1
15 11
6 7
13 5
0 11
11 16
17 7
14 0
17 6
2 5
11 11
5 6
8 16
4 6
13 10
