18 12
8 0 1 2 1 -3 1 4 0 8 1 0 
10 9 -1 3 6 3 -2 1 -3 2 -3 5 
-3 5 0 9 2 2 5 7 7 9 -8 -6 
-1 -7 4 1 -5 4 1 3 5 9 7 10 
8 3 5 9 3 2 -8 2 0 10 0 -10 
-1 8 10 3 9 -10 6 8 9 2 9 -1 
7 6 2 -9 8 3 -9 5 4 8 10 4 
2 4 3 3 -3 3 9 3 5 -6 4 9 
0 -6 1 1 -9 9 -5 -1 5 2 9 -8 
-8 9 2 5 -1 -5 9 -9 1 1 -6 0 
9 4 -6 5 3 9 3 -3 3 3 4 2 
4 10 8 4 5 -9 3 8 -9 2 6 7 
-1 9 2 9 8 6 -10 9 3 10 8 -1 
-10 0 10 0 2 -8 2 3 9 5 3 8 
10 7 9 5 3 1 4 -5 1 4 -7 -1 
-6 -8 9 7 7 5 2 2 9 0 5 -3 
5 -3 2 -3 1 -2 3 6 3 -1 9 10 
0 1 8 0 4 1 -3 1 2 1 0 8 
51
4
10 6
17 10
5 9
1 11
7 5
0 1
12 2
16 0
10
17 1 9
0 4 10
6 3 11
14 0 16
6 2 11
0 10 9
17 7 10
11 8 11
3 11 16
11 9 11
16
16 6
14 7
10 1
12 6
7 2
10 4
0 6
2 6
1 5
3 4
7 10
5 5
10 9
7 7
17 5
15 5
