12 16
0 16 13 10 -11 1 6 20 16 13 1 15 16 15 -21 -4 
6 6 10 9 6 14 3 8 6 -1 7 5 1 0 3 9 
20 -20 6 -15 7 8 1 9 -15 13 6 17 17 5 8 0 
-19 -11 21 21 18 11 14 15 -20 9 -16 -1 12 -3 6 20 
14 22 14 -17 16 -10 -18 16 -14 -8 9 -2 1 -1 10 15 
-18 -18 2 5 8 4 14 4 -1 20 -17 8 6 20 -14 0 
0 -14 20 6 8 -17 20 -1 4 14 4 8 5 2 -18 -18 
15 10 -1 1 -2 9 -8 -14 16 -18 -10 16 -17 14 22 14 
20 6 -3 12 -1 -16 9 -20 15 14 11 18 21 21 -11 -19 
0 8 5 17 17 6 13 -15 9 1 8 7 -15 6 -20 20 
9 3 0 1 5 7 -1 6 8 3 14 6 9 10 6 6 
-4 -21 15 16 15 1 13 16 20 6 1 -11 10 13 16 0 
40
3
0 9
6 5
4 10
11 6
5 10
7 5
12
8 7 16
6 8 11
1 9 12
7 9 11
3 12 16
9 5 13
3 8 16
5 7 11
10 6 12
4 6 11
8 3 16
2 10 13
14
0 6
5 3
9 13
4 13
0 1
6 9
1 5
11 9
6 12
2 2
7 2
11 14
5 6
10 10
