14 13
0 4 -7 -6 -8 7 6 7 0 2 0 4 3 
6 1 6 5 4 1 4 8 7 -4 1 -8 2 
-4 -6 -3 6 4 3 1 -7 1 5 2 -6 8 
8 5 4 -8 -3 3 5 2 0 6 8 8 1 
6 -3 -5 1 -8 8 6 6 -6 1 2 0 4 
6 6 2 6 1 5 7 -7 4 4 -7 -3 0 
7 3 7 -7 6 7 4 2 4 6 6 8 -8 
-8 8 6 6 4 2 4 7 6 -7 7 3 7 
0 -3 -7 4 4 -7 7 5 1 6 2 6 6 
4 0 2 1 -6 6 6 8 -8 1 -5 -3 6 
1 8 8 6 0 2 5 3 -3 -8 4 5 8 
8 -6 2 5 1 -7 1 3 4 6 -3 -6 -4 
2 -8 1 -4 7 8 4 1 4 5 6 1 6 
3 4 0 2 0 7 6 7 -8 -6 -7 4 0 
38
6
13 2
4 10
5 3
1 6
8 3
7 9
0 10
9 2
8 9
12 6
5 9
6 3
6
0 4 15
11 9 11
13 12 10
13 8 15
2 3 11
0 0 10
12
2 8
4 2
11 0
1 7
12 4
10 7
11 4
9 10
2 12
12 5
1 8
3 5
