14 11
4 4 2 1 0 1 6 6 5 -5 2 
1 2 6 -6 -4 4 3 0 6 -3 0 
-5 -2 -6 2 1 2 1 2 4 0 0 
1 5 2 0 -6 -4 2 3 3 1 -2 
-1 1 6 6 2 2 -2 3 6 -3 0 
0 6 0 2 5 1 0 1 6 3 2 
3 5 5 6 5 -3 1 3 1 -3 2 
2 -3 1 3 1 -3 5 6 5 5 3 
2 3 6 1 0 1 5 2 0 6 0 
0 -3 6 3 -2 2 2 6 6 1 -1 
-2 1 3 3 2 -4 -6 0 2 5 1 
0 0 4 2 1 2 1 2 -6 -2 -5 
0 -3 6 0 3 4 -4 -6 6 2 1 
2 -5 5 6 6 1 0 1 2 4 4 
38
2
2 5
10 3
11 5
3 7
16
9 10 10
11 10 12
1 4 15
5 3 16
9 7 15
5 6 8
10 8 13
10 2 8
4 0 10
2 0 12
12 6 15
8 7 16
4 3 15
8 4 8
3 2 13
3 8 8
12
3 0
5 0
12 0
5 4
7 2
1 9
10 10
8 10
1 10
8 6
6 8
12 1
