16 11
2 -7 6 12 11 12 -9 11 19 -16 21 
10 -13 7 3 -3 10 8 24 19 4 12 
2 9 -17 19 14 19 21 23 9 21 7 
-3 15 -18 6 -24 16 14 16 24 8 7 
11 -6 -9 22 19 24 -17 -10 6 -14 13 
-7 23 21 4 -8 -15 13 -6 9 6 19 
14 13 5 25 -22 -8 18 12 -6 17 11 
25 23 21 -3 25 -20 8 -12 -2 -10 4 
4 -10 -2 -12 8 -20 25 -3 21 23 25 
11 17 -6 12 18 -8 -22 25 5 13 14 
19 6 9 -6 13 -15 -8 4 21 23 -7 
13 -14 6 -10 -17 24 19 22 -9 -6 11 
7 8 24 16 14 16 -24 6 -18 15 -3 
7 21 9 23 21 19 14 19 -17 9 2 
12 4 19 24 8 10 -3 3 7 -13 10 
21 -16 19 11 -9 12 11 12 6 -7 2 
50
4
8 2
2 8
12 10
7 5
7 8
13 2
3 0
8 5
12
13 6 16
14 9 10
7 2 11
13 4 15
9 2 13
3 8 10
2 4 16
1 1 10
8 8 11
2 6 15
6 8 13
12 2 10
12
14 5
12 1
1 9
2 1
7 9
8 10
1 5
3 9
14 1
13 9
8 1
7 0
