18 13
12 19 2 27 19 9 -20 -24 9 21 18 22 20 
-25 17 10 21 -21 -27 -7 -14 3 12 13 12 -5 
13 10 15 6 18 -9 1 -26 -2 -24 -16 9 -24 
3 -1 18 -13 21 -21 24 16 27 13 21 10 -10 
27 8 20 17 -19 15 5 0 17 -12 3 19 3 
-23 7 23 12 -1 26 6 26 5 17 2 2 1 
2 24 18 5 6 12 9 5 -8 -4 21 8 27 
5 10 14 -3 3 20 23 25 5 24 15 14 -25 
12 20 14 13 18 20 24 14 1 18 4 1 23 
23 1 4 18 1 14 24 20 18 13 14 20 12 
-25 14 15 24 5 25 23 20 3 -3 14 10 5 
27 8 21 -4 -8 5 9 12 6 5 18 24 2 
1 2 2 17 5 26 6 26 -1 12 23 7 -23 
3 19 3 -12 17 0 5 15 -19 17 20 8 27 
-10 10 21 13 27 16 24 -21 21 -13 18 -1 3 
-24 9 -16 -24 -2 -26 1 -9 18 6 15 10 13 
-5 12 13 12 3 -14 -7 -27 -21 21 10 17 -25 
20 22 18 21 9 -24 -20 9 19 27 2 19 12 
44
4
7 8
17 0
11 0
5 7
10 4
0 12
6 12
12 5
12
11 5 8
14 8 16
15 5 14
14 12 8
15 9 16
8 5 12
6 7 8
3 4 16
2 7 14
3 0 8
2 3 16
9 7 12
14
4 6
12 9
11 8
0 11
1 4
9 8
15 6
13 6
5 3
6 4
17 1
16 8
8 4
2 6
