16 19
1 -24 26 14 -9 10 1 6 7 17 -19 -23 8 14 4 -24 7 17 26 
3 3 -1 2 20 1 -26 -7 24 13 26 17 -28 24 -8 5 -3 7 7 
16 -2 14 -10 -6 11 -13 26 19 13 23 7 -8 13 19 -2 16 -22 11 
-28 9 -12 8 28 6 3 0 21 5 10 14 15 -20 23 27 26 20 18 
11 12 20 19 -19 2 22 -25 17 18 8 -12 22 -14 28 21 13 12 4 
27 27 -27 28 5 19 -11 3 9 12 8 21 22 28 11 -5 -26 18 26 
-7 -8 -22 25 6 15 16 2 6 -6 2 15 20 15 21 -16 20 4 20 
26 24 5 22 25 -16 6 2 22 -28 1 12 8 11 8 11 10 -6 -1 
-1 -6 10 11 8 11 8 12 1 -28 22 2 6 -16 25 22 5 24 26 
20 4 20 -16 21 15 20 15 2 -6 6 2 16 15 6 25 -22 -8 -7 
26 18 -26 -5 11 28 22 21 8 12 9 3 -11 19 5 28 -27 27 27 
4 12 13 21 28 -14 22 -12 8 18 17 -25 22 2 -19 19 20 12 11 
18 20 26 27 23 -20 15 14 10 5 21 0 3 6 28 8 -12 9 -28 
11 -22 16 -2 19 13 -8 7 23 13 19 26 -13 11 -6 -10 14 -2 16 
7 7 -3 5 -8 24 -28 17 26 13 24 -7 -26 1 20 2 -1 3 3 
26 17 7 -24 4 14 8 -23 -19 17 7 6 1 10 -9 14 26 -24 1 
34
3
14 15
9 14
2 8
1 3
6 4
13 10
16
2 6 14
4 12 15
1 14 9
3 11 15
9 0 15
2 18 10
5 16 13
9 6 16
13 12 14
11 6 15
14 4 9
12 7 15
6 18 15
13 0 10
10 2 13
6 12 16
26
4 1
0 12
5 17
0 16
15 18
5 7
10 5
6 17
10 14
13 4
2 9
12 5
5 14
11 17
15 6
10 1
15 2
0 0
10 11
5 13
9 1
5 4
2 14
13 9
3 13
10 4
