20 20
3 4 -1 6 3 -1 0 0 5 6 2 6 3 -3 -3 3 3 6 1 4 
3 0 3 3 -3 2 5 4 5 -4 3 1 6 6 6 5 6 -3 -4 2 
1 4 0 5 4 5 5 5 5 -5 3 3 5 -3 1 4 3 4 -5 3 
2 5 2 1 -5 -3 0 -2 -5 2 -1 6 -1 3 3 1 0 -4 5 6 
0 -3 0 4 6 6 -1 -3 -4 0 6 4 1 0 -5 6 -1 4 -4 6 
5 6 4 2 1 3 0 1 5 6 4 6 3 -5 3 -6 4 -5 4 -5 
-3 -6 1 3 4 -2 2 5 1 -5 6 3 5 3 6 0 2 4 -3 -5 
6 1 2 -3 5 4 -1 0 2 5 5 -2 6 5 5 6 2 4 2 4 
-1 -5 -3 -1 2 -1 1 -4 -6 5 0 6 1 5 0 4 1 -3 -5 4 
-2 4 5 3 1 2 5 2 6 -6 6 6 2 4 -6 2 5 3 3 4 
4 3 3 5 2 -6 4 2 6 6 -6 6 2 5 2 1 3 5 4 -2 
4 -5 -3 1 4 0 5 1 6 0 5 -6 -4 1 -1 2 -1 -3 -5 -1 
4 2 4 2 6 5 5 6 -2 5 5 2 0 -1 4 5 -3 2 1 6 
-5 -3 4 2 0 6 3 5 3 6 -5 1 5 2 -2 4 3 1 -6 -3 
-5 4 -5 4 -6 3 -5 3 6 4 6 5 1 0 3 1 2 4 6 5 
6 -4 4 -1 6 -5 0 1 4 6 0 -4 -3 -1 6 6 4 0 -3 0 
6 5 -4 0 1 3 3 -1 6 -1 2 -5 -2 0 -3 -5 1 2 5 2 
3 -5 4 3 4 1 -3 5 3 3 -5 5 5 5 5 4 5 0 4 1 
2 -4 -3 6 5 6 6 6 1 3 -4 5 4 5 2 -3 3 3 0 3 
4 1 6 3 3 -3 -3 3 6 2 6 5 0 0 -1 3 6 -1 4 3 
34
4
16 17
12 2
13 10
4 17
3 2
7 17
6 9
15 2
12
3 5 15
7 14 10
18 17 15
17 10 16
2 18 14
6 10 16
16 14 15
12 5 10
1 2 15
2 9 16
17 1 14
13 9 16
0
