20 20
9 11 5 -1 -7 4 2 -4 7 5 -5 1 2 3 4 -4 4 10 3 -1 
-11 7 7 10 12 10 0 -9 5 9 3 1 9 5 1 8 10 -5 11 12 
12 11 11 10 6 12 -8 0 -8 4 2 10 -3 5 7 11 -1 4 10 12 
-3 11 8 6 -8 1 8 1 2 -3 10 10 8 9 6 10 4 10 -11 -4 
2 11 8 7 9 4 -8 6 11 -11 9 6 12 5 1 3 4 4 0 12 
10 4 12 1 -8 9 4 4 4 -2 2 4 -3 11 6 9 11 1 6 -7 
2 11 4 9 7 3 11 7 1 8 2 5 -2 6 1 -1 11 -2 -7 -4 
4 10 12 -12 -12 -8 -12 2 4 -7 1 12 10 9 3 -9 -10 5 12 5 
-12 6 2 10 -7 2 8 8 8 -2 11 5 3 -9 0 11 3 -1 -11 -7 
6 8 12 3 -5 0 -1 1 8 -4 5 5 3 9 1 2 7 -8 3 3 
3 3 -8 7 2 1 9 3 5 5 -4 8 1 -1 0 -5 3 12 8 6 
-7 -11 -1 3 11 0 -9 3 5 11 -2 8 8 8 2 -7 10 2 6 -12 
5 12 5 -10 -9 3 9 10 12 1 -7 4 2 -12 -8 -12 -12 12 10 4 
-4 -7 -2 11 -1 1 6 -2 5 2 8 1 7 11 3 7 9 4 11 2 
-7 6 1 11 9 6 11 -3 4 2 -2 4 4 4 9 -8 1 12 4 10 
12 0 4 4 3 1 5 12 6 9 -11 11 6 -8 4 9 7 8 11 2 
-4 -11 10 4 10 6 9 8 10 10 -3 2 1 8 1 -8 6 8 11 -3 
12 10 4 -1 11 7 5 -3 10 2 4 -8 0 -8 12 6 10 11 11 12 
12 11 -5 10 8 1 5 9 1 3 9 5 -9 0 10 12 10 7 7 -11 
-1 3 10 4 -4 4 3 2 1 -5 5 7 -4 2 4 -7 -1 5 11 9 
49
7
18 3
18 11
6 3
4 19
16 5
7 3
8 1
1 16
1 8
13 16
15 0
3 14
12 16
11 18
14
4 3 12
0 4 13
6 2 15
8 0 11
15 9 14
5 18 8
2 8 11
15 16 12
19 15 13
13 17 15
11 19 11
4 10 14
14 1 8
17 11 11
0
