13 14
3 11 15 11 5 4 9 1 -13 4 8 -6 6 -12 
-8 15 -9 -4 11 15 1 9 14 2 1 6 6 12 
15 -2 8 4 8 7 10 -8 -1 -1 -10 15 13 -10 
12 -5 14 5 14 1 4 14 13 0 -9 -15 7 14 
-12 -12 10 13 9 15 10 6 -4 8 8 13 7 -1 
2 0 9 10 10 3 15 -3 -12 15 3 4 9 -6 
-15 15 11 8 13 11 -4 -4 11 13 8 11 15 -15 
-6 9 4 3 15 -12 -3 15 3 10 10 9 0 2 
-1 7 13 8 8 -4 6 10 15 9 13 10 -12 -12 
14 7 -15 -9 0 13 14 4 1 14 5 14 -5 12 
-10 13 15 -10 -1 -1 -8 10 7 8 4 8 -2 15 
12 6 6 1 2 14 9 1 15 11 -4 -9 15 -8 
-12 6 -6 8 4 -13 1 9 4 5 11 15 11 3 
35
6
8 6
10 0
9 7
3 2
5 3
9 12
4 7
2 13
3 6
9 11
7 10
3 1
16
5 10 11
5 12 15
1 12 9
8 1 16
5 9 13
6 12 13
5 7 13
6 7 15
7 3 11
7 1 15
11 1 9
4 12 16
7 4 13
6 1 13
7 6 13
6 6 15
18
12 9
2 8
10 6
2 1
12 13
5 8
6 13
6 11
10 8
0 4
10 5
2 7
10 12
0 0
7 5
6 0
6 2
2 5
