20 20
-6 14 4 -8 1 9 -6 3 9 14 11 4 1 1 10 14 14 5 14 3 
2 3 9 -2 14 13 -9 -1 -14 -4 -1 14 12 4 6 13 9 8 6 11 
13 -14 2 14 9 2 -4 12 3 9 5 12 12 1 2 -12 -9 5 7 3 
12 7 11 -11 -8 4 14 14 7 7 6 -13 9 -11 10 5 5 2 2 11 
12 13 7 14 12 14 11 10 2 7 7 11 10 5 10 10 -6 10 7 11 
9 -14 3 -1 2 7 7 3 7 11 -6 4 12 3 4 11 -1 11 -3 -4 
8 3 10 -8 14 1 7 8 3 7 -12 10 0 -8 6 -10 8 2 0 8 
9 6 0 12 -1 14 0 6 1 5 -6 9 -8 9 7 6 7 11 -7 13 
3 11 6 8 13 2 7 6 -9 -5 2 6 0 -4 10 13 5 0 2 8 
-3 -14 1 10 10 -10 13 12 12 11 11 11 7 2 -8 10 7 12 9 14 
14 9 12 7 10 -8 2 7 11 11 11 12 12 13 -10 10 10 1 -14 -3 
8 2 0 5 13 10 -4 0 6 2 -5 -9 6 7 2 13 8 6 11 3 
13 -7 11 7 6 7 9 -8 9 -6 5 1 6 0 14 -1 12 0 6 9 
8 0 2 8 -10 6 -8 0 10 -12 7 3 8 7 1 14 -8 10 3 8 
-4 -3 11 -1 11 4 3 12 4 -6 11 7 3 7 7 2 -1 3 -14 9 
11 7 10 -6 10 10 5 10 11 7 7 2 10 11 14 12 14 7 13 12 
11 2 2 5 5 10 -11 9 -13 6 7 7 14 14 4 -8 -11 11 7 12 
3 7 5 -9 -12 2 1 12 12 5 9 3 12 -4 2 9 14 2 -14 13 
11 6 8 9 13 6 4 12 14 -1 -4 -14 -1 -9 13 14 -2 9 3 2 
3 14 5 14 14 10 1 1 4 11 14 9 3 -6 9 1 -8 4 14 -6 
57
8
4 8
7 0
6 14
14 12
5 16
3 9
19 4
19 17
15 11
12 19
13 5
5 7
14 3
16 10
0 15
0 2
12
13 16 10
6 1 15
16 11 8
1 9 10
6 5 10
1 18 12
6 3 10
13 18 15
3 8 8
18 10 10
13 14 10
18 1 12
0
