19 20
3 3 5 6 2 0 1 5 -5 -2 2 1 5 4 -4 2 0 6 0 3 
5 5 3 4 2 0 2 1 6 -2 5 3 1 4 4 -3 3 -4 2 4 
5 4 4 5 1 2 5 -5 5 1 2 5 2 -6 -3 1 5 -5 5 3 
4 0 3 6 -3 2 5 5 -2 6 -3 3 5 1 2 0 -4 5 -2 6 
3 5 6 -3 6 2 2 2 0 2 5 0 -6 5 1 -3 2 6 -4 1 
5 -2 4 3 -2 3 3 2 -2 3 6 3 5 5 5 0 3 -4 5 0 
3 -3 6 -6 4 0 4 6 3 6 2 4 2 -5 -4 -3 1 2 0 2 
2 4 -2 5 -3 -5 2 4 -1 3 3 5 4 2 5 -3 5 -4 2 1 
-1 5 3 1 0 -2 0 -2 2 4 -1 1 3 2 4 5 2 -6 2 6 
1 -3 1 3 1 5 1 1 5 3 3 5 1 1 5 1 3 1 -3 1 
6 2 -6 2 5 4 2 3 1 -1 4 2 -2 0 -2 0 1 3 5 -1 
1 2 -4 5 -3 5 2 4 5 3 3 -1 4 2 -5 -3 5 -2 4 2 
2 0 2 1 -3 -4 -5 2 4 2 6 3 6 4 0 4 -6 6 -3 3 
0 5 -4 3 0 5 5 5 3 6 3 -2 2 3 3 -2 3 4 -2 5 
1 -4 6 2 -3 1 5 -6 0 5 2 0 2 2 2 6 -3 6 5 3 
6 -2 5 -4 0 2 1 5 3 -3 6 -2 5 5 2 -3 6 3 0 4 
3 5 -5 5 1 -3 -6 2 5 2 1 5 -5 5 2 1 5 4 4 5 
4 2 -4 3 -3 4 4 1 3 5 -2 6 1 2 0 2 4 3 5 5 
3 0 6 0 2 -4 4 5 1 2 -2 -5 5 1 0 2 6 5 3 3 
34
6
2 0
2 5
12 6
5 2
4 17
8 13
16 19
16 14
6 13
13 17
14 2
10 6
14
11 10 14
16 0 15
18 11 9
8 12 11
13 10 15
17 11 15
4 19 10
7 9 14
2 19 15
0 8 9
10 7 11
5 9 15
1 8 15
14 0 10
28
17 1
17 10
5 12
15 8
8 2
17 3
15 14
14 9
11 7
14 4
3 8
2 4
15 0
2 1
1 18
1 9
13 7
3 11
10 17
1 16
3 5
4 10
7 12
4 15
15 11
16 15
3 19
16 18
