19 17
1 11 5 3 2 21 -7 14 5 1 -4 3 -7 -22 25 11 16 
15 6 -4 -13 1 12 13 27 -17 14 22 24 -15 -14 4 4 15 
14 13 -17 23 -18 -12 19 -1 12 0 24 14 10 8 12 -11 26 
-6 -2 3 13 7 2 23 6 3 17 22 -2 26 23 2 26 17 
2 27 10 25 9 -4 8 10 6 4 4 25 24 -26 -5 11 7 
8 10 4 8 11 22 11 -10 8 11 -26 -18 12 26 -17 -17 22 
15 -1 5 6 6 4 15 3 10 -23 1 -11 13 9 4 11 6 
10 -20 19 2 12 -25 16 6 -5 -9 5 24 -26 -19 2 9 17 
-14 22 6 3 -25 14 5 18 17 11 9 26 22 5 1 7 23 
12 12 12 22 19 6 16 -19 0 -19 16 6 19 22 12 12 12 
23 7 1 5 22 26 9 11 17 18 5 14 -25 3 6 22 -14 
17 9 2 -19 -26 24 5 -9 -5 6 16 -25 12 2 19 -20 10 
6 11 4 9 13 -11 1 -23 10 3 15 4 6 6 5 -1 15 
22 -17 -17 26 12 -18 -26 11 8 -10 11 22 11 8 4 10 8 
7 11 -5 -26 24 25 4 4 6 10 8 -4 9 25 10 27 2 
17 26 2 23 26 -2 22 17 3 6 23 2 7 13 3 -2 -6 
26 -11 12 8 10 14 24 0 12 -1 19 -12 -18 23 -17 13 14 
15 4 4 -14 -15 24 22 14 -17 27 13 12 1 -13 -4 6 15 
16 11 25 -22 -7 3 -4 1 5 14 -7 21 2 3 5 11 1 
54
4
17 8
2 6
17 0
5 4
1 8
16 10
1 16
13 12
20
13 9 8
5 10 8
5 9 9
4 7 13
13 14 11
6 8 14
11 2 13
0 10 8
3 15 13
8 0 13
5 7 8
13 6 8
13 7 9
14 9 13
5 2 11
12 8 14
7 14 13
18 6 8
15 1 13
10 16 13
28
5 1
10 3
3 11
2 10
10 12
17 4
7 0
6 4
16 0
17 6
11 4
1 9
2 4
10 8
13 15
8 13
15 5
16 6
8 4
1 12
11 16
12 12
2 16
1 10
7 12
17 7
16 12
8 8
