20 20
1 1 -4 10 10 1 5 -4 6 3 2 -8 -3 10 -3 9 9 -5 6 7 
9 2 4 0 10 9 7 1 -6 -6 6 2 10 7 -3 7 1 -6 2 -9 
0 7 -4 5 3 8 10 3 6 3 8 8 7 -3 1 2 1 4 9 6 
8 3 2 5 7 5 2 -5 2 -4 -5 -8 6 -8 1 5 9 -6 5 8 
-10 8 3 10 4 4 4 5 -5 -8 8 -8 4 -1 2 7 -2 7 0 4 
3 9 8 1 3 -6 5 3 1 5 4 -5 8 -6 7 1 5 1 5 -7 
-3 6 10 2 3 4 0 3 8 3 -6 -6 -9 10 9 10 -1 -8 10 0 
0 5 6 2 4 -10 5 3 7 -9 6 10 2 8 3 5 -2 -8 2 -10 
0 2 1 -5 6 5 3 7 10 2 6 -7 7 2 8 6 5 10 7 -4 
1 9 10 2 -5 -7 6 4 -10 8 2 1 4 1 4 1 -10 -2 8 4 
4 8 -2 -10 1 4 1 4 1 2 8 -10 4 6 -7 -5 2 10 9 1 
-4 7 10 5 6 8 2 7 -7 6 2 10 7 3 5 6 -5 1 2 0 
-10 2 -8 -2 5 3 8 2 10 6 -9 7 3 5 -10 4 2 6 5 0 
0 10 -8 -1 10 9 10 -9 -6 -6 3 8 3 0 4 3 2 10 6 -3 
-7 5 1 5 1 7 -6 8 -5 4 5 1 3 5 -6 3 1 8 9 3 
4 0 7 -2 7 2 -1 4 -8 8 -8 -5 5 4 4 4 10 3 8 -10 
8 5 -6 9 5 1 -8 6 -8 -5 -4 2 -5 2 5 7 5 2 3 8 
6 9 4 1 2 1 -3 7 8 8 3 6 3 10 8 3 5 -4 7 0 
-9 2 -6 1 7 -3 7 10 2 6 -6 -6 1 7 9 10 0 4 2 9 
7 6 -5 9 9 -3 10 -3 -8 2 3 6 -4 5 1 10 10 -4 1 1 
40
6
16 7
2 19
8 3
2 4
16 0
19 4
3 12
17 0
11 16
17 15
3 19
0 15
12
16 19 15
9 8 9
2 11 15
10 15 11
4 9 8
6 5 14
3 0 15
10 11 9
17 8 15
9 4 11
15 10 8
13 14 14
0
