15 17
4 2 6 1 12 2 12 5 10 1 -4 5 2 6 4 3 -10 
5 11 11 11 0 -6 6 2 4 11 6 5 11 6 6 2 -10 
9 1 8 -1 4 11 11 0 -3 -9 9 12 1 -8 4 0 6 
-12 8 12 10 1 -9 8 6 -10 4 -9 12 2 -9 -5 10 4 
0 -9 7 8 7 11 -6 3 -6 6 1 6 -10 11 9 0 3 
-1 12 -12 11 3 -1 6 -1 5 7 -8 -7 0 5 -1 -3 -9 
-1 11 5 7 2 -4 12 -10 0 1 1 0 9 -3 8 4 2 
3 2 -11 4 1 1 -3 12 -9 12 -3 1 1 4 -11 2 3 
2 4 8 -3 9 0 1 1 0 -10 12 -4 2 7 5 11 -1 
-9 -3 -1 5 0 -7 -8 7 5 -1 6 -1 3 11 -12 12 -1 
3 0 9 11 -10 6 1 6 -6 3 -6 11 7 8 7 -9 0 
4 10 -5 -9 2 12 -9 4 -10 6 8 -9 1 10 12 8 -12 
6 0 4 -8 1 12 9 -9 -3 0 11 11 4 -1 8 1 9 
-10 2 6 6 11 5 6 11 4 2 6 -6 0 11 11 11 5 
-10 3 4 6 2 5 -4 1 10 5 12 2 12 1 6 2 4 
44
5
13 4
2 8
8 14
8 6
7 2
1 12
12 8
6 2
6 10
7 14
12
5 12 12
4 12 13
1 3 13
12 9 10
0 2 8
7 6 16
9 4 12
10 4 13
13 13 13
2 7 10
14 14 8
7 10 16
18
11 4
12 7
6 16
12 16
13 12
8 15
6 3
12 5
14 9
3 12
2 9
8 0
2 0
1 4
6 1
8 13
2 11
0 7
