16 13
2 0 -5 7 2 1 6 1 4 0 6 6 2 
-6 0 3 2 6 -5 2 -3 7 -4 5 5 -7 
0 -5 3 5 5 5 -4 1 7 3 7 3 6 
4 3 2 7 2 2 -2 3 7 1 6 7 6 
7 5 5 5 -4 5 7 1 -7 6 7 -7 -5 
-7 7 4 -6 -5 3 1 4 -7 6 5 3 7 
3 7 -4 5 3 3 -2 7 -3 -4 -6 0 3 
4 7 4 5 2 7 3 0 4 -1 3 6 7 
7 6 3 -1 4 0 3 7 2 5 4 7 4 
3 0 -6 -4 -3 7 -2 3 3 5 -4 7 3 
7 3 5 6 -7 4 1 3 -5 -6 4 7 -7 
-5 -7 7 6 -7 1 7 5 -4 5 5 5 7 
6 7 6 1 7 3 -2 2 2 7 2 3 4 
6 3 7 3 7 1 -4 5 5 5 3 -5 0 
-7 5 5 -4 7 -3 2 -5 6 2 3 0 -6 
2 6 6 0 4 1 6 1 2 7 -5 0 2 
42
5
13 1
1 9
8 7
4 1
9 5
2 11
14 3
7 5
11 11
6 7
14
10 3 15
9 0 14
1 7 8
15 3 10
13 11 14
4 5 11
1 6 9
5 9 15
6 12 14
14 5 8
0 9 10
2 1 14
11 7 11
14 6 9
12
7 9
11 12
7 2
15 10
14 8
4 10
8 3
4 0
8 10
0 2
1 4
11 2
