17 15
3 1 1 1 2 1 1 -1 3 3 2 -3 2 2 2 
-1 2 -1 0 -3 -3 3 1 0 2 0 -1 3 1 -1 
3 1 2 1 0 0 -2 -2 3 -1 3 3 -1 3 0 
3 1 0 -2 1 0 0 1 2 3 1 3 2 -2 -1 
-2 -2 2 3 3 0 1 2 -3 2 2 1 -1 1 3 
2 1 1 2 1 3 0 2 -2 0 2 0 0 0 -2 
0 1 1 3 3 3 -1 2 2 3 3 2 2 1 1 
1 2 0 2 1 0 3 1 3 3 -1 -3 -3 0 3 
-1 1 0 1 3 0 0 3 0 0 3 1 0 1 -1 
3 0 -3 -3 -1 3 3 1 3 0 1 2 0 2 1 
1 1 2 2 3 3 2 2 -1 3 3 3 1 1 0 
-2 0 0 0 2 0 -2 2 0 3 1 2 1 1 2 
3 1 -1 1 2 2 -3 2 1 0 3 3 2 -2 -2 
-1 -2 2 3 1 3 2 1 0 0 1 -2 0 1 3 
0 3 -1 3 3 -1 3 -2 -2 0 0 1 2 1 3 
-1 1 3 -1 0 2 0 1 3 -3 -3 0 -1 2 -1 
2 2 2 -3 2 3 3 -1 1 1 2 1 1 1 3 
38
5
4 14
9 8
13 2
11 0
15 12
12 0
7 6
3 12
5 14
1 2
10
13 10 16
0 2 16
5 0 11
11 9 11
3 1 10
3 4 16
16 12 16
11 14 11
5 5 11
13 13 10
16
2 5
8 9
15 4
14 5
8 14
16 9
6 1
0 12
14 9
8 5
1 10
2 9
8 0
0 5
10 13
16 2
