20 20
-1 -11 14 11 4 8 10 4 6 12 5 13 9 14 7 8 -2 8 -6 15 
1 5 13 8 7 3 6 2 12 13 -9 15 11 2 14 12 -3 8 -9 5 
12 8 3 -2 2 -11 11 7 7 -14 11 8 -10 12 -2 14 5 15 -5 9 
7 11 4 1 4 3 12 -8 9 -12 12 -1 13 -4 2 -14 -3 -13 11 -5 
1 5 6 5 10 -12 6 -13 12 6 9 8 12 13 5 -1 15 5 9 13 
14 3 6 -15 -8 5 1 13 -5 3 5 12 4 14 11 15 15 6 -11 4 
5 12 15 -13 -7 -11 13 -12 10 10 6 -10 -1 -6 15 -5 1 -4 0 5 
5 4 0 5 8 -5 3 5 9 6 3 12 1 7 -7 14 -11 10 9 -13 
10 6 8 5 9 -15 2 5 -5 6 8 -5 -13 1 6 -15 -15 13 2 -5 
10 10 3 -8 -1 11 10 6 10 9 -5 5 11 10 1 4 4 15 15 0 
0 15 15 4 4 1 10 11 5 -5 9 10 6 10 11 -1 -8 3 10 10 
-5 2 13 -15 -15 6 1 -13 -5 8 6 -5 5 2 -15 9 5 8 6 10 
-13 9 10 -11 14 -7 7 1 12 3 6 9 5 3 -5 8 5 0 4 5 
5 0 -4 1 -5 15 -6 -1 -10 6 10 10 -12 13 -11 -7 -13 15 12 5 
4 -11 6 15 15 11 14 4 12 5 3 -5 13 1 5 -8 -15 6 3 14 
13 9 5 15 -1 5 13 12 8 9 6 12 -13 6 -12 10 5 6 5 1 
-5 11 -13 -3 -14 2 -4 13 -1 12 -12 9 -8 12 3 4 1 4 11 7 
9 -5 15 5 14 -2 12 -10 8 11 -14 7 7 11 -11 2 -2 3 8 12 
5 -9 8 -3 12 14 2 11 15 -9 13 12 2 6 3 7 8 13 5 1 
15 -6 8 -2 8 7 14 9 13 5 12 6 4 10 8 4 11 14 -11 -1 
42
8
15 2
17 5
2 1
2 16
17 15
6 14
12 0
16 10
4 17
2 14
17 18
17 3
2 4
13 5
7 19
3 9
20
17 7 11
9 15 14
14 10 13
6 7 16
18 10 15
9 17 10
12 1 10
10 15 14
2 13 8
18 5 13
2 12 11
10 4 14
5 9 13
13 12 16
1 9 15
10 2 10
7 18 10
9 4 14
17 6 8
1 14 13
0
