16 14
-11 15 -6 1 11 12 -8 7 13 4 4 5 11 3 
10 -4 8 17 -15 14 7 -8 12 13 -5 -13 5 3 
10 1 1 10 -17 1 7 5 7 8 -7 5 -17 11 
4 15 0 -16 5 7 16 -16 16 4 -10 0 9 5 
9 10 4 -1 3 16 -16 -17 11 17 2 7 -11 11 
12 1 9 1 16 0 1 13 15 14 1 13 3 -13 
17 -15 -14 5 13 12 -17 6 14 12 8 13 15 6 
-12 11 11 15 9 1 -17 10 2 -15 0 9 1 4 
4 1 9 0 -15 2 10 -17 1 9 15 11 11 -12 
6 15 13 8 12 14 6 -17 12 13 5 -14 -15 17 
-13 3 13 1 14 15 13 1 0 16 1 9 1 12 
11 -11 7 2 17 11 -17 -16 16 3 -1 4 10 9 
5 9 0 -10 4 16 -16 16 7 5 -16 0 15 4 
11 -17 5 -7 8 7 5 7 1 -17 10 1 1 10 
3 5 -13 -5 13 12 -8 7 14 -15 17 8 -4 10 
3 11 5 4 4 13 7 -8 12 11 1 -6 15 -11 
30
7
5 2
9 0
15 9
0 6
0 2
15 8
5 13
10 11
6 13
0 4
15 7
15 11
0 5
10 0
6
5 10 8
15 5 13
13 2 14
10 3 8
0 8 13
2 11 14
20
3 2
2 9
0 11
12 13
6 12
4 7
7 5
12 0
4 10
11 12
12 11
13 4
15 2
3 0
9 1
11 6
8 8
3 13
11 3
4 1
