15 19
7 2 7 4 2 7 9 7 -7 -7 -3 2 3 -3 9 1 6 1 6 
5 6 -1 5 6 9 8 -3 9 -2 3 7 -3 3 8 -6 2 3 -4 
1 -3 6 6 3 2 7 1 8 4 -5 3 -6 9 4 0 1 -6 0 
5 -7 3 4 5 -4 2 1 1 4 8 0 -4 0 9 9 9 9 5 
6 7 -8 9 4 5 3 3 -9 -2 5 -1 2 8 7 9 0 4 9 
7 3 5 5 -7 5 3 -5 -8 -8 -3 2 3 7 1 1 -9 9 5 
-5 7 6 7 -2 3 -7 2 5 3 8 9 -3 3 4 -9 -1 1 -1 
9 3 4 0 1 9 1 3 8 -7 8 3 1 9 1 0 4 3 9 
-1 1 -1 -9 4 3 -3 9 8 3 5 2 -7 3 -2 7 6 7 -5 
5 9 -9 1 1 7 3 2 -3 -8 -8 -5 3 5 -7 5 5 3 7 
9 4 0 9 7 8 2 -1 5 -2 -9 3 3 5 4 9 -8 7 6 
5 9 9 9 9 0 -4 0 8 4 1 1 2 -4 5 4 3 -7 5 
0 -6 1 0 4 9 -6 3 -5 4 8 1 7 2 3 6 6 -3 1 
-4 3 2 -6 8 3 -3 7 3 -2 9 -3 8 9 6 5 -1 6 5 
6 1 6 1 9 -3 3 2 -3 -7 -7 7 9 7 2 4 7 2 7 
39
3
10 13
4 7
14 2
4 5
10 11
0 16
16
10 7 10
12 18 12
7 3 8
2 6 8
8 2 12
5 16 9
0 7 11
1 0 13
4 11 10
2 0 12
7 15 8
12 12 8
6 16 12
9 2 9
14 11 11
13 18 13
18
6 4
2 7
13 11
13 2
12 2
14 9
1 17
12 0
4 10
8 14
12 11
1 7
1 16
2 16
0 9
13 1
2 18
10 8
