18 17
9 2 6 2 6 9 8 1 2 1 2 5 4 5 6 3 8 
8 6 0 7 9 0 2 -2 4 2 -5 3 0 8 4 8 1 
9 -6 -2 2 8 7 3 -8 3 6 9 3 4 1 2 -5 -7 
9 -2 7 9 7 9 4 3 -9 6 2 8 3 6 6 3 -4 
1 3 1 0 5 1 5 1 8 8 4 8 5 -4 -1 3 -1 
-1 9 -5 9 2 4 6 1 5 3 2 8 2 2 4 1 1 
9 1 -7 -6 -9 -6 1 7 0 8 8 -7 6 -2 -5 5 -9 
2 3 3 -5 6 5 -8 8 5 4 -2 2 -5 -7 4 6 9 
3 1 -7 6 0 7 5 1 1 4 -9 -7 8 8 7 4 9 
9 4 7 8 8 -7 -9 4 1 1 5 7 0 6 -7 1 3 
9 6 4 -7 -5 2 -2 4 5 8 -8 5 6 -5 3 3 2 
-9 5 -5 -2 6 -7 8 8 0 7 1 -6 -9 -6 -7 1 9 
1 1 4 2 2 8 2 3 5 1 6 4 2 9 -5 9 -1 
-1 3 -1 -4 5 8 4 8 8 1 5 1 5 0 1 3 1 
-4 3 6 6 3 8 2 6 -9 3 4 9 7 9 7 -2 9 
-7 -5 2 1 4 3 9 6 3 -8 3 7 8 2 -2 -6 9 
1 8 4 8 0 3 -5 2 4 -2 2 0 9 7 0 6 8 
8 3 6 5 4 5 2 1 2 1 8 9 6 2 6 2 9 
48
2
15 9
16 4
2 7
1 12
6
2 13 11
11 6 10
15 12 15
15 3 11
6 10 10
2 4 15
22
1 7
1 15
16 5
16 3
14 1
0 12
16 10
11 0
14 10
0 1
3 0
16 9
16 1
1 11
1 13
3 15
17 4
1 6
6 16
3 6
17 15
14 16
