20 20
6 8 -3 2 8 7 -2 -6 6 8 9 -9 2 6 6 8 7 1 6 9 
4 3 7 0 9 9 6 8 0 3 -1 3 6 -3 5 5 7 5 9 3 
4 4 0 1 -7 -9 6 8 -4 4 7 0 2 7 5 -4 5 -7 1 6 
5 8 5 4 9 7 4 -1 -2 -2 -9 8 9 3 1 4 4 6 6 3 
0 6 3 7 -5 8 4 9 5 7 -8 5 9 4 9 8 4 2 8 8 
3 4 6 5 0 4 1 -1 9 4 9 1 -6 8 2 0 -6 6 0 2 
9 8 6 0 4 5 -1 7 5 2 -4 9 6 8 5 5 7 3 8 5 
5 -9 4 1 3 6 7 5 1 6 7 6 -8 4 -5 3 9 3 6 -9 
4 0 -8 1 2 3 -6 -7 9 -1 1 5 2 3 9 7 -1 -9 5 7 
6 2 6 2 1 7 -9 2 4 6 0 4 -4 -4 8 0 3 -2 7 6 
6 7 -2 3 0 8 -4 -4 4 0 6 4 2 -9 7 1 2 6 2 6 
7 5 -9 -1 7 9 3 2 5 1 -1 9 -7 -6 3 2 1 -8 0 4 
-9 6 3 9 3 -5 4 -8 6 7 6 1 5 7 6 3 1 4 -9 5 
5 8 3 7 5 5 8 6 9 -4 2 5 7 -1 5 4 0 6 8 9 
2 0 6 -6 0 2 8 -6 1 9 4 9 -1 1 4 0 5 6 4 3 
8 8 2 4 8 9 4 9 5 -8 7 5 9 4 8 -5 7 3 6 0 
3 6 6 4 4 1 3 9 8 -9 -2 -2 -1 4 7 9 4 5 8 5 
6 1 -7 5 -4 5 7 2 0 7 4 -4 8 6 -9 -7 1 0 4 4 
3 9 5 7 5 5 -3 6 3 -1 3 0 8 6 9 9 0 7 3 4 
9 6 1 7 8 6 6 2 -9 9 8 6 -6 -2 7 8 2 -3 8 6 
38
5
10 9
7 14
18 15
13 3
1 14
9 10
12 5
1 4
6 16
18 5
8
14 12 15
11 17 15
8 6 14
15 13 12
5 7 15
8 2 15
11 13 14
4 6 12
0
