14 16
10 11 -7 6 10 1 -5 12 -2 -3 7 10 10 -7 -6 1 
6 5 7 8 13 -10 -11 -11 5 6 -10 4 4 2 -10 13 
9 -4 -7 -1 13 9 -13 6 -6 2 3 -11 2 10 2 6 
1 -2 -3 2 5 10 11 13 8 4 12 -11 1 7 9 7 
3 -3 9 -12 6 6 -5 0 -4 -10 -11 -10 12 10 11 -13 
-8 0 4 10 0 -3 -5 2 11 5 8 8 1 -8 -8 8 
1 -6 7 -9 8 -3 6 8 -8 9 3 1 -12 10 7 7 
7 7 10 -12 1 3 9 -8 8 6 -3 8 -9 7 -6 1 
8 -8 -8 1 8 8 5 11 2 -5 -3 0 10 4 0 -8 
-13 11 10 12 -10 -11 -10 -4 0 -5 6 6 -12 9 -3 3 
7 9 7 1 -11 12 4 8 13 11 10 5 2 -3 -2 1 
6 2 10 2 -11 3 2 -6 6 -13 9 13 -1 -7 -4 9 
13 -10 2 4 4 -10 6 5 -11 -11 -10 13 8 7 5 6 
1 -6 -7 10 10 7 -3 -2 12 -5 1 10 6 -7 11 10 
34
7
10 11
13 0
3 0
13 4
0 4
3 14
7 8
3 4
0 15
10 15
0 11
13 11
10 1
6 7
14
4 12 9
9 2 13
2 12 14
5 4 12
6 12 16
8 1 12
4 2 10
9 3 9
4 13 13
11 3 14
8 11 12
7 3 16
5 14 12
9 13 10
22
1 3
5 8
7 5
6 13
13 8
9 4
10 14
4 3
9 8
5 6
13 7
12 12
8 7
6 10
7 2
0 7
4 11
3 1
9 12
4 7
8 9
0 8
