11 15
0 3 3 3 3 0 -3 0 4 1 -3 3 -3 2 -2 
4 3 3 0 4 4 1 0 4 -1 0 -2 -3 -2 0 
2 4 0 1 4 -3 1 2 1 2 -3 1 1 2 3 
-1 -2 4 -1 -1 1 -1 3 0 -2 3 2 -2 3 1 
4 0 4 4 2 4 -4 3 3 4 1 2 -3 4 2 
-1 -4 4 4 0 -2 3 1 3 -2 0 4 4 -4 -1 
2 4 -3 2 1 4 3 3 -4 4 2 4 4 0 4 
1 3 -2 2 3 -2 0 3 -1 1 -1 -1 4 -2 -1 
3 2 1 1 -3 2 1 2 1 -3 4 1 0 4 2 
0 -2 -3 -2 0 -1 4 0 1 4 4 0 3 3 4 
-2 2 -3 3 -3 1 4 0 -3 0 3 3 3 3 0 
31
5
7 0
10 5
7 11
9 3
1 13
3 14
0 9
3 3
1 11
9 1
20
7 8 15
4 7 9
2 11 8
3 0 14
3 5 9
2 4 11
1 6 13
7 10 8
0 13 16
7 12 12
3 6 15
6 7 9
8 3 8
7 14 14
7 9 9
8 10 11
9 8 13
3 4 8
10 1 16
3 2 12
14
3 9
8 1
9 2
6 11
7 4
6 3
0 2
7 5
2 13
1 12
4 3
3 10
4 11
10 12
