20 20
-23 28 25 -26 29 11 20 5 23 4 23 14 -26 27 29 7 29 17 23 10 
13 25 -13 4 16 5 8 7 25 27 14 -21 12 13 10 15 28 30 26 -19 
13 10 27 16 5 22 9 -6 -26 16 24 -20 4 11 25 29 -8 -19 6 24 
2 13 -2 5 -21 5 18 24 1 4 -11 10 23 -26 -8 29 27 30 20 0 
26 0 7 22 -21 7 14 16 7 20 25 26 -16 10 28 23 30 -19 -9 -12 
4 -8 -18 -22 18 29 18 29 26 14 1 -27 -13 -14 25 16 -24 28 2 9 
18 2 27 -24 -14 -3 4 -15 19 5 17 29 16 19 16 23 30 17 7 -27 
8 10 23 15 -16 13 -8 -30 0 29 26 -3 24 10 20 -4 -13 -2 -16 18 
3 3 -10 2 5 18 14 6 6 21 5 9 30 6 12 -25 26 6 10 14 
14 10 13 18 -29 -15 25 14 3 25 11 -6 -27 7 15 -22 11 5 14 17 
17 14 5 11 -22 15 7 -27 -6 11 25 3 14 25 -15 -29 18 13 10 14 
14 10 6 26 -25 12 6 30 9 5 21 6 6 14 18 5 2 -10 3 3 
18 -16 -2 -13 -4 20 10 24 -3 26 29 0 -30 -8 13 -16 15 23 10 8 
-27 7 17 30 23 16 19 16 29 17 5 19 -15 4 -3 -14 -24 27 2 18 
9 2 28 -24 16 25 -14 -13 -27 1 14 26 29 18 29 18 -22 -18 -8 4 
-12 -9 -19 30 23 28 10 -16 26 25 20 7 16 14 7 -21 22 7 0 26 
0 20 30 27 29 -8 -26 23 10 -11 4 1 24 18 5 -21 5 -2 13 2 
24 6 -19 -8 29 25 11 4 -20 24 16 -26 -6 9 22 5 16 27 10 13 
-19 26 30 28 15 10 13 12 -21 14 27 25 7 8 5 16 4 -13 25 13 
10 23 17 29 7 29 27 -26 14 23 4 23 5 20 11 29 -26 25 28 -23 
55
8
3 15
0 8
9 10
4 17
11 0
12 2
6 1
17 19
16 4
19 11
10 9
15 2
8 19
7 17
13 18
2 0
10
15 5 13
1 16 9
4 0 8
12 13 11
11 6 12
4 14 13
18 3 9
15 19 8
7 6 11
8 13 12
30
10 8
1 5
18 19
13 4
2 6
11 13
9 0
12 5
8 12
16 5
9 14
19 18
19 1
0 9
1 14
9 11
18 14
1 0
6 15
17 13
8 6
10 19
7 14
11 7
3 14
10 5
0 1
0 18
19 10
18 5
