13 14
5 3 5 -3 3 4 1 3 1 5 -6 5 -4 3 
-6 6 2 -3 1 6 3 6 6 4 2 6 1 3 
5 2 4 3 5 4 0 -2 1 3 -5 3 -5 3 
2 3 6 3 6 0 3 5 4 0 2 0 3 0 
3 3 2 2 4 0 -3 1 0 -2 5 1 1 1 
6 -2 2 1 -3 6 4 -6 2 0 3 -3 6 0 
2 0 -6 1 0 6 -3 -3 6 0 1 -6 0 2 
0 6 -3 3 0 2 -6 4 6 -3 1 2 -2 6 
1 1 1 5 -2 0 1 -3 0 4 2 2 3 3 
0 3 0 2 0 4 5 3 0 6 3 6 3 2 
3 -5 3 -5 3 1 -2 0 4 5 3 4 2 5 
3 1 6 2 4 6 6 3 6 1 -3 2 6 -6 
3 -4 5 -6 5 1 3 1 4 3 -3 5 3 5 
39
6
3 0
6 0
2 13
12 0
8 3
9 12
9 13
6 13
10 0
0 13
4 10
3 1
12
1 13 14
2 11 8
10 4 9
12 10 8
6 8 16
1 7 12
11 0 14
10 2 8
2 9 9
0 3 8
6 5 16
11 6 12
14
8 12
5 8
2 5
7 1
9 11
7 10
1 6
4 1
7 5
10 8
5 12
3 2
5 3
11 7
