15 20
1 5 -6 0 0 3 4 -3 2 3 -3 3 5 3 5 5 3 1 1 0 
-1 3 2 -6 0 1 6 5 4 -6 4 6 5 -4 5 2 -1 5 0 1 
2 3 -1 1 -1 -4 2 1 6 4 -3 6 0 -5 -6 2 2 0 6 5 
0 3 2 5 3 1 6 4 5 2 5 -4 2 1 -2 5 -3 6 4 -5 
6 5 3 -5 -4 4 5 3 4 6 -6 -3 2 5 5 6 -2 2 1 4 
2 6 1 4 6 6 2 -1 5 5 6 -5 1 -2 0 -3 4 3 -4 -5 
4 2 2 5 6 5 1 -5 -1 -5 0 0 5 4 3 6 4 3 2 5 
2 -2 1 4 2 1 6 1 -6 5 5 -6 1 6 1 2 4 1 -2 2 
5 2 3 4 6 3 4 5 0 0 -5 -1 -5 1 5 6 5 2 2 4 
-5 -4 3 4 -3 0 -2 1 -5 6 5 5 -1 2 6 6 4 1 6 2 
4 1 2 -2 6 5 5 2 -3 -6 6 4 3 5 4 -4 -5 3 5 6 
-5 4 6 -3 5 -2 1 2 -4 5 2 5 4 6 1 3 5 2 3 0 
5 6 0 2 2 -6 -5 0 6 -3 4 6 1 2 -4 -1 1 -1 3 2 
1 0 5 -1 2 5 -4 5 6 4 -6 4 5 6 1 0 -6 2 3 -1 
0 1 1 3 5 5 3 5 3 -3 3 2 -3 4 3 0 0 -6 5 1 
58
4
6 7
4 9
3 8
2 4
8 12
10 10
11 11
12 15
14
14 4 8
13 8 13
1 4 8
9 6 12
2 11 14
10 16 12
7 8 10
0 15 8
1 11 13
13 15 8
5 13 12
12 8 14
4 3 12
7 11 10
20
7 2
5 17
5 11
13 3
5 0
9 11
4 17
7 5
12 9
11 8
7 17
9 2
9 8
1 16
9 19
5 8
10 2
7 14
2 10
3 11
