20 20
7 -9 5 4 5 9 3 13 13 6 -2 -4 0 10 -3 11 9 -2 5 3 
2 9 0 13 -11 2 8 -9 5 -4 4 2 -1 1 8 13 9 6 11 5 
8 6 -11 -5 13 6 3 7 12 6 -2 13 -2 10 8 13 8 13 5 1 
11 2 1 -5 11 12 0 10 7 13 4 -12 9 4 -4 8 13 1 -6 -6 
3 5 11 -10 0 8 11 13 -11 0 -3 9 -1 11 12 11 6 11 3 8 
2 7 -3 -12 12 6 3 11 13 2 6 -12 7 5 9 1 -2 12 7 6 
6 11 13 -2 12 2 13 1 8 1 1 -2 5 8 -12 11 8 5 3 -3 
12 1 6 -7 1 12 2 4 3 12 11 4 -12 10 5 2 7 -4 3 -6 
10 1 -1 -6 9 7 3 7 11 -12 1 8 -1 3 -12 8 0 -10 8 4 
7 3 9 -4 8 2 10 9 5 -6 12 -5 7 9 -9 10 7 12 4 5 
5 4 12 7 10 -9 9 7 -5 12 -6 5 9 10 2 8 -4 9 3 7 
4 8 -10 0 8 -12 3 -1 8 1 -12 11 7 3 7 9 -6 -1 1 10 
-6 3 -4 7 2 5 10 -12 4 11 12 3 4 2 12 1 -7 6 1 12 
-3 3 5 8 11 -12 8 5 -2 1 1 8 1 13 2 12 -2 13 11 6 
6 7 12 -2 1 9 5 7 -12 6 2 13 11 3 6 12 -12 -3 7 2 
8 3 11 6 11 12 11 -1 9 -3 0 -11 13 11 8 0 -10 11 5 3 
-6 -6 1 13 8 -4 4 9 -12 4 13 7 10 0 12 11 -5 1 2 11 
1 5 13 8 13 8 10 -2 13 -2 6 12 7 3 6 13 -5 -11 6 8 
5 11 6 9 13 8 1 -1 2 4 -4 5 -9 8 2 -11 13 0 9 2 
3 5 -2 9 11 -3 10 0 -4 -2 6 13 13 3 9 5 4 5 -9 7 
53
4
13 10
7 0
12 13
0 8
6 9
12 19
7 6
19 11
12
8 0 15
18 0 16
8 6 13
12 7 13
3 9 8
18 9 15
11 19 15
1 19 16
11 13 13
7 12 13
16 10 8
1 10 15
0
