10 19
5 -3 1 -7 -14 2 12 4 12 6 -11 3 6 16 15 16 -14 -13 -10 
5 12 6 -10 7 9 13 15 2 -6 13 11 6 2 1 3 7 13 9 
6 12 4 16 -4 -7 0 -5 12 8 15 -4 9 12 0 14 16 -16 -2 
-7 3 6 12 6 13 0 -3 15 7 -4 9 1 6 1 14 -16 11 7 
6 -15 2 6 -8 11 9 14 -11 -9 -15 12 5 7 16 -11 15 -10 13 
13 -10 15 -11 16 7 5 12 -15 -9 -11 14 9 11 -8 6 2 -15 6 
7 11 -16 14 1 6 1 9 -4 7 15 -3 0 13 6 12 6 3 -7 
-2 -16 16 14 0 12 9 -4 15 8 12 -5 0 -7 -4 16 4 12 6 
9 13 7 3 1 2 6 11 13 -6 2 15 13 9 7 -10 6 12 5 
-10 -13 -14 16 15 16 6 3 -11 6 12 4 12 2 -14 -7 1 -3 5 
44
6
2 10
9 5
2 8
3 13
8 12
7 15
7 8
0 13
7 10
6 5
1 6
2 3
10
6 2 14
3 2 10
0 4 14
4 10 10
5 6 12
3 16 14
6 16 10
9 14 14
5 8 10
4 12 12
14
4 9
5 12
3 5
3 1
8 1
9 18
0 16
5 9
4 6
6 13
6 17
1 17
0 0
9 2
