20 20
7 0 10 -5 6 9 8 7 -9 7 4 -8 -11 -10 3 -8 4 8 3 5 
1 -1 4 4 -9 9 7 3 2 -10 10 7 2 5 10 9 -3 7 5 7 
-2 9 -5 7 -4 -6 3 -10 11 -8 10 2 -3 1 8 -1 -2 4 4 3 
1 -11 10 -5 -5 5 4 11 -10 0 2 6 6 -2 4 8 9 4 10 9 
5 0 -9 3 1 7 8 4 6 11 -9 5 0 -7 4 6 -4 7 11 11 
9 3 11 3 5 6 5 5 0 7 10 5 9 4 4 -7 -2 3 -10 1 
1 1 4 7 1 6 8 2 11 10 11 -1 1 3 10 8 -5 11 7 -5 
-10 9 10 2 11 2 11 3 -3 -4 10 5 5 -2 0 9 10 4 3 10 
9 -6 2 8 7 -5 9 5 5 0 7 10 4 5 0 7 9 5 6 3 
1 6 7 3 6 7 3 -7 2 -3 3 4 -11 11 1 7 6 11 1 -9 
-9 1 11 6 7 1 11 -11 4 3 -3 2 -7 3 7 6 3 7 6 1 
3 6 5 9 7 0 5 4 10 7 0 5 5 9 -5 7 8 2 -6 9 
10 3 4 10 9 0 -2 5 5 10 -4 -3 3 11 2 11 2 10 9 -10 
-5 7 11 -5 8 10 3 1 -1 11 10 11 2 8 6 1 7 4 1 1 
1 -10 3 -2 -7 4 4 9 5 10 7 0 5 5 6 5 3 11 3 9 
11 11 7 -4 6 4 -7 0 5 -9 11 6 4 8 7 1 3 -9 0 5 
9 10 4 9 8 4 -2 6 6 2 0 -10 11 4 5 -5 -5 10 -11 1 
3 4 4 -2 -1 8 1 -3 2 10 -8 11 -10 3 -6 -4 7 -5 9 -2 
7 5 7 -3 9 10 5 2 7 10 -10 2 3 7 9 -9 4 4 -1 1 
5 3 8 4 -8 3 -10 -11 -8 4 7 -9 7 8 9 6 -5 10 0 7 
45
3
15 9
16 18
19 15
4 10
3 1
0 4
18
4 3 10
19 13 10
0 5 8
17 14 16
9 10 13
6 14 13
8 15 11
18 16 8
16 17 13
15 16 10
0 6 10
19 14 8
2 5 16
10 9 13
13 5 13
11 4 11
1 3 8
3 2 13
0
