11 13
-7 1 4 6 9 9 2 0 2 4 -7 3 5 
4 1 2 6 6 7 7 -4 -2 6 8 -9 1 
4 9 7 10 10 4 10 2 9 6 -7 2 2 
3 5 -6 10 3 3 7 10 5 -4 8 4 1 
8 -6 9 1 9 7 -5 -4 10 9 8 5 3 
7 8 4 1 6 -9 8 -9 6 1 4 8 7 
3 5 8 9 10 -4 -5 7 9 1 9 -6 8 
1 4 8 -4 5 10 7 3 3 10 -6 5 3 
2 2 -7 6 9 2 10 4 10 10 7 9 4 
1 -9 8 6 -2 -4 7 7 6 6 2 1 4 
5 3 -7 4 2 0 2 9 9 6 4 1 -7 
33
7
3 1
7 10
6 8
6 1
7 8
10 0
0 9
7 11
3 2
4 4
4 11
3 4
0 12
10 3
10
6 10 11
4 3 11
0 3 11
8 2 12
6 0 13
4 2 11
6 9 11
10 9 11
2 10 12
4 12 13
8
9 4
3 12
3 8
10 6
1 8
7 0
7 4
0 6
