17 11
-10 11 14 6 -9 1 3 -14 0 12 -6 
14 3 8 -13 16 7 -13 2 -1 4 1 
-5 8 11 -4 10 6 -7 -6 4 -9 9 
9 6 10 3 4 3 5 -11 15 -7 -8 
8 16 -16 -16 11 1 -12 -3 -16 16 -4 
15 1 10 -6 13 6 7 1 9 0 10 
9 8 6 11 3 3 7 -13 4 11 -16 
9 13 -16 8 9 15 2 -6 16 3 3 
9 9 0 8 12 -13 12 8 0 9 9 
3 3 16 -6 2 15 9 8 -16 13 9 
-16 11 4 -13 7 3 3 11 6 8 9 
10 0 9 1 7 6 13 -6 10 1 15 
-4 16 -16 -3 -12 1 11 -16 -16 16 8 
-8 -7 15 -11 5 3 4 3 10 6 9 
9 -9 4 -6 -7 6 10 -4 11 8 -5 
1 4 -1 2 -13 7 16 -13 8 3 14 
-6 12 0 -14 3 1 -9 6 14 11 -10 
43
6
12 10
7 4
16 6
3 2
6 0
3 10
4 0
9 6
0 4
13 8
10 10
13 0
6
7 2 9
14 1 13
4 1 14
9 8 9
2 9 13
12 9 14
16
0 8
5 9
9 3
11 5
12 5
1 5
2 4
6 4
16 2
11 1
7 7
5 5
4 5
15 5
14 6
10 6
