20 20
3 2 3 3 -3 3 3 -2 1 -3 2 1 0 0 2 3 0 0 0 3 
1 1 3 1 1 3 -2 -2 -1 -1 1 -2 1 1 3 1 3 2 -3 -1 
0 2 2 2 1 1 -3 1 1 -3 2 0 3 2 3 0 2 3 2 2 
3 0 3 1 1 3 -1 -2 2 1 3 0 2 2 2 -2 1 2 1 1 
2 1 2 -3 2 2 0 3 -1 1 0 3 2 -2 -2 2 1 -3 3 -2 
1 0 -1 -3 2 2 -2 2 2 1 2 -2 2 -3 2 3 1 1 1 3 
2 2 3 2 -2 0 2 3 2 3 0 3 -2 -2 2 0 1 3 -1 -3 
0 2 -3 1 -3 3 -2 2 0 2 2 2 3 3 2 3 2 2 1 0 
-1 2 1 0 3 1 0 3 0 3 1 3 2 -1 1 0 2 1 2 2 
3 3 2 0 2 2 0 -3 3 2 3 -1 2 2 -3 1 3 -3 2 0 
0 2 -3 3 1 -3 2 2 -1 3 2 3 -3 0 2 2 0 2 3 3 
2 2 1 2 0 1 -1 2 3 1 3 0 3 0 1 3 0 1 2 -1 
0 1 2 2 3 2 3 3 2 2 2 0 2 -2 3 -3 1 -3 2 0 
-3 -1 3 1 0 2 -2 -2 3 0 3 2 3 2 0 -2 2 3 2 2 
3 1 1 1 3 2 -3 2 -2 2 1 2 2 -2 2 2 -3 -1 0 1 
-2 3 -3 1 2 -2 -2 2 3 0 1 -1 3 0 2 2 -3 2 1 2 
1 1 2 1 -2 2 2 2 0 3 1 2 -2 -1 3 1 1 3 0 3 
2 2 3 2 0 3 2 3 0 2 -3 1 1 -3 1 1 2 2 2 0 
-1 -3 2 3 1 3 1 1 -2 1 -1 -1 -2 -2 3 1 1 3 1 1 
3 0 0 0 3 2 0 0 1 2 -3 1 -2 3 3 -3 3 3 2 3 
55
8
9 3
15 5
5 6
9 12
13 17
7 5
5 10
19 11
10 16
4 14
14 13
10 7
6 2
12 14
14 9
0 8
20
11 10 8
1 12 12
15 11 9
13 3 12
0 12 10
15 6 16
14 11 9
1 8 9
6 14 8
2 16 15
8 9 8
18 7 12
4 8 9
6 16 12
19 7 10
4 13 16
5 8 9
18 11 9
13 5 8
17 3 15
0
