15 13
1 14 10 0 1 -3 3 12 9 2 -16 7 -3 
10 -15 5 13 -9 13 -13 -6 6 6 12 13 11 
9 0 11 -10 11 7 2 -7 -2 -13 13 2 9 
7 9 -10 5 15 5 6 -1 9 3 10 7 10 
3 3 -11 15 9 12 11 4 -3 -11 16 8 6 
14 9 -12 8 -8 1 10 13 15 11 3 10 -6 
-1 2 16 4 13 7 -3 -14 7 7 -8 5 -8 
12 7 13 16 4 3 8 3 4 16 13 7 12 
-8 5 -8 7 7 -14 -3 7 13 4 16 2 -1 
-6 10 3 11 15 13 10 1 -8 8 -12 9 14 
6 8 16 -11 -3 4 11 12 9 15 -11 3 3 
10 7 10 3 9 -1 6 5 15 5 -10 9 7 
9 2 13 -13 -2 -7 2 7 11 -10 11 0 9 
11 13 12 6 6 -6 -13 13 -9 13 5 -15 10 
-3 7 -16 2 9 12 3 -3 1 0 10 14 1 
57
4
9 4
0 6
13 9
9 1
5 8
14 6
1 3
5 11
14
0 4 16
13 11 13
8 0 16
3 4 11
13 1 14
14 0 10
8 7 16
14 8 16
1 1 13
6 12 16
11 8 11
1 11 14
0 12 10
6 5 16
16
4 3
1 6
9 8
3 5
12 2
2 1
7 9
1 4
10 9
13 6
5 4
11 7
2 10
12 11
7 3
13 8
