16 16
-3 6 -9 11 2 9 7 2 11 -1 6 -10 5 0 8 0 
4 1 4 -2 -3 5 10 -2 -8 1 8 2 1 6 2 5 
1 5 -1 11 8 4 4 6 -1 5 -11 -3 2 -11 -5 4 
2 2 -7 -5 0 -10 11 -9 5 -7 5 7 1 9 -7 -5 
3 3 10 5 10 5 5 -3 1 5 8 -6 2 10 9 -9 
2 2 2 11 6 10 3 8 6 10 11 3 11 6 10 4 
-7 -1 9 9 5 -1 5 3 2 7 9 9 7 5 8 4 
9 6 11 3 6 -10 2 8 -3 0 5 4 4 11 5 4 
4 5 11 4 4 5 0 -3 8 2 -10 6 3 11 6 9 
4 8 5 7 9 9 7 2 3 5 -1 5 9 9 -1 -7 
4 10 6 11 3 11 10 6 8 3 10 6 11 2 2 2 
-9 9 10 2 -6 8 5 1 -3 5 5 10 5 10 3 3 
-5 -7 9 1 7 5 -7 5 -9 11 -10 0 -5 -7 2 2 
4 -5 -11 2 -3 -11 5 -1 6 4 4 8 11 -1 5 1 
5 2 6 1 2 8 1 -8 -2 10 5 -3 -2 4 1 4 
0 8 0 5 -10 6 -1 11 2 7 9 2 11 -9 6 -3 
31
8
10 6
6 13
1 14
14 5
2 13
3 15
11 13
11 0
5 9
9 2
14 1
1 10
13 2
12 0
4 2
4 15
8
2 3 10
3 5 9
11 5 10
0 14 10
13 12 10
12 10 9
4 10 10
15 1 10
20
7 13
13 11
12 8
14 9
13 5
9 15
1 0
4 5
13 1
0 11
8 2
2 4
3 7
1 6
2 10
6 0
14 15
11 10
2 14
15 4
