20 20
-5 1 7 2 8 2 5 1 3 1 7 4 0 1 1 0 6 3 6 7 
8 7 1 -1 -3 7 7 1 -2 3 -6 2 -8 5 4 -7 1 0 6 -7 
1 3 -5 3 3 4 -5 7 -8 -2 4 2 -4 8 2 6 -3 4 2 4 
3 7 1 1 4 2 -6 7 3 3 0 5 4 8 -8 -3 4 -1 4 0 
-3 -7 6 4 0 0 5 7 6 7 6 2 -6 4 0 -8 0 6 6 4 
-5 -3 -8 7 4 2 3 4 4 6 5 6 2 4 5 1 -5 4 3 5 
4 -8 3 -4 0 1 4 3 3 -5 -3 7 7 6 4 3 0 7 6 -7 
1 -2 2 1 8 3 6 5 -8 8 8 2 3 4 4 -2 7 1 0 8 
2 -2 0 1 5 0 -5 3 2 -7 7 0 5 3 0 4 3 2 5 5 
7 7 4 -4 1 -1 4 3 -6 6 -2 1 -7 -6 -3 8 -5 -3 4 8 
8 4 -3 -5 8 -3 -6 -7 1 -2 6 -6 3 4 -1 1 -4 4 7 7 
5 5 2 3 4 0 3 5 0 7 -7 2 3 -5 0 5 1 0 -2 2 
8 0 1 7 -2 4 4 3 2 8 8 -8 5 6 3 8 1 2 -2 1 
-7 6 7 0 3 4 6 7 7 -3 -5 3 3 4 1 0 -4 3 -8 4 
5 3 4 -5 1 5 4 2 6 5 6 4 4 3 2 4 7 -8 -3 -5 
4 6 6 0 -8 0 4 -6 2 6 7 6 7 5 0 0 4 6 -7 -3 
0 4 -1 4 -3 -8 8 4 5 0 3 3 7 -6 2 4 1 1 7 3 
4 2 4 -3 6 2 8 -4 2 4 -2 -8 7 -5 4 3 3 -5 3 1 
-7 6 0 1 -7 4 5 -8 2 -6 3 -2 1 7 7 -3 -1 1 7 8 
7 6 3 6 0 1 1 0 4 7 1 3 1 5 2 8 2 7 1 -5 
39
7
8 16
6 9
17 5
17 4
4 8
15 18
7 15
11 3
13 10
2 14
2 15
15 11
4 1
12 4
6
15 16 12
12 18 15
19 5 10
4 3 12
7 1 15
0 14 10
0
