15 18
10 -19 16 15 -13 17 4 -11 -6 -14 3 20 15 14 1 20 1 16 
21 18 21 5 3 4 2 19 -2 8 -1 15 11 13 17 11 -11 14 
-18 18 20 -1 -12 17 0 8 15 2 6 21 -21 19 -4 -15 20 15 
-3 -19 12 19 10 7 2 -4 -2 16 -3 15 15 5 9 0 20 16 
21 16 9 17 2 -10 21 5 5 -12 12 18 6 5 16 11 -10 21 
11 2 6 -3 -19 4 3 -14 1 20 19 8 19 -16 5 4 -17 -12 
12 -21 16 -2 12 2 -8 -6 2 2 16 8 8 16 17 8 5 4 
-1 -4 5 -11 5 20 10 -16 19 19 -16 10 20 5 -11 5 -4 -1 
4 5 8 17 16 8 8 16 2 2 -6 -8 2 12 -2 16 -21 12 
-12 -17 4 5 -16 19 8 19 20 1 -14 3 4 -19 -3 6 2 11 
21 -10 11 16 5 6 18 12 -12 5 5 21 -10 2 17 9 16 21 
16 20 0 9 5 15 15 -3 16 -2 -4 2 7 10 19 12 -19 -3 
15 20 -15 -4 19 -21 21 6 2 15 8 0 17 -12 -1 20 18 -18 
14 -11 11 17 13 11 15 -1 8 -2 19 2 4 3 5 21 18 21 
16 1 20 1 14 15 20 3 -14 -6 -11 4 17 -13 15 16 -19 10 
32
4
0 7
0 2
4 5
9 4
14 10
14 15
10 12
5 13
12
0 4 11
4 11 12
6 9 15
0 12 12
5 17 9
9 15 14
14 13 11
10 6 12
8 8 15
14 5 12
9 0 9
5 2 14
18
7 3
12 17
3 13
14 12
7 12
10 8
9 2
13 17
14 16
7 14
2 0
11 4
0 5
7 5
4 9
5 15
1 0
0 1
