16 19
-12 -8 11 7 12 1 6 12 1 6 -11 4 0 2 -1 -12 1 4 7 
6 0 5 -7 6 8 1 -12 9 6 5 0 0 6 2 3 5 0 6 
6 -10 -4 -12 3 6 -6 6 5 3 12 6 -4 10 -8 7 6 9 9 
-1 9 5 -5 11 7 7 1 12 6 3 11 9 1 -5 7 11 4 12 
8 5 11 -1 4 4 -10 2 -3 -1 4 7 4 1 7 2 12 1 8 
-7 11 12 1 -4 1 9 -1 -3 4 1 -3 1 12 5 -2 7 11 4 
2 -4 1 -4 -3 -9 4 5 9 5 12 -5 3 3 -3 -4 -5 7 6 
11 6 5 4 3 7 12 -2 6 7 5 6 6 1 -6 6 4 4 2 
2 4 4 6 -6 1 6 6 5 7 6 -2 12 7 3 4 5 6 11 
6 7 -5 -4 -3 3 3 -5 12 5 9 5 4 -9 -3 -4 1 -4 2 
4 11 7 -2 5 12 1 -3 1 4 -3 -1 9 1 -4 1 12 11 -7 
8 1 12 2 7 1 4 7 4 -1 -3 2 -10 4 4 -1 11 5 8 
12 4 11 7 -5 1 9 11 3 6 12 1 7 7 11 -5 5 9 -1 
9 9 6 7 -8 10 -4 6 12 3 5 6 -6 6 3 -12 -4 -10 6 
6 0 5 3 2 6 0 0 5 6 9 -12 1 8 6 -7 5 0 6 
7 4 1 -12 -1 2 0 4 -11 6 1 12 6 1 12 7 11 -8 -12 
51
8
10 12
13 11
3 15
12 14
15 7
15 4
0 3
1 5
5 6
2 7
12 3
3 4
0 11
0 14
15 15
14 13
20
1 9 15
15 6 8
9 18 10
14 18 12
15 11 14
0 6 15
9 13 16
5 2 10
12 4 9
11 6 9
14 9 15
0 12 8
6 0 10
1 0 12
0 7 14
15 12 15
6 5 16
10 16 10
3 14 9
4 12 9
28
7 16
14 0
11 5
5 12
5 15
13 1
2 6
4 8
1 13
15 10
3 17
7 9
11 17
14 15
8 2
1 18
4 13
10 6
10 3
2 17
13 12
11 10
14 5
0 8
12 1
8 9
4 1
1 3
