17 20
15 12 13 -7 19 20 9 19 15 12 14 -7 4 16 14 -7 5 12 11 21 
2 4 -13 17 -13 3 12 -3 -3 20 16 20 15 2 21 20 21 6 -19 2 
22 -6 17 14 -10 3 12 17 9 21 -11 8 21 22 2 5 -8 8 -5 21 
-16 1 21 13 0 10 17 9 -2 -2 8 22 -4 14 15 -13 1 -10 9 14 
17 3 20 12 9 -11 11 21 3 18 16 -15 11 14 -9 13 -17 -14 -4 -11 
13 2 0 -12 -6 8 9 16 17 7 21 3 16 -20 8 13 8 15 -9 -9 
20 -22 -12 -16 9 12 -21 19 16 18 -15 10 1 -22 16 6 16 -20 17 9 
-18 17 5 0 21 8 -16 21 22 -20 5 -15 -21 21 9 -8 3 -3 6 -22 
3 -20 -8 20 0 14 22 10 21 8 8 21 10 22 14 0 20 -8 -20 3 
-22 6 -3 3 -8 9 21 -21 -15 5 -20 22 21 -16 8 21 0 5 17 -18 
9 17 -20 16 6 16 -22 1 10 -15 18 16 19 -21 12 9 -16 -12 -22 20 
-9 -9 15 8 13 8 -20 16 3 21 7 17 16 9 8 -6 -12 0 2 13 
-11 -4 -14 -17 13 -9 14 11 -15 16 18 3 21 11 -11 9 12 20 3 17 
14 9 -10 1 -13 15 14 -4 22 8 -2 -2 9 17 10 0 13 21 1 -16 
21 -5 8 -8 5 2 22 21 8 -11 21 9 17 12 3 -10 14 17 -6 22 
2 -19 6 21 20 21 2 15 20 16 20 -3 -3 12 3 -13 17 -13 4 2 
21 11 12 5 -7 14 16 4 -7 14 12 15 19 9 20 19 -7 13 12 15 
37
3
6 18
2 4
14 0
10 1
14 15
2 19
8
2 13 12
8 15 13
4 15 16
6 8 14
14 6 12
8 4 13
12 4 16
10 11 14
32
1 11
1 19
8 13
11 12
12 10
10 19
8 9
2 0
3 15
10 6
3 0
12 9
7 3
4 5
2 5
9 17
15 8
15 0
8 6
5 7
4 9
6 0
8 10
14 19
13 4
6 13
13 19
4 10
9 16
12 14
14 14
7 2
