19 18
8 10 10 2 11 7 3 11 -6 10 5 1 8 11 11 2 7 -10 
7 1 5 -6 5 3 4 -5 11 11 8 4 6 -4 0 1 7 -5 
8 -4 3 -4 6 5 4 -3 2 -9 7 1 2 4 9 1 10 7 
1 -11 11 4 -7 10 2 10 4 4 4 4 6 6 6 -7 0 10 
-6 10 0 -5 -8 11 7 4 4 3 1 -4 -7 6 9 2 5 6 
2 -11 -8 10 10 8 0 -5 6 -2 -4 3 3 11 -5 10 7 7 
5 10 7 8 -5 8 10 4 -3 4 6 11 8 5 5 7 -7 -10 
-6 -6 3 6 7 11 4 3 3 4 6 7 10 1 10 1 4 -3 
3 5 -2 0 10 5 0 9 4 9 10 10 4 7 8 6 5 10 
-3 2 -10 7 -8 7 10 -8 8 8 -8 10 7 -8 7 -10 2 -3 
10 5 6 8 7 4 10 10 9 4 9 0 5 10 0 -2 5 3 
-3 4 1 10 1 10 7 6 4 3 3 4 11 7 6 3 -6 -6 
-10 -7 7 5 5 8 11 6 4 -3 4 10 8 -5 8 7 10 5 
7 7 10 -5 11 3 3 -4 -2 6 -5 0 8 10 10 -8 -11 2 
6 5 2 9 6 -7 -4 1 3 4 4 7 11 -8 -5 0 10 -6 
10 0 -7 6 6 6 4 4 4 4 10 2 10 -7 4 11 -11 1 
7 10 1 9 4 2 1 7 -9 2 -3 4 5 6 -4 3 -4 8 
-5 7 1 0 -4 6 4 8 11 11 -5 4 3 5 -6 5 1 7 
-10 7 2 11 11 8 1 5 10 -6 11 3 7 11 2 10 10 8 
51
3
9 12
4 7
5 10
9 5
14 10
13 7
10
14 3 15
9 2 9
1 13 10
9 16 16
9 7 9
4 14 15
9 15 9
17 4 10
9 1 16
9 10 9
28
17 5
12 3
14 4
8 9
6 2
14 2
6 12
5 12
0 17
2 9
3 13
18 3
3 11
6 13
1 12
6 14
4 13
10 8
12 15
4 15
12 5
13 5
18 0
16 8
15 4
0 14
15 6
12 4
