10 19
6 11 7 10 2 9 1 -1 1 7 6 -4 -4 5 5 -2 -1 11 -6 
6 5 -4 6 11 6 9 -12 4 6 -3 1 1 5 -7 8 2 6 8 
-12 -2 -1 4 1 6 10 3 1 8 -8 12 9 2 -6 -11 12 7 -8 
8 8 5 7 3 1 5 -13 6 -13 1 3 -9 6 5 -6 -9 -4 1 
2 4 13 6 11 -5 3 -11 -12 -13 -9 12 3 2 6 9 -7 -12 13 
13 -12 -7 9 6 2 3 12 -9 -13 -12 -11 3 -5 11 6 13 4 2 
1 -4 -9 -6 5 6 -9 3 1 -13 6 -13 5 1 3 7 5 8 8 
-8 7 12 -11 -6 2 9 12 -8 8 1 3 10 6 1 4 -1 -2 -12 
8 6 2 8 -7 5 1 1 -3 6 4 -12 9 6 11 6 -4 5 6 
-6 11 -1 -2 5 5 -4 -4 6 7 1 -1 1 9 2 10 7 11 6 
53
3
0 11
8 16
3 8
9 7
1 2
6 10
12
7 9 15
6 9 11
9 17 16
5 18 15
0 7 10
0 14 16
2 9 15
3 9 11
0 1 16
4 0 15
9 11 10
9 4 16
16
8 2
6 15
2 15
7 8
5 11
7 18
8 10
6 5
1 16
3 3
7 3
2 10
4 7
2 0
1 8
3 13
