19 11
-4 2 -3 6 4 2 6 1 5 -5 -4 
5 -2 6 3 0 0 0 0 -1 4 6 
-2 5 0 -1 3 5 4 0 0 6 1 
1 1 3 -5 0 4 1 -2 4 3 4 
1 1 0 2 5 5 0 -2 0 5 4 
3 2 1 -4 2 3 4 -5 1 2 3 
3 2 1 6 0 -1 5 -5 -2 -3 0 
1 -6 1 6 1 1 0 1 3 3 2 
-4 5 -2 -3 2 0 0 -6 -1 2 5 
6 2 1 -5 3 0 3 -5 1 2 6 
5 2 -1 -6 0 0 2 -3 -2 5 -4 
2 3 3 1 0 1 1 6 1 -6 1 
0 -3 -2 -5 5 -1 0 6 1 2 3 
3 2 1 -5 4 3 2 -4 1 2 3 
4 5 0 -2 0 5 5 2 0 1 1 
4 3 4 -2 1 4 0 -5 3 1 1 
1 6 0 0 4 5 3 -1 0 5 -2 
6 4 -1 0 0 0 0 3 6 -2 5 
-4 -5 5 1 6 2 4 6 -3 2 -4 
34
3
10 2
15 10
6 5
8 8
3 0
12 5
12
15 1 10
6 4 11
15 5 16
5 1 8
3 1 8
9 4 14
3 9 10
12 6 11
3 5 16
13 9 8
15 9 8
9 6 14
14
15 3
11 1
7 4
4 9
0 10
5 8
6 1
3 7
7 9
11 6
14 1
18 0
13 2
12 9
