16 11
5 8 -8 3 3 9 1 8 -1 9 1 
8 1 8 -4 7 2 5 -4 -6 -9 -6 
9 9 -9 -5 6 0 -5 1 3 8 0 
4 8 5 1 4 6 5 -6 4 3 1 
-7 6 2 4 7 2 4 -2 0 0 6 
-3 5 6 6 4 -5 -4 7 -3 -6 0 
-9 -7 -7 4 0 3 6 5 4 6 -1 
5 -8 9 5 1 -6 1 -9 -6 2 9 
9 2 -6 -9 1 -6 1 5 9 -8 5 
-1 6 4 5 6 3 0 4 -7 -7 -9 
0 -6 -3 7 -4 -5 4 6 6 5 -3 
6 0 0 -2 4 2 7 4 2 6 -7 
1 3 4 -6 5 6 4 1 5 8 4 
0 8 3 1 -5 0 6 -5 -9 9 9 
-6 -9 -6 -4 5 2 7 -4 8 1 8 
1 9 -1 8 1 9 3 3 -8 8 5 
32
2
7 1
6 3
8 9
9 7
8
6 0 15
12 8 12
12 4 9
15 7 9
9 10 15
3 2 12
3 6 9
0 3 9
14
11 10
7 9
6 9
8 6
9 5
6 2
8 4
4 0
8 1
9 1
7 4
6 5
9 8
7 6
