16 19
15 6 6 3 2 1 8 -13 10 8 15 12 13 16 9 1 -15 11 1 
2 15 -14 2 0 11 -1 3 14 -1 5 3 15 4 5 16 -14 13 -10 
8 14 12 11 14 6 -4 3 2 -1 3 6 2 3 2 -14 10 3 -12 
15 7 7 16 6 1 0 7 6 12 3 -1 9 10 -5 -15 10 0 16 
13 -16 6 7 10 13 -10 -7 15 1 13 15 10 5 16 -14 15 -12 -3 
12 -5 -11 2 15 4 -7 16 13 9 11 13 13 12 9 15 14 -14 12 
7 8 -11 12 15 -10 -1 12 14 14 11 11 -10 -7 2 2 11 10 9 
7 8 14 16 5 16 11 1 -4 10 0 5 13 14 -9 14 3 -9 -11 
-11 -9 3 14 -9 14 13 5 0 10 -4 1 11 16 5 16 14 8 7 
9 10 11 2 2 -7 -10 11 11 14 14 12 -1 -10 15 12 -11 8 7 
12 -14 14 15 9 12 13 13 11 9 13 16 -7 4 15 2 -11 -5 12 
-3 -12 15 -14 16 5 10 15 13 1 15 -7 -10 13 10 7 6 -16 13 
16 0 10 -15 -5 10 9 -1 3 12 6 7 0 1 6 16 7 7 15 
-12 3 10 -14 2 3 2 6 3 -1 2 3 -4 6 14 11 12 14 8 
-10 13 -14 16 5 4 15 3 5 -1 14 3 -1 11 0 2 -14 15 2 
1 11 -15 1 9 16 13 12 15 8 10 -13 8 1 2 3 6 6 15 
41
3
3 1
13 0
11 7
12 17
2 18
4 11
6
9 13 13
12 8 15
10 11 10
6 5 13
3 10 15
5 7 10
28
6 15
0 6
10 17
10 1
1 9
1 5
12 3
14 10
13 2
4 6
5 3
9 18
8 11
11 13
9 3
15 12
5 1
5 17
14 9
14 13
3 15
1 8
2 16
11 12
10 15
6 0
7 7
4 5
