19 13
-4 -8 6 4 7 13 2 -12 -3 7 5 5 12 
6 7 13 2 -4 10 -13 6 3 3 12 5 2 
13 -2 1 4 13 1 2 1 1 6 1 11 4 
2 -7 5 -7 -2 -10 0 4 3 -13 3 11 3 
5 13 4 1 -11 -1 4 8 12 11 -5 12 8 
10 6 -13 8 12 10 6 11 1 1 5 7 9 
8 8 6 11 12 10 -7 -2 9 5 4 4 11 
6 3 9 10 8 9 6 0 6 1 12 1 6 
6 12 13 1 9 5 -12 -10 7 4 12 2 -1 
7 7 10 5 7 -6 11 -6 7 5 10 7 7 
-1 2 12 4 7 -10 -12 5 9 1 13 12 6 
6 1 12 1 6 0 6 9 8 10 9 3 6 
11 4 4 5 9 -2 -7 10 12 11 6 8 8 
9 7 5 1 1 11 6 10 12 8 -13 6 10 
8 12 -5 11 12 8 4 -1 -11 1 4 13 5 
3 11 3 -13 3 4 0 -10 -2 -7 5 -7 2 
4 11 1 6 1 1 2 1 13 4 1 -2 13 
2 5 12 3 3 6 -13 10 -4 2 13 7 6 
12 5 5 7 -3 -12 2 13 7 4 6 -8 -4 
49
8
16 2
14 10
18 4
5 0
7 5
4 7
14 11
4 6
2 10
4 2
0 8
13 12
11 7
14 5
4 1
14 6
20
8 5 8
8 10 9
9 12 11
15 2 16
8 11 8
12 1 16
11 8 15
0 5 10
8 7 15
13 2 12
10 7 8
10 2 9
9 0 11
3 10 16
10 1 8
6 11 16
7 4 15
18 7 10
10 5 15
5 10 12
18
2 8
5 8
3 8
6 10
5 12
0 4
7 3
1 11
18 10
16 4
13 4
15 4
12 2
13 0
18 8
11 9
17 1
0 2
