14 12
1 5 2 4 -6 3 -6 -2 7 4 4 -8 
-6 6 3 7 2 8 7 3 0 8 7 -4 
2 3 2 -7 2 5 0 0 2 1 1 5 
7 -3 -7 -4 4 2 -4 -3 -3 -7 4 5 
6 -4 5 -1 7 7 3 6 6 -1 -2 4 
7 3 8 2 3 0 5 5 -7 7 5 -1 
-7 2 3 -7 8 7 5 3 1 8 3 2 
2 3 8 1 3 5 7 8 -7 3 2 -7 
-1 5 7 -7 5 5 0 3 2 8 3 7 
4 -2 -1 6 6 3 7 7 -1 5 -4 6 
5 4 -7 -3 -3 -4 2 4 -4 -7 -3 7 
5 1 1 2 0 0 5 2 -7 2 3 2 
-4 7 8 0 3 7 8 2 7 3 6 -6 
-8 4 4 7 -2 -6 3 -6 4 2 5 1 
32
6
10 2
7 9
9 5
11 1
1 7
1 3
3 9
6 2
4 6
2 10
12 4
12 8
16
3 7 9
9 1 12
8 4 11
4 2 14
13 0 16
1 5 10
2 3 15
5 0 9
10 4 9
4 10 12
5 7 11
9 9 14
0 11 16
12 6 10
11 8 15
8 11 9
10
6 3
2 9
1 11
1 6
11 3
7 8
11 2
12 0
12 5
2 8
