17 10
13 4 0 -7 -1 -12 -6 1 1 6 
-3 6 10 10 11 12 12 -8 0 -1 
5 13 8 0 -13 5 1 6 12 6 
8 5 7 9 6 2 -6 12 6 -12 
2 4 -12 7 9 9 -9 11 -3 2 
2 1 12 -1 9 12 11 7 3 10 
-8 -8 5 10 1 4 6 11 12 0 
-11 9 8 9 9 11 2 12 3 9 
11 7 -1 8 6 6 8 -1 7 11 
9 3 12 2 11 9 9 8 9 -11 
0 12 11 6 4 1 10 5 -8 -8 
10 3 7 11 12 9 -1 12 1 2 
2 -3 11 -9 9 9 7 -12 4 2 
-12 6 12 -6 2 6 9 7 5 8 
6 12 6 1 5 -13 0 8 13 5 
-1 0 -8 12 12 11 10 10 6 -3 
6 1 1 -6 -12 -1 -7 0 4 13 
31
7
5 3
14 9
9 7
12 4
5 0
13 5
16 1
11 6
2 0
7 2
4 5
11 9
3 4
0 8
14
1 6 16
3 6 15
10 8 15
10 2 15
2 8 10
11 0 8
9 0 12
15 3 16
13 3 15
6 1 15
6 7 15
14 1 10
5 9 8
7 9 12
14
15 1
0 3
9 4
6 9
6 0
16 4
13 9
1 8
16 6
7 5
10 0
10 9
0 5
3 0
