10 10
2 3 13 27 25 -25 12 -12 12 3 
-13 -11 7 18 -8 24 0 4 -15 -25 
0 22 -3 5 1 -8 2 -17 19 6 
5 -6 -6 28 -9 12 -20 10 13 -20 
13 -8 7 -27 -5 -23 -18 -29 -7 25 
25 -7 -29 -18 -23 -5 -27 7 -8 13 
-20 13 10 -20 12 -9 28 -6 -6 5 
6 19 -17 2 -8 1 5 -3 22 0 
-25 -15 4 0 24 -8 18 7 -11 -13 
3 12 -12 12 -25 25 27 13 3 2 
47
6
6 0
9 6
0 5
8 2
1 0
2 4
3 9
0 3
9 4
1 7
8 9
7 5
20
6 4 13
9 2 16
1 3 11
6 9 15
9 1 11
1 4 10
7 2 15
4 9 9
8 3 10
8 4 10
3 5 13
0 7 16
8 6 11
3 0 15
0 8 11
8 5 10
2 7 15
5 0 9
1 6 10
1 5 10
10
4 3
5 9
0 9
7 9
3 6
5 6
4 0
9 0
2 0
6 3
