10 20
11 26 -1 -13 -4 7 12 5 14 19 13 22 0 3 -8 -5 26 26 28 9 
-2 -13 22 24 21 14 13 -20 19 7 11 8 17 14 28 18 2 25 18 19 
-26 -19 0 1 -27 -6 27 13 19 28 8 10 15 -4 18 11 14 -15 0 26 
21 3 -6 9 17 18 2 13 28 9 -22 13 11 27 1 21 3 8 24 12 
9 1 26 18 2 4 12 8 25 26 -22 9 19 -4 18 13 -8 19 14 19 
19 14 19 -8 13 18 -4 19 9 -22 26 25 8 12 4 2 18 26 1 9 
12 24 8 3 21 1 27 11 13 -22 9 28 13 2 18 17 9 -6 3 21 
26 0 -15 14 11 18 -4 15 10 8 28 19 13 27 -6 -27 1 0 -19 -26 
19 18 25 2 18 28 14 17 8 11 7 19 -20 13 14 21 24 22 -13 -2 
9 28 26 26 -5 -8 3 0 22 13 19 14 5 12 7 -4 -13 -1 26 11 
53
6
6 13
1 3
9 12
6 4
1 17
2 16
3 6
8 16
0 7
3 15
8 2
7 3
10
5 8 10
9 10 9
0 17 16
6 9 9
7 4 8
4 11 10
0 9 9
9 2 16
3 10 9
2 15 8
18
7 14
1 18
6 12
5 13
1 10
5 3
5 17
1 7
9 15
2 5
8 1
3 7
4 6
8 9
4 16
4 2
8 12
0 4
