14 17
10 4 2 22 23 22 12 22 5 -13 17 4 -22 20 8 21 -5 
10 -19 -8 2 -1 -17 12 8 7 20 21 21 10 4 22 14 22 
8 10 9 -13 16 16 -20 21 16 -22 1 16 -18 17 22 2 9 
5 16 11 6 5 14 -3 2 17 14 -15 17 16 17 7 4 19 
4 4 23 -18 3 8 -1 12 23 21 3 3 1 -15 7 11 15 
-12 12 19 15 7 21 14 4 13 22 20 3 16 11 5 18 -2 
-18 3 -5 20 4 13 3 10 18 12 18 22 19 19 19 17 -17 
-17 17 19 19 19 22 18 12 18 10 3 13 4 20 -5 3 -18 
-2 18 5 11 16 3 20 22 13 4 14 21 7 15 19 12 -12 
15 11 7 -15 1 3 3 21 23 12 -1 8 3 -18 23 4 4 
19 4 7 17 16 17 -15 14 17 2 -3 14 5 6 11 16 5 
9 2 22 17 -18 16 1 -22 16 21 -20 16 16 -13 9 10 8 
22 14 22 4 10 21 21 20 7 8 12 -17 -1 2 -8 -19 10 
-5 21 8 20 -22 4 17 -13 5 22 12 22 23 22 2 4 10 
37
4
11 12
11 2
11 0
1 6
2 4
2 14
2 16
12 10
12
5 7 10
7 10 14
6 13 9
8 16 13
13 5 10
2 6 12
8 9 10
6 6 14
7 3 9
5 0 13
0 11 10
11 10 12
18
1 16
0 1
1 4
4 2
11 4
11 9
6 16
4 10
6 11
12 0
13 15
12 12
9 14
2 12
2 7
7 0
9 6
7 5
