13 14
0 2 5 1 1 1 -4 -3 -5 -2 4 4 4 -4 
3 0 5 5 2 1 -1 4 5 -4 0 4 4 1 
3 0 5 2 4 -5 -1 2 -2 4 1 4 -5 3 
-1 2 -4 0 1 5 2 4 0 1 -3 5 1 -2 
-5 2 3 -4 5 2 4 4 3 2 -2 3 0 -2 
1 5 0 -5 0 2 2 1 1 -1 4 3 -1 5 
3 2 2 2 3 4 1 1 4 3 2 2 2 3 
5 -1 3 4 -1 1 1 2 2 0 -5 0 5 1 
-2 0 3 -2 2 3 4 4 2 5 -4 3 2 -5 
-2 1 5 -3 1 0 4 2 5 1 0 -4 2 -1 
3 -5 4 1 4 -2 2 -1 -5 4 2 5 0 3 
1 4 4 0 -4 5 4 -1 1 2 5 5 0 3 
-4 4 4 4 -2 -5 -3 -4 1 1 1 5 2 0 
60
7
1 13
3 6
4 0
12 2
3 4
10 2
5 3
11 0
9 7
8 13
0 11
9 9
2 11
7 10
8
10 9 11
4 7 10
7 9 9
0 6 16
2 4 11
8 6 10
5 4 9
12 7 16
14
10 0
6 12
6 10
12 9
2 8
1 6
3 11
2 13
6 1
6 3
0 4
10 5
11 7
9 2
