20 20
-2 2 2 0 4 -3 4 2 1 3 1 3 2 0 -1 2 3 1 3 -2 
1 2 3 4 3 4 -4 1 4 2 -2 -4 3 -2 3 2 -3 4 3 0 
1 4 0 -2 -3 3 2 4 -3 2 4 -4 4 1 -4 4 3 4 2 -2 
0 -2 2 0 3 2 3 3 -3 0 4 2 -2 2 4 -2 1 -4 -3 3 
-3 3 3 0 1 -2 3 0 0 4 -1 3 1 -3 0 2 -2 2 2 4 
3 2 1 1 1 2 1 0 4 4 2 1 -1 4 2 1 3 0 -2 4 
4 1 4 -4 3 2 -3 4 2 2 0 -1 -2 4 0 -2 -2 3 -2 -3 
2 3 1 2 3 4 3 0 2 2 3 4 1 1 2 2 4 2 -2 0 
0 3 0 2 2 2 0 4 -4 2 -4 4 3 -4 1 0 2 2 4 2 
3 3 0 -2 4 4 1 1 -1 3 3 -4 1 2 -1 -2 1 -3 2 3 
3 2 -3 1 -2 -1 2 1 -4 3 3 -1 1 1 4 4 -2 0 3 3 
2 4 2 2 0 1 -4 3 4 -4 2 -4 4 0 2 2 2 0 3 0 
0 -2 2 4 2 2 1 1 4 3 2 2 0 3 4 3 2 1 3 2 
-3 -2 3 -2 -2 0 4 -2 -1 0 2 2 4 -3 2 3 -4 4 1 4 
4 -2 0 3 1 2 4 -1 1 2 4 4 0 1 2 1 1 1 2 3 
4 2 2 -2 2 0 -3 1 3 -1 4 0 0 3 -2 1 0 3 3 -3 
3 -3 -4 1 -2 4 2 -2 2 4 0 -3 3 3 2 3 0 2 -2 0 
-2 2 4 3 4 -4 1 4 -4 4 2 -3 4 2 3 -3 -2 0 4 1 
0 3 4 -3 2 3 -2 3 -4 -2 2 4 1 -4 4 3 4 3 2 1 
-2 3 1 3 2 -1 0 2 3 1 3 1 2 4 -3 4 0 2 2 -2 
41
7
12 6
16 11
6 15
9 19
12 7
16 2
13 11
7 13
3 8
13 4
10 0
7 12
3 17
6 8
18
1 19 11
12 13 11
4 0 14
3 4 11
17 2 13
1 3 12
4 8 10
6 17 9
14 3 8
18 0 11
7 6 11
15 19 14
16 15 11
2 17 13
18 16 12
15 11 10
13 2 9
5 16 8
0
