17 11
3 3 2 -2 1 1 2 3 1 3 2 
1 2 -1 0 2 -2 3 -3 3 1 2 
2 1 1 1 -3 2 2 2 -1 2 1 
-1 2 1 3 2 1 0 2 3 3 3 
3 -1 0 1 2 3 3 1 2 0 0 
-1 3 1 3 2 3 2 2 1 2 3 
-1 -1 2 3 1 2 0 2 3 2 3 
3 3 2 -2 -1 3 3 2 0 0 1 
0 2 3 3 0 0 0 3 3 2 0 
1 0 0 2 3 3 -1 -2 2 3 3 
3 2 3 2 0 2 1 3 2 -1 -1 
3 2 1 2 2 3 2 3 1 3 -1 
0 0 2 1 3 3 2 1 0 -1 3 
3 3 3 2 0 1 2 3 1 2 -1 
1 2 -1 2 2 2 -3 1 1 1 2 
2 1 3 -3 3 -2 2 0 -1 2 1 
2 3 1 3 2 1 1 -2 2 3 3 
39
3
12 9
7 1
1 9
4 1
9 9
15 1
14
7 3 12
14 3 13
12 0 14
9 2 8
6 10 10
5 4 15
8 5 16
9 7 12
2 7 13
4 10 14
7 8 8
10 0 10
11 6 15
8 5 16
12
6 9
14 4
2 8
9 1
7 10
16 1
10 1
2 6
14 2
7 9
9 0
0 9
