10 13
18 11 -20 -22 6 5 4 19 20 4 18 11 14 
16 9 21 -15 18 13 17 8 16 1 3 4 11 
22 8 17 15 -8 -12 4 3 -21 16 12 9 11 
17 2 9 9 13 9 16 -6 22 -6 14 9 -14 
9 12 18 -13 21 -20 -19 18 16 -5 21 6 18 
18 6 21 -5 16 18 -19 -20 21 -13 18 12 9 
-14 9 14 -6 22 -6 16 9 13 9 9 2 17 
11 9 12 16 -21 3 4 -12 -8 15 17 8 22 
11 4 3 1 16 8 17 13 18 -15 21 9 16 
14 11 18 4 20 19 4 5 6 -22 -20 11 18 
60
8
6 1
9 4
2 9
2 11
5 8
3 6
6 9
4 5
3 11
0 8
7 3
7 1
4 4
6 6
3 3
5 7
20
0 12 12
6 3 14
1 10 10
5 12 12
6 12 15
5 3 14
1 9 13
3 2 12
5 9 12
4 1 8
9 0 12
3 9 14
8 2 10
4 0 12
3 0 15
4 9 14
8 3 13
6 10 12
4 3 12
5 11 8
8
1 4
0 6
4 2
4 7
8 8
9 6
5 10
5 5
