15 12
-4 -15 1 18 -23 -1 10 13 24 -14 5 21 
17 15 20 17 3 -8 11 5 -22 11 24 9 
12 -22 -2 -16 -4 23 13 18 13 -13 14 -20 
-6 15 -3 8 14 2 5 20 0 21 12 13 
12 -9 6 -11 4 11 23 11 23 24 21 4 
-19 7 19 6 -23 14 5 11 -20 -1 5 20 
-18 13 -2 -3 5 -20 14 12 -10 20 6 -17 
-9 6 12 19 9 -16 -16 9 19 12 6 -9 
-17 6 20 -10 12 14 -20 5 -3 -2 13 -18 
20 5 -1 -20 11 5 14 -23 6 19 7 -19 
4 21 24 23 11 23 11 4 -11 6 -9 12 
13 12 21 0 20 5 2 14 8 -3 15 -6 
-20 14 -13 13 18 13 23 -4 -16 -2 -22 12 
9 24 11 -22 5 11 -8 3 17 20 15 17 
21 5 -14 24 13 10 -1 -23 18 1 -15 -4 
43
8
4 7
1 7
3 0
9 4
9 8
10 8
7 8
2 3
10 4
13 4
11 11
5 7
5 3
4 3
7 3
12 8
12
2 7 14
3 11 11
8 10 15
7 1 16
13 1 10
13 9 13
12 4 14
11 0 11
6 1 15
7 10 16
1 10 10
1 2 13
14
11 2
7 0
13 0
4 5
1 0
13 2
10 5
3 9
7 11
1 11
10 6
13 11
1 9
4 6
