11 18
2 0 2 1 2 2 3 5 2 3 1 2 4 5 -1 -4 0 1 
-4 4 -2 5 2 2 3 0 5 1 2 -3 5 1 -4 4 2 3 
-1 1 1 0 -4 3 4 4 1 2 4 -5 1 4 4 3 2 1 
0 -4 0 2 4 5 -2 4 3 4 3 4 -3 0 5 3 -5 3 
-1 5 1 -3 1 -2 1 -4 0 -2 3 4 1 1 3 -3 -3 2 
3 2 -5 4 1 -4 2 4 2 2 4 2 -4 1 4 -5 2 3 
2 -3 -3 3 1 1 4 3 -2 0 -4 1 -2 1 -3 1 5 -1 
3 -5 3 5 0 -3 4 3 4 3 4 -2 5 4 2 0 -4 0 
1 2 3 4 4 1 -5 4 2 1 4 4 3 -4 0 1 1 -1 
3 2 4 -4 1 5 -3 2 1 5 0 3 2 2 5 -2 4 -4 
1 0 -4 -1 5 4 2 1 3 2 5 3 2 2 1 2 0 2 
40
7
10 12
3 15
10 11
9 17
3 9
7 0
5 17
0 5
7 2
0 6
1 0
7 8
3 17
5 0
12
3 4 13
1 14 10
0 2 15
5 4 16
7 16 15
3 16 16
7 13 13
9 3 10
10 15 15
5 13 16
3 1 15
7 1 16
14
9 15
7 11
9 6
8 1
10 14
2 4
8 5
1 2
3 6
1 11
2 16
0 3
8 13
2 12
