12 20
-21 -28 1 8 17 0 10 8 -7 22 14 24 14 2 6 12 24 12 -26 17 
22 19 28 8 4 22 -28 22 4 12 15 23 11 9 -4 21 -18 17 -28 4 
28 11 9 10 12 -13 -13 8 16 7 17 -5 21 17 1 0 26 -9 5 -26 
9 17 17 -21 15 8 14 1 9 -1 7 20 24 3 6 5 20 -2 25 -11 
10 -17 -16 18 15 12 -26 21 28 3 24 20 5 10 9 4 7 9 14 -12 
-5 8 -25 6 -21 7 25 4 -3 15 17 -10 -23 23 6 2 7 19 25 7 
7 25 19 7 2 6 23 -23 -10 17 15 -3 4 25 7 -21 6 -25 8 -5 
-12 14 9 7 4 9 10 5 20 24 3 28 21 -26 12 15 18 -16 -17 10 
-11 25 -2 20 5 6 3 24 20 7 -1 9 1 14 8 15 -21 17 17 9 
-26 5 -9 26 0 1 17 21 -5 17 7 16 8 -13 -13 12 10 9 11 28 
4 -28 17 -18 21 -4 9 11 23 15 12 4 22 -28 22 4 8 28 19 22 
17 -26 12 24 12 6 2 14 24 14 22 -7 8 10 0 17 8 1 -28 -21 
31
3
6 0
8 3
7 17
5 19
3 16
4 2
16
1 13 9
8 15 10
1 17 15
1 5 10
6 14 15
9 11 16
1 16 11
11 3 16
10 6 9
3 4 10
10 2 15
10 14 10
5 5 15
2 8 16
10 3 11
0 16 16
18
10 12
11 13
6 16
3 15
2 3
9 13
4 7
8 6
1 18
1 7
0 6
5 3
8 4
9 16
2 6
7 12
3 13
10 1
