20 20
4 -2 0 4 1 3 2 2 -4 3 4 4 3 4 4 4 4 4 3 3 
3 0 2 2 1 1 4 1 4 4 4 2 2 4 0 4 1 -2 3 1 
3 -4 4 -4 -1 0 4 2 -4 4 -1 2 2 1 -1 -4 0 3 0 3 
0 1 2 0 4 -3 3 4 1 2 -2 -3 4 -1 0 1 3 1 3 4 
3 1 1 4 -4 4 3 1 -3 1 1 2 0 4 1 0 1 2 4 3 
3 -3 0 4 3 1 -1 -3 4 3 0 2 -2 2 3 4 2 1 0 -3 
-2 -4 3 1 0 1 2 3 4 1 3 -1 3 -4 3 -2 1 3 4 -3 
-1 0 2 -3 -4 2 0 -1 2 -3 2 2 0 -4 0 4 3 4 -4 1 
0 3 2 2 2 1 -4 0 1 4 3 -1 2 -1 3 3 0 2 0 -4 
2 1 1 3 2 2 2 2 1 4 -2 -3 0 3 4 -3 -3 -1 -2 4 
4 -2 -1 -3 -3 4 3 0 -3 -2 4 1 2 2 2 2 3 1 1 2 
-4 0 2 0 3 3 -1 2 -1 3 4 1 0 -4 1 2 2 2 3 0 
1 -4 4 3 4 0 -4 0 2 2 -3 2 -1 0 2 -4 -3 2 0 -1 
-3 4 3 1 -2 3 -4 3 -1 3 1 4 3 2 1 0 1 3 -4 -2 
-3 0 1 2 4 3 2 -2 2 0 3 4 -3 -1 1 3 4 0 -3 3 
3 4 2 1 0 1 4 0 2 1 1 -3 1 3 4 -4 4 1 1 3 
4 3 1 3 1 0 -1 4 -3 -2 2 1 4 3 -3 4 0 2 1 0 
3 0 3 0 -4 -1 1 2 2 -1 4 -4 2 4 0 -1 -4 4 -4 3 
1 3 -2 1 4 0 4 2 2 4 4 4 1 4 1 1 2 2 0 3 
3 3 4 4 4 4 4 3 4 4 3 -4 2 2 3 1 4 0 -2 4 
42
8
8 12
8 7
10 8
9 10
9 2
14 3
4 10
13 1
11 7
11 12
9 11
10 9
10 17
5 16
15 9
6 18
16
11 3 12
7 4 8
13 15 8
1 18 10
12 7 9
4 2 8
9 19 11
17 11 13
8 16 12
12 15 8
6 4 8
18 1 10
7 12 9
15 17 8
10 0 11
2 8 13
0
