20 20
3 4 12 14 5 10 -7 4 2 -6 8 4 5 13 -4 6 8 9 4 -2 
2 -9 1 -9 2 4 -12 -3 11 -13 -11 3 0 -8 -5 1 2 -3 -5 3 
14 12 11 7 11 9 5 8 -2 12 -9 -7 7 7 -6 3 1 4 1 11 
-14 4 -1 4 -13 3 14 -8 11 12 2 7 10 3 13 -8 3 3 3 11 
0 10 0 13 2 -1 0 10 6 1 10 12 -8 6 0 14 8 3 13 -1 
-9 10 1 -6 -12 4 -5 8 10 -3 1 6 0 1 0 11 -14 2 -4 13 
-1 2 9 8 4 7 3 1 10 -1 11 7 11 -4 4 5 -5 13 3 1 
-9 13 9 1 7 4 10 13 11 8 3 5 -8 -1 14 6 8 10 13 -8 
14 8 14 2 -9 10 -12 12 8 12 12 5 -7 5 -1 -1 10 11 9 -4 
5 -12 14 3 -5 14 3 11 4 -4 -11 12 5 -8 4 9 9 -3 9 3 
3 9 -3 9 9 4 -8 5 12 -11 -4 4 11 3 14 -5 3 14 -12 5 
-4 9 11 10 -1 -1 5 -7 5 12 12 8 12 -12 10 -9 2 14 8 14 
-8 13 10 8 6 14 -1 -8 5 3 8 11 13 10 4 7 1 9 13 -9 
1 3 13 -5 5 4 -4 11 7 11 -1 10 1 3 7 4 8 9 2 -1 
13 -4 2 -14 11 0 1 0 6 1 -3 10 8 -5 4 -12 -6 1 10 -9 
-1 13 3 8 14 0 6 -8 12 10 1 6 10 0 -1 2 13 0 10 0 
11 3 3 3 -8 13 3 10 7 2 12 11 -8 14 3 -13 4 -1 4 -14 
11 1 4 1 3 -6 7 7 -7 -9 12 -2 8 5 9 11 7 11 12 14 
3 -5 -3 2 1 -5 -8 0 3 -11 -13 11 -3 -12 4 2 -9 1 -9 2 
-2 4 9 8 6 -4 13 5 4 8 -6 2 4 -7 10 5 14 12 4 3 
60
5
0 15
9 11
11 0
3 13
12 19
19 4
10 8
8 19
16 6
7 0
12
4 15 12
0 12 8
1 8 9
16 1 9
8 13 13
15 3 15
15 4 12
19 7 8
18 11 9
3 18 9
11 6 13
4 16 15
0
