18 13
27 9 -24 -28 28 0 16 5 6 5 -19 -21 -16 
-21 18 17 21 12 16 15 2 -26 14 23 23 10 
23 16 21 8 4 -27 2 4 21 23 13 3 22 
26 3 21 -23 5 13 20 30 1 13 12 3 13 
17 -9 -26 16 -4 9 9 15 27 0 26 17 5 
-14 29 1 -24 6 10 12 -25 -15 30 1 -4 22 
-25 30 1 9 22 19 13 19 -10 23 26 6 17 
14 10 -27 15 21 -23 -15 2 3 5 8 2 8 
8 3 -10 -11 9 2 -20 1 -18 -23 14 23 -8 
-8 23 14 -23 -18 1 -20 2 9 -11 -10 3 8 
8 2 8 5 3 2 -15 -23 21 15 -27 10 14 
17 6 26 23 -10 19 13 19 22 9 1 30 -25 
22 -4 1 30 -15 -25 12 10 6 -24 1 29 -14 
5 17 26 0 27 15 9 9 -4 16 -26 -9 17 
13 3 12 13 1 30 20 13 5 -23 21 3 26 
22 3 13 23 21 4 2 -27 4 8 21 16 23 
10 23 23 14 -26 2 15 16 12 21 17 18 -21 
-16 -21 -19 5 6 5 16 0 28 -28 -24 9 27 
53
4
8 9
13 8
11 12
7 4
9 3
4 4
6 0
10 8
8
3 8 12
15 11 15
11 5 9
8 0 12
14 4 12
2 1 15
6 7 9
9 12 12
22
6 11
5 4
5 8
12 2
5 6
1 11
5 3
2 11
9 6
11 7
13 0
11 1
12 8
12 4
5 10
12 6
16 1
12 9
15 1
8 6
6 5
4 12
