20 20
-2 3 3 -3 2 1 -3 1 2 3 -3 -3 -1 1 1 -1 0 -2 2 2 
2 2 0 -3 -1 1 1 3 3 2 0 0 -3 2 -3 1 1 2 3 -3 
2 1 2 2 3 1 1 -3 3 0 0 3 -3 -3 2 3 3 0 -3 2 
2 3 1 3 1 1 3 2 -3 1 1 -2 3 1 2 2 1 3 2 -1 
1 3 -3 3 3 1 1 3 -3 1 3 3 1 3 3 3 0 1 -3 0 
1 2 -3 3 1 -2 3 1 3 1 2 0 2 2 2 2 2 3 -2 2 
0 1 3 -2 3 1 1 1 2 3 2 1 3 3 1 0 3 2 0 2 
2 0 2 -1 -2 3 -3 -2 0 3 -2 1 1 1 3 2 3 3 0 -2 
2 0 1 3 2 0 3 2 3 0 -1 3 1 -2 0 1 -1 1 2 2 
2 2 -3 -2 -3 1 -1 2 -3 0 0 3 1 3 -3 3 -2 3 2 2 
2 2 3 -2 3 -3 3 1 3 0 0 -3 2 -1 1 -3 -2 -3 2 2 
2 2 1 -1 1 0 -2 1 3 -1 0 3 2 3 0 2 3 1 0 2 
-2 0 3 3 2 3 1 1 1 -2 3 0 -2 -3 3 -2 -1 2 0 2 
2 0 2 3 0 1 3 3 1 2 3 2 1 1 1 3 -2 3 1 0 
2 -2 3 2 2 2 2 2 0 2 1 3 1 3 -2 1 3 -3 2 1 
0 -3 1 0 3 3 3 1 3 3 1 -3 3 1 1 3 3 -3 3 1 
-1 2 3 1 2 2 1 3 -2 1 1 -3 2 3 1 1 3 1 3 2 
2 -3 0 3 3 2 -3 -3 3 0 0 3 -3 1 1 3 2 2 1 2 
-3 3 2 1 1 -3 2 -3 0 0 2 3 3 1 1 -1 -3 0 2 2 
2 2 -2 0 -1 1 1 -1 -3 -3 3 2 1 -3 1 2 -3 3 3 -2 
38
4
5 13
6 15
4 7
12 9
14 6
13 4
15 12
7 10
18
13 19 10
14 12 11
1 8 14
0 3 15
18 4 10
0 19 10
9 2 8
0 9 16
4 12 12
6 0 10
5 7 11
18 11 14
19 16 15
1 15 10
19 0 10
10 17 8
19 10 16
15 7 12
0
