19 12
0 2 -4 4 3 3 -4 -3 6 6 0 1 
2 0 0 6 3 -1 -5 2 4 -1 1 3 
6 -3 -2 4 2 1 0 1 -5 -3 3 2 
-2 6 -6 1 -5 -5 -5 4 1 3 5 2 
-6 4 4 4 6 4 3 -4 4 1 -5 1 
6 3 -1 4 3 6 0 3 1 6 -2 5 
0 2 6 -1 0 -4 6 2 1 6 3 2 
1 1 2 1 0 6 2 6 1 3 1 1 
-2 -3 1 6 4 2 6 5 3 -2 -2 -4 
2 1 -1 1 4 0 0 4 1 -1 1 2 
-4 -2 -2 3 5 6 2 4 6 1 -3 -2 
1 1 3 1 6 2 6 0 1 2 1 1 
2 3 6 1 2 6 -4 0 -1 6 2 0 
5 -2 6 1 3 0 6 3 4 -1 3 6 
1 -5 1 4 -4 3 4 6 4 4 4 -6 
2 5 3 1 4 -5 -5 -5 1 -6 6 -2 
2 3 -3 -5 1 0 1 2 4 -2 -3 6 
3 1 -1 4 2 -5 -1 3 6 0 0 2 
1 0 6 6 -3 -4 3 3 4 -4 2 0 
43
2
9 5
8 3
9 6
10 8
20
11 7 14
8 2 12
17 6 14
9 10 16
6 2 11
18 4 12
15 5 15
11 1 15
17 1 13
7 5 10
7 4 14
10 9 12
1 5 14
9 1 16
12 9 11
0 7 12
3 6 15
7 10 15
1 10 13
11 6 10
14
16 9
4 9
9 0
3 5
4 6
5 11
4 5
2 2
14 2
9 11
15 6
14 5
13 0
14 6
