20 20
2 3 2 0 3 0 1 0 3 0 4 2 2 0 2 3 4 3 2 2 
2 -2 1 -1 4 -3 -2 -2 -3 3 -2 -1 -4 -1 -3 4 1 4 0 2 
4 2 4 -3 2 0 0 -3 -4 -4 -4 4 2 2 2 4 1 -3 1 -3 
1 -4 0 4 0 -3 0 3 4 4 2 4 3 -3 1 0 3 2 1 4 
1 3 0 1 0 1 4 -4 -2 1 2 4 1 -3 2 -3 4 2 0 0 
2 2 1 3 4 4 -3 3 0 0 2 3 2 0 0 2 -3 2 0 0 
-4 4 1 4 2 1 -1 3 2 2 4 1 3 3 1 1 -4 0 -3 2 
3 2 4 1 -4 -3 -3 2 -3 -2 2 4 2 2 3 2 3 4 3 -2 
-4 0 -4 -3 -2 2 4 0 -4 -1 0 4 3 2 -3 -4 2 -3 3 4 
2 3 0 1 0 2 2 3 1 0 0 -4 1 4 -4 1 4 3 2 0 
0 2 3 4 1 -4 4 1 -4 0 0 1 3 2 2 0 1 0 3 2 
4 3 -3 2 -4 -3 2 3 4 0 -1 -4 0 4 2 -2 -3 -4 0 -4 
-2 3 4 3 2 3 2 2 4 2 -2 -3 2 -3 -3 -4 1 4 2 3 
2 -3 0 -4 1 1 3 3 1 4 2 2 3 -1 1 2 4 1 4 -4 
0 0 2 -3 2 0 0 2 3 2 0 0 3 -3 4 4 3 1 2 2 
0 0 2 4 -3 2 -3 1 4 2 1 -2 -4 4 1 0 1 0 3 1 
4 1 2 3 0 1 -3 3 4 2 4 4 3 0 -3 0 4 0 -4 1 
-3 1 -3 1 4 2 2 2 4 -4 -4 -4 -3 0 0 2 -3 4 2 4 
2 0 4 1 4 -3 -1 -4 -1 -2 3 -3 -2 -2 -3 4 -1 1 -2 2 
2 2 3 4 3 2 0 2 2 4 0 3 0 1 0 3 0 2 3 2 
30
4
18 2
19 13
3 11
16 11
1 17
0 6
16 8
3 8
16
19 17 15
5 15 16
18 4 15
5 0 15
11 10 10
9 14 8
15 8 13
17 5 9
0 2 15
14 4 16
1 15 15
14 19 15
8 9 10
10 5 8
4 11 13
2 14 9
0
