17 17
7 -10 5 8 5 -3 9 -10 4 2 11 0 -10 9 0 -10 4 
9 7 9 2 -9 12 1 10 5 11 7 2 2 0 6 5 -9 
12 -11 10 9 12 9 2 9 9 -5 5 0 -9 7 2 7 1 
-3 6 12 8 5 11 -1 7 0 1 3 -1 10 -7 -2 11 11 
-2 3 2 2 2 6 -3 9 -5 0 9 3 -9 12 3 4 5 
10 12 5 -1 6 11 12 12 -10 3 4 -6 4 4 10 12 4 
8 10 11 6 -8 -8 2 -6 9 0 12 2 -5 2 1 4 6 
0 8 7 2 5 4 8 7 11 9 7 5 8 8 3 1 0 
4 -10 8 1 10 4 3 9 -5 9 3 4 10 1 8 -10 4 
0 1 3 8 8 5 7 9 11 7 8 4 5 2 7 8 0 
6 4 1 2 -5 2 12 0 9 -6 2 -8 -8 6 11 10 8 
4 12 10 4 4 -6 4 3 -10 12 12 11 6 -1 5 12 10 
5 4 3 12 -9 3 9 0 -5 9 -3 6 2 2 2 3 -2 
11 11 -2 -7 10 -1 3 1 0 7 -1 11 5 8 12 6 -3 
1 7 2 7 -9 0 5 -5 9 9 2 9 12 9 10 -11 12 
-9 5 6 0 2 2 7 11 5 10 1 12 -9 2 9 7 9 
4 -10 0 9 -10 0 11 2 4 -10 9 -3 5 8 5 -10 7 
37
7
14 0
16 7
10 6
15 16
14 12
7 13
5 6
2 16
0 9
6 10
1 0
2 4
9 3
11 10
18
7 4 10
13 1 13
2 15 9
0 11 9
14 8 8
2 14 10
8 16 12
14 9 15
10 3 14
9 12 10
3 15 13
14 1 9
16 5 9
2 8 8
14 2 10
8 0 12
2 7 15
6 13 14
20
9 2
15 0
4 15
4 9
4 12
10 9
15 10
1 12
10 4
8 1
7 14
1 16
12 1
12 7
12 4
6 7
1 6
15 4
6 12
8 15
