12 10
3 12 2 0 12 -6 11 4 -11 5 
12 -1 -8 9 -6 4 6 6 10 -5 
5 -10 6 5 5 -5 -3 7 12 2 
2 -4 -10 10 -5 11 -12 6 4 9 
-2 3 -6 5 2 11 -10 1 -6 12 
2 7 -10 11 12 -11 4 10 12 5 
5 12 10 4 -11 12 11 -10 7 2 
12 -6 1 -10 11 2 5 -6 3 -2 
9 4 6 -12 11 -5 10 -10 -4 2 
2 12 7 -3 -5 5 5 6 -10 5 
-5 10 6 6 4 -6 9 -8 -1 12 
5 -11 4 11 -6 12 0 2 12 3 
31
6
10 5
4 7
4 1
8 3
1 5
3 4
1 4
7 2
7 8
3 6
10 4
8 5
18
7 9 10
5 1 12
11 8 10
7 0 10
6 2 14
10 1 13
3 0 14
0 5 13
9 6 11
4 0 10
6 8 12
0 1 10
4 9 10
5 7 14
1 8 13
8 9 14
11 4 13
2 3 11
8
10 7
10 2
2 7
8 0
1 2
1 7
9 2
3 9
