15 15
26 1 -7 0 6 21 7 1 14 -9 25 11 25 9 17 
-17 25 15 1 10 -4 10 6 3 25 20 19 15 0 23 
12 8 2 -6 20 7 22 7 15 0 13 15 2 6 14 
4 22 25 -23 10 16 26 22 11 25 19 18 26 1 9 
7 16 1 -4 17 7 2 26 11 -14 -9 10 7 17 19 
21 1 11 22 17 14 25 -11 23 -19 -14 17 -18 17 22 
-26 4 -19 -25 0 12 2 -21 2 -4 10 12 17 5 12 
14 11 21 -5 14 20 12 -13 12 20 14 -5 21 11 14 
12 5 17 12 10 -4 2 -21 2 12 0 -25 -19 4 -26 
22 17 -18 17 -14 -19 23 -11 25 14 17 22 11 1 21 
19 17 7 10 -9 -14 11 26 2 7 17 -4 1 16 7 
9 1 26 18 19 25 11 22 26 16 10 -23 25 22 4 
14 6 2 15 13 0 15 7 22 7 20 -6 2 8 12 
23 0 15 19 20 25 3 6 10 -4 10 1 15 25 -17 
17 9 25 11 25 -9 14 1 7 21 6 0 -7 1 26 
43
5
0 5
12 0
3 10
3 7
5 7
14 9
2 14
11 4
11 7
9 7
6
11 6 14
11 10 12
10 3 9
3 8 14
3 4 12
4 11 9
14
1 7
6 3
12 14
1 0
2 3
4 9
9 4
13 7
8 11
2 0
13 14
12 11
10 5
5 10
