17 12
5 -6 11 15 -10 -10 10 5 15 -2 1 10 
12 2 13 15 -4 16 14 5 -14 4 1 6 
14 -4 6 -14 3 8 3 -2 3 13 -1 4 
-15 -15 4 11 13 3 2 13 9 2 16 10 
4 -11 4 16 -1 -7 0 4 16 10 6 3 
-11 -14 15 13 5 15 13 -1 15 1 7 14 
15 7 -7 5 3 11 16 -8 14 15 12 8 
8 4 1 12 13 3 -12 2 1 8 5 6 
-5 5 14 9 13 5 5 13 9 14 5 -5 
6 5 8 1 2 -12 3 13 12 1 4 8 
8 12 15 14 -8 16 11 3 5 -7 7 15 
14 7 1 15 -1 13 15 5 13 15 -14 -11 
3 6 10 16 4 0 -7 -1 16 4 -11 4 
10 16 2 9 13 2 3 13 11 4 -15 -15 
4 -1 13 3 -2 3 8 3 -14 6 -4 14 
6 1 4 -14 5 14 16 -4 15 13 2 12 
10 1 -2 15 5 10 -10 -10 15 11 -6 5 
34
2
3 10
4 10
13 1
12 1
20
5 3 11
7 10 9
14 9 10
3 11 16
11 9 15
16 5 12
8 10 9
2 3 8
0 11 9
1 6 12
11 8 11
9 1 9
2 2 10
13 0 16
5 2 15
0 6 12
8 1 9
14 8 8
16 0 9
15 5 12
16
13 9
8 9
9 11
16 3
13 10
15 10
10 7
1 5
3 2
8 2
7 0
0 8
3 1
1 1
6 4
15 6
