20 20
-1 6 1 1 2 2 4 0 1 5 1 6 2 5 5 5 6 6 -6 -5 
4 4 -1 5 -1 6 -3 -2 3 -5 6 4 1 2 4 0 5 5 6 4 
0 4 -4 -6 6 3 6 3 -5 -2 3 -5 1 1 2 5 2 0 4 5 
6 2 0 6 6 1 3 6 4 5 6 1 -4 5 4 2 3 1 6 4 
-6 5 0 5 0 1 5 1 -4 5 2 1 -1 5 -4 5 2 -3 1 3 
4 -6 5 -4 4 0 1 6 -6 -6 1 1 6 4 4 0 4 2 -3 4 
5 5 -4 5 5 2 -5 3 4 -1 2 0 1 -1 6 0 -6 3 4 2 
0 2 -4 6 0 1 2 -4 -4 -3 2 -5 5 1 1 2 5 -6 4 4 
2 0 6 -6 1 6 2 4 2 3 5 4 1 -3 -4 0 0 1 2 -3 
2 2 -2 2 -2 -4 0 4 -2 2 5 1 2 2 -1 4 4 1 5 3 
3 5 1 4 4 -1 2 2 1 5 2 -2 4 0 -4 -2 2 -2 2 2 
-3 2 1 0 0 -4 -3 1 4 5 3 2 4 2 6 1 -6 6 0 2 
4 4 -6 5 2 1 1 5 -5 2 -3 -4 -4 2 1 0 6 -4 2 0 
2 4 3 -6 0 6 -1 1 0 2 -1 4 3 -5 2 5 5 -4 5 5 
4 -3 2 4 0 4 4 6 1 1 -6 -6 6 1 0 4 -4 5 -6 4 
3 1 -3 2 5 -4 5 -1 1 2 5 -4 1 5 1 0 5 0 5 -6 
4 6 1 3 2 4 5 -4 1 6 5 4 6 3 1 6 6 0 2 6 
5 4 0 2 5 2 1 1 -5 3 -2 -5 3 6 3 6 -6 -4 4 0 
4 6 5 5 0 4 2 1 4 6 -5 3 -2 -3 6 -1 5 -1 4 4 
-5 -6 6 6 5 5 5 2 6 1 5 1 0 4 2 2 1 1 6 -1 
53
5
11 0
0 12
11 1
7 9
16 2
8 19
19 7
8 18
12 10
3 17
20
15 0 10
13 2 13
19 6 11
15 5 12
13 15 8
13 5 11
12 4 9
7 3 16
16 14 12
13 0 10
4 19 10
6 17 13
0 13 11
4 14 12
6 4 8
6 14 11
7 15 9
12 16 16
3 5 12
6 19 10
0
