12 19
0 8 0 3 -3 7 -2 6 -7 1 4 -8 2 5 7 5 0 2 3 
-8 7 2 -2 1 3 2 2 2 7 1 -5 5 3 7 -2 2 4 -8 
2 3 8 -6 6 4 7 7 3 0 -8 -6 1 0 5 0 7 -4 4 
2 -5 7 5 5 -7 7 3 2 2 5 4 -8 7 2 -4 4 1 -5 
7 8 5 4 4 1 0 7 -2 7 1 7 3 7 -7 8 4 7 8 
0 0 -3 2 8 4 -7 1 2 1 -4 -1 5 6 0 6 -6 6 -7 
-7 6 -6 6 0 6 5 -1 -4 1 2 1 -7 4 8 2 -3 0 0 
8 7 4 8 -7 7 3 7 1 7 -2 7 0 1 4 4 5 8 7 
-5 1 4 -4 2 7 -8 4 5 2 2 3 7 -7 5 5 7 -5 2 
4 -4 7 0 5 0 1 -6 -8 0 3 7 7 4 6 -6 8 3 2 
-8 4 2 -2 7 3 5 -5 1 7 2 2 2 3 1 -2 2 7 -8 
3 2 0 5 7 5 2 -8 4 1 -7 6 -2 7 -3 3 0 8 0 
57
7
3 16
10 9
0 4
7 4
10 17
1 7
3 9
8 2
1 9
11 14
4 14
1 1
10 11
8 9
18
11 15 11
6 0 14
3 7 16
11 4 12
10 7 8
9 15 14
4 5 14
3 11 13
8 14 8
0 3 11
5 18 14
8 11 16
0 14 12
1 11 8
2 3 14
7 13 14
8 7 13
3 4 8
20
1 16
10 13
2 5
3 2
1 0
5 0
0 18
2 13
2 10
3 8
10 2
1 5
9 13
8 16
10 18
6 18
11 0
9 5
9 8
8 10
