20 20
5 3 5 -1 1 2 -4 0 0 -5 -2 3 -5 3 -2 1 5 5 5 2 
-2 2 3 2 3 1 3 0 0 3 -2 4 2 -4 3 1 4 5 0 1 
1 0 2 -6 4 4 2 5 4 1 6 6 2 -4 -2 6 -4 1 3 1 
1 4 -1 -1 -1 3 4 2 4 2 1 -5 -5 3 -6 5 5 6 -3 -4 
1 4 3 3 5 -1 4 -1 2 -5 5 -4 0 5 4 5 -4 5 0 5 
1 3 4 3 -6 2 0 6 6 0 6 -2 -3 6 -4 -6 0 -1 -4 2 
-5 3 5 5 1 6 5 3 3 1 3 3 1 4 4 0 -3 5 1 4 
3 2 4 1 4 1 4 3 5 2 3 -6 3 2 1 3 0 -5 2 2 
-4 2 -6 1 4 3 2 -5 3 1 4 6 1 5 -6 -6 3 -5 -4 6 
3 5 0 2 6 5 3 1 2 0 5 1 -5 -5 3 3 5 6 0 6 
6 0 6 5 3 3 -5 -5 1 5 0 2 1 3 5 6 2 0 5 3 
6 -4 -5 3 -6 -6 5 1 6 4 1 3 -5 2 3 4 1 -6 2 -4 
2 2 -5 0 3 1 2 3 -6 3 2 5 3 4 1 4 1 4 2 3 
4 1 5 -3 0 4 4 1 3 3 1 3 3 5 6 1 5 5 3 -5 
2 -4 -1 0 -6 -4 6 -3 -2 6 0 6 6 0 2 -6 3 4 3 1 
5 0 5 -4 5 4 5 0 -4 5 -5 2 -1 4 -1 5 3 3 4 1 
-4 -3 6 5 5 -6 3 -5 -5 1 2 4 2 4 3 -1 -1 -1 4 1 
1 3 1 -4 6 -2 -4 2 6 6 1 4 5 2 4 4 -6 2 0 1 
1 0 5 4 1 3 -4 2 4 -2 3 0 0 3 1 3 2 3 2 -2 
2 5 5 5 1 -2 3 -5 3 -2 -5 0 0 -4 2 1 -1 5 3 5 
58
8
17 9
18 6
9 12
18 8
1 8
3 16
17 11
9 10
2 10
1 13
10 7
1 11
18 11
16 3
2 8
10 9
20
3 15 15
6 15 13
11 4 14
17 14 8
11 7 12
5 13 11
9 15 14
9 13 15
13 1 10
0 10 16
16 4 15
13 4 13
8 15 14
2 5 8
8 12 12
14 6 11
10 4 14
10 6 15
6 18 10
19 9 16
0
