17 20
-4 -3 5 0 3 -1 9 10 8 1 8 1 0 9 -2 5 8 9 10 9 
0 1 0 8 7 -11 2 4 -9 3 8 6 8 10 -2 10 -8 3 4 2 
4 6 4 -9 6 8 0 4 -4 -11 11 2 -8 8 -8 11 6 4 5 -5 
-2 -5 10 2 7 5 3 4 9 8 7 6 7 -11 4 -1 9 -6 8 10 
-9 5 9 9 8 -3 7 1 -3 8 -7 11 6 1 3 -8 2 9 8 -6 
4 2 7 -7 8 2 -10 11 6 -4 8 7 5 2 1 -10 9 1 -2 11 
-3 -11 8 1 9 2 -6 7 4 3 -4 -11 10 1 9 2 0 3 -4 7 
5 -9 2 1 7 -8 -8 1 1 5 8 7 11 6 5 0 -9 9 10 -6 
9 -1 3 8 -8 -7 2 10 10 -3 -3 10 10 2 -7 -8 8 3 -1 9 
-6 10 9 -9 0 5 6 11 7 8 5 1 1 -8 -8 7 1 2 -9 5 
7 -4 3 0 2 9 1 10 -11 -4 3 4 7 -6 2 9 1 8 -11 -3 
11 -2 1 9 -10 1 2 5 7 8 -4 6 11 -10 2 8 -7 7 2 4 
-6 8 9 2 -8 3 1 6 11 -7 8 -3 1 7 -3 8 9 9 5 -9 
10 8 -6 9 -1 4 -11 7 6 7 8 9 4 3 5 7 2 10 -5 -2 
-5 5 4 6 11 -8 8 -8 2 11 -11 -4 4 0 8 6 -9 4 6 4 
2 4 3 -8 10 -2 10 8 6 8 3 -9 4 2 -11 7 8 0 1 0 
9 10 9 8 5 -2 9 0 1 8 1 8 10 9 -1 3 0 5 -3 -4 
44
2
10 1
2 15
6 18
14 4
8
13 16 8
13 5 9
3 11 16
4 8 15
3 3 8
3 14 9
13 8 16
12 11 15
24
1 16
2 3
7 2
11 10
10 16
2 7
8 1
12 8
14 5
6 16
1 12
3 12
15 3
14 16
9 17
5 9
6 3
14 12
8 18
4 11
2 14
10 3
15 7
13 7
