20 20
1 1 -1 2 2 -4 -2 4 3 3 0 2 1 2 3 -3 2 3 1 1 
-2 2 3 1 3 1 -2 0 -1 -2 3 3 2 3 4 3 2 -1 -3 4 
1 1 0 2 -1 -4 4 4 0 1 4 1 4 2 4 2 4 2 2 1 
1 1 2 2 3 0 -2 -4 2 0 2 0 4 3 1 -4 1 -1 4 4 
0 2 1 1 0 -1 3 3 4 3 1 3 1 3 4 0 -1 4 0 1 
4 -4 3 2 0 -2 2 4 1 2 3 -1 4 0 1 3 2 -3 -4 2 
-4 3 -4 -3 3 2 3 -2 3 -2 4 0 0 4 -4 0 -3 3 3 2 
2 1 0 4 2 3 1 2 1 1 3 3 0 -3 4 1 3 -2 0 -1 
2 2 3 3 2 1 2 -1 -1 0 3 1 4 2 -4 1 4 2 -4 3 
2 4 -4 4 4 3 -4 3 4 4 2 3 4 -1 1 4 2 4 1 3 
3 1 4 2 4 1 -1 4 3 2 4 4 3 -4 3 4 4 -4 4 2 
3 -4 2 4 1 -4 2 4 1 3 0 -1 -1 2 1 2 3 3 2 2 
-1 0 -2 3 1 4 -3 0 3 3 1 1 2 1 3 2 4 0 1 2 
2 3 3 -3 0 -4 4 0 0 4 -2 3 -2 3 2 3 -3 -4 3 -4 
2 -4 -3 2 3 1 0 4 -1 3 2 1 4 2 -2 0 2 3 -4 4 
1 0 4 -1 0 4 3 1 3 1 3 4 3 3 -1 0 1 1 2 0 
4 4 -1 1 -4 1 3 4 0 2 0 2 -4 -2 0 3 2 2 1 1 
1 2 2 4 2 4 2 4 1 4 1 0 4 4 -4 -1 2 0 1 1 
4 -3 -1 2 3 4 3 2 3 3 -2 -1 0 -2 1 3 1 3 2 -2 
1 1 3 2 -3 3 2 1 2 0 3 3 4 -2 -4 2 2 -1 1 1 
60
4
18 9
5 1
19 11
8 13
1 10
14 18
0 8
11 6
20
19 13 11
19 6 11
4 7 8
15 19 16
15 17 10
18 11 11
11 19 14
17 11 8
5 16 16
13 17 14
0 6 11
0 13 11
15 12 8
4 0 16
4 2 10
1 8 11
8 0 14
2 8 8
14 3 16
6 2 14
0
