20 20
1 3 2 -3 -1 2 2 1 1 3 0 2 3 2 3 -3 -2 2 2 1 
2 2 3 2 2 2 1 1 1 0 -1 2 -2 0 2 -3 1 -2 1 3 
-2 2 1 -3 2 -3 3 1 0 2 1 0 0 1 -1 2 0 0 2 3 
1 2 -2 3 1 -2 -2 2 1 2 2 0 2 3 3 3 0 2 3 1 
1 -2 2 0 2 0 3 1 1 1 1 -3 3 0 -1 2 0 3 -1 3 
1 0 1 0 3 0 -2 0 0 -3 3 0 3 3 2 3 2 3 2 3 
3 3 1 3 0 -2 3 0 1 2 2 3 2 3 0 1 1 1 2 1 
0 1 -3 2 3 -2 1 2 2 1 2 0 -3 1 -3 3 3 -3 1 3 
2 2 0 -1 1 2 0 0 0 -1 3 3 -2 0 3 1 2 2 -2 2 
3 2 1 1 3 2 2 -1 3 -3 -2 3 2 -3 0 -1 2 1 2 0 
0 2 1 2 -1 0 -3 2 3 -2 -3 3 -1 2 2 3 1 1 2 3 
2 -2 2 2 1 3 0 -2 3 3 -1 0 0 0 2 1 -1 0 2 2 
3 1 -3 3 3 -3 1 -3 0 2 1 2 2 1 -2 3 2 -3 1 0 
1 2 1 1 1 0 3 2 3 2 2 1 0 3 -2 0 3 1 3 3 
3 2 3 2 3 2 3 3 0 3 -3 0 0 -2 0 3 0 1 0 1 
3 -1 3 0 2 -1 0 3 -3 1 1 1 1 3 0 2 0 2 -2 1 
1 3 2 0 3 3 3 2 0 2 2 1 2 -2 -2 1 3 -2 2 1 
3 2 0 0 2 -1 1 0 0 1 2 0 1 3 -3 2 -3 1 2 -2 
3 1 -2 1 -3 2 0 -2 2 -1 0 1 1 1 2 2 2 3 2 2 
1 2 2 -2 -3 3 2 3 2 0 3 1 1 2 2 -1 -3 2 3 1 
52
3
16 2
2 18
17 12
3 17
17 1
2 7
20
11 7 15
7 18 12
7 2 13
14 1 13
9 7 9
15 14 15
7 8 9
0 18 11
14 8 8
15 4 11
8 12 15
12 1 12
12 17 13
5 18 13
10 12 9
4 5 15
12 11 9
19 1 11
5 11 8
4 15 11
0
