11 20
2 5 2 -1 -5 4 3 -5 -2 7 3 6 1 2 2 1 4 2 5 2 
-5 2 6 3 2 1 -4 3 4 6 -5 2 -2 0 4 1 -4 7 2 7 
3 1 -2 -3 6 3 5 -7 5 3 7 6 3 6 -6 6 1 -6 1 3 
7 2 2 3 -2 7 -7 7 7 4 7 5 7 6 1 7 -3 2 6 6 
3 -4 -6 -5 -1 -6 3 3 7 1 5 4 6 3 3 6 3 7 0 -7 
1 4 3 3 2 -4 3 -1 5 2 2 5 -1 3 -4 2 3 3 4 1 
-7 0 7 3 6 3 3 6 4 5 1 7 3 3 -6 -1 -5 -6 -4 3 
6 6 2 -3 7 1 6 7 5 7 4 7 7 -7 7 -2 3 2 2 7 
3 1 -6 1 6 -6 6 3 6 7 3 5 -7 5 3 6 -3 -2 1 3 
7 2 7 -4 1 4 0 -2 2 -5 6 4 3 -4 1 2 3 6 2 -5 
2 5 2 4 1 2 2 1 6 3 7 -2 -5 3 4 -5 -1 2 5 2 
42
6
8 9
1 17
10 9
9 13
5 7
1 15
2 10
9 2
0 10
1 6
5 12
9 4
12
10 0 15
1 4 10
4 3 10
1 7 11
10 19 8
9 14 15
0 19 15
9 15 10
6 16 10
9 12 11
0 0 8
1 5 15
18
3 18
8 1
9 7
2 14
1 2
4 5
5 9
8 19
2 7
7 1
2 18
1 12
8 5
9 17
6 14
5 10
2 0
8 12
