13 17
0 11 6 15 -2 2 7 18 -5 -7 -10 4 14 18 4 -5 9 
6 3 15 -10 14 1 -13 9 6 -3 -3 3 6 10 10 -4 -15 
9 16 1 18 -17 -18 -8 -17 17 -1 -10 3 10 1 3 5 16 
-7 18 -1 12 5 18 -6 8 4 18 -14 -15 18 17 3 5 11 
12 3 6 11 16 0 18 4 1 -17 -4 13 8 0 10 8 3 
-9 6 13 -8 18 5 6 -17 6 -8 13 14 5 11 11 -1 10 
-18 3 -5 6 13 -12 10 4 18 4 10 -12 13 6 -5 3 -18 
10 -1 11 11 5 14 13 -8 6 -17 6 5 18 -8 13 6 -9 
3 8 10 0 8 13 -4 -17 1 4 18 0 16 11 6 3 12 
11 5 3 17 18 -15 -14 18 4 8 -6 18 5 12 -1 18 -7 
16 5 3 1 10 3 -10 -1 17 -17 -8 -18 -17 18 1 16 9 
-15 -4 10 10 6 3 -3 -3 6 9 -13 1 14 -10 15 3 6 
9 -5 4 18 14 4 -10 -7 -5 18 7 2 -2 15 6 11 0 
30
6
3 7
9 0
12 7
0 14
2 13
11 13
9 9
3 16
0 9
12 2
10 3
1 3
12
11 3 8
1 5 11
5 12 13
10 0 15
3 11 14
12 4 12
1 13 8
11 11 11
7 4 13
2 16 15
9 5 14
0 12 12
22
2 11
3 2
12 3
4 2
5 4
3 10
7 15
5 7
8 12
5 6
6 7
10 5
9 14
0 13
8 14
7 12
9 6
5 1
7 9
4 4
7 10
6 9
