13 11
-4 -10 11 11 7 9 10 10 1 4 -2 
7 1 1 -11 -7 -4 4 6 5 10 8 
1 6 -9 9 11 -10 -4 1 6 1 3 
-3 -6 9 -11 8 10 6 5 10 -10 10 
1 -8 11 8 -2 -1 3 3 9 6 7 
4 1 11 -9 4 10 6 7 -2 3 2 
-3 1 -1 6 11 9 11 6 -1 1 -3 
2 3 -2 7 6 10 4 -9 11 1 4 
7 6 9 3 3 -1 -2 8 11 -8 1 
10 -10 10 5 6 10 8 -11 9 -6 -3 
3 1 6 1 -4 -10 11 9 -9 6 1 
8 10 5 6 4 -4 -7 -11 1 1 7 
-2 4 1 10 10 9 7 11 11 -10 -4 
49
5
10 6
8 5
10 5
12 6
9 3
2 4
4 5
2 5
0 4
3 7
6
10 7 16
4 0 8
1 5 8
2 3 16
8 10 8
11 5 8
12
1 7
4 10
2 8
3 2
5 10
1 9
11 3
8 0
10 2
9 8
7 0
11 1
