20 20
2 3 6 3 6 7 11 3 -8 -3 8 -2 6 9 1 -2 -10 -1 -2 -3 
3 11 8 2 2 6 10 5 -1 8 10 4 -8 8 11 8 7 2 7 4 
5 9 -1 3 7 -2 0 5 7 3 2 8 -9 1 3 -2 -2 1 6 -10 
10 6 1 4 -4 -9 0 3 6 0 -8 3 6 2 4 8 4 4 6 9 
11 6 -5 -4 -1 1 4 -9 -4 -5 1 5 -6 -2 7 11 0 6 11 5 
8 3 -9 5 -10 8 7 6 -10 0 1 2 -5 3 8 10 2 -2 5 2 
7 5 9 10 10 9 4 0 10 -1 7 2 -4 -1 7 -8 7 2 -5 -1 
5 3 9 0 6 3 7 9 1 -7 -10 9 9 11 9 11 -1 8 9 1 
8 1 10 11 5 8 8 2 10 9 8 3 9 6 5 2 6 10 8 10 
6 1 -6 -3 -5 2 -10 -6 11 -4 4 6 0 0 5 -11 -7 -1 -1 2 
2 -1 -1 -7 -11 5 0 0 6 4 -4 11 -6 -10 2 -5 -3 -6 1 6 
10 8 10 6 2 5 6 9 3 8 9 10 2 8 8 5 11 10 1 8 
1 9 8 -1 11 9 11 9 9 -10 -7 1 9 7 3 6 0 9 3 5 
-1 -5 2 7 -8 7 -1 -4 2 7 -1 10 0 4 9 10 10 9 5 7 
2 5 -2 2 10 8 3 -5 2 1 0 -10 6 7 8 -10 5 -9 3 8 
5 11 6 0 11 7 -2 -6 5 1 -5 -4 -9 4 1 -1 -4 -5 6 11 
9 6 4 4 8 4 2 6 3 -8 0 6 3 0 -9 -4 4 1 6 10 
-10 6 1 -2 -2 3 1 -9 8 2 3 7 5 0 -2 7 3 -1 9 5 
4 7 2 7 8 11 8 -8 4 10 8 -1 5 10 6 2 2 8 11 3 
-3 -2 -1 -10 -2 1 9 6 -2 8 -3 -8 3 11 7 6 3 6 3 2 
36
4
15 3
6 13
3 8
6 10
4 16
13 6
16 11
13 9
16
5 7 9
3 19 15
11 2 9
12 18 16
14 10 9
12 0 16
5 11 11
18 5 8
14 12 9
16 0 15
8 17 9
7 1 16
5 9 9
7 19 16
14 8 11
1 14 8
0
