11 17
1 -6 -6 6 -6 1 -6 2 2 2 1 -6 2 -4 1 5 6 
3 6 2 4 0 2 0 -1 2 5 3 1 1 -6 3 3 -1 
6 6 3 2 5 0 6 1 -6 5 -1 5 3 1 5 2 4 
2 5 -3 1 1 3 6 6 3 2 3 0 3 1 -3 5 5 
4 2 3 1 1 -1 1 4 -2 0 0 -5 6 3 6 6 -6 
6 5 6 -3 1 6 3 4 4 4 3 6 1 -3 6 5 6 
-6 6 6 3 6 -5 0 0 -2 4 1 -1 1 1 3 2 4 
5 5 -3 1 3 0 3 2 3 6 6 3 1 1 -3 5 2 
4 2 5 1 3 5 -1 5 -6 1 6 0 5 2 3 6 6 
-1 3 3 -6 1 1 3 5 2 -1 0 2 0 4 2 6 3 
6 5 1 -4 2 -6 1 2 2 2 -6 1 -6 6 -6 -6 1 
36
8
0 12
10 3
5 4
7 12
0 11
2 12
0 2
9 16
10 4
0 13
5 12
3 4
10 5
8 4
10 14
1 0
6
1 9 15
9 0 11
4 1 13
9 7 15
1 16 11
6 15 13
14
8 0
0 1
8 6
6 9
1 6
10 16
5 8
2 16
10 15
2 10
4 7
9 10
0 0
5 8
