15 19
12 4 -24 -15 7 13 10 2 9 2 6 20 13 9 4 8 11 10 7 
12 20 -23 17 10 13 -25 -20 11 3 24 10 -20 19 25 2 23 6 10 
7 -5 5 -5 3 -14 7 18 9 21 3 15 13 -10 -7 24 4 9 -1 
-13 -21 5 22 4 17 2 4 -17 11 9 17 -3 -5 5 -21 14 4 -13 
-13 0 12 -18 23 23 -3 23 5 1 15 10 12 3 9 17 1 11 23 
15 19 4 -17 11 21 -17 21 5 7 -4 12 21 9 17 11 -7 25 8 
1 15 4 9 2 -4 13 -3 -11 22 -12 21 -9 13 4 -16 12 22 -15 
12 3 21 -9 0 9 -17 19 12 -19 12 19 -17 9 0 -9 21 3 12 
-15 22 12 -16 4 13 -9 21 -12 22 -11 -3 13 -4 2 9 4 15 1 
8 25 -7 11 17 9 21 12 -4 7 5 21 -17 21 11 -17 4 19 15 
23 11 1 17 9 3 12 10 15 1 5 23 -3 23 23 -18 12 0 -13 
-13 4 14 -21 5 -5 -3 17 9 11 -17 4 2 17 4 22 5 -21 -13 
-1 9 4 24 -7 -10 13 15 3 21 9 18 7 -14 3 -5 5 -5 7 
10 6 23 2 25 19 -20 10 24 3 11 -20 -25 13 10 17 -23 20 12 
7 10 11 8 4 9 13 20 6 2 9 2 10 13 7 -15 -24 4 12 
34
4
10 0
12 16
14 6
1 11
4 18
2 2
0 12
13 7
20
12 6 13
8 13 9
10 1 13
12 2 13
14 7 8
14 16 14
2 14 16
7 2 13
2 6 10
3 4 8
2 12 13
6 5 9
4 17 13
2 16 13
0 11 8
0 2 14
12 4 16
7 16 13
12 12 10
11 14 8
20
0 3
10 7
2 4
10 8
10 17
0 14
5 0
12 15
5 16
5 7
14 15
4 11
12 14
4 10
4 1
14 4
9 18
2 3
9 2
9 11
