20 20
2 5 0 1 10 5 2 11 4 1 9 -8 2 -6 -6 0 12 7 -8 -10 
-1 7 -6 8 2 1 12 0 7 7 1 2 7 7 -3 1 6 4 11 7 
0 4 9 9 10 6 -10 7 6 11 11 6 1 -2 1 5 10 2 -1 4 
-5 -10 5 2 5 12 11 8 4 12 4 -2 7 -9 6 11 0 6 10 -12 
11 -10 2 -7 1 -1 -3 5 6 5 1 2 6 1 8 6 2 -9 7 1 
9 2 10 9 11 3 10 0 10 10 3 11 -6 12 4 10 7 2 6 1 
-6 -4 7 3 -10 9 4 6 -5 9 -8 -4 1 11 -10 -12 11 9 4 7 
-12 2 3 10 1 -6 2 8 8 -1 -8 3 -4 12 3 6 -2 9 10 4 
3 6 6 7 9 -3 -3 4 -2 9 6 -3 9 0 -7 10 7 7 9 9 
9 -12 -7 12 6 4 -5 2 5 7 11 3 6 11 3 2 9 9 8 -12 
-12 8 9 9 2 3 11 6 3 11 7 5 2 -5 4 6 12 -7 -12 9 
9 9 7 7 10 -7 0 9 -3 6 9 -2 4 -3 -3 9 7 6 6 3 
4 10 9 -2 6 3 12 -4 3 -8 -1 8 8 2 -6 1 10 3 2 -12 
7 4 9 11 -12 -10 11 1 -4 -8 9 -5 6 4 9 -10 3 7 -4 -6 
1 6 2 7 10 4 12 -6 11 3 10 10 0 10 3 11 9 10 2 9 
1 7 -9 2 6 8 1 6 2 1 5 6 5 -3 -1 1 -7 2 -10 11 
-12 10 6 0 11 6 -9 7 -2 4 12 4 8 11 12 5 2 5 -10 -5 
4 -1 2 10 5 1 -2 1 6 11 11 6 7 -10 6 10 9 9 4 0 
7 11 4 6 1 -3 7 7 2 1 7 7 0 12 1 2 8 -6 7 -1 
-10 -8 7 12 0 -6 -6 2 -8 9 1 4 11 2 5 10 1 0 5 2 
60
8
10 6
2 16
8 3
1 16
18 15
7 11
9 0
11 13
9 13
17 3
11 16
18 3
1 4
12 8
10 19
8 6
16
0 7 16
2 7 9
10 4 11
16 11 13
6 12 16
1 10 9
11 17 14
4 3 16
19 12 16
17 12 9
9 15 11
3 8 13
13 7 16
18 9 9
8 2 14
15 16 16
0
