10 11
-9 0 -17 5 9 5 4 -12 11 17 17 
2 1 8 -6 1 13 12 13 9 -13 5 
19 6 -12 12 5 9 18 7 17 -12 8 
19 15 -14 -17 11 18 -11 -7 14 5 5 
-2 9 3 10 -2 19 0 7 11 19 -5 
-5 19 11 7 0 19 -2 10 3 9 -2 
5 5 14 -7 -11 18 11 -17 -14 15 19 
8 -12 17 7 18 9 5 12 -12 6 19 
5 -13 9 13 12 13 1 -6 8 1 2 
17 17 11 -12 4 5 9 5 -17 0 -9 
49
8
8 2
1 5
9 3
4 5
9 10
6 9
3 8
3 7
1 8
8 5
0 7
5 5
0 0
3 1
6 2
6 3
18
4 1 13
9 1 8
0 10 9
7 4 14
1 4 15
1 2 13
7 1 15
2 0 9
1 0 12
5 9 13
0 9 8
9 0 9
2 6 14
8 6 15
8 8 13
2 9 15
7 10 9
8 10 12
8
6 10
3 9
1 10
8 9
3 0
6 1
8 0
1 1
