12 20
5 10 -2 18 -12 8 10 17 -16 20 8 10 13 3 13 4 13 15 4 1 
10 15 7 13 1 17 4 -5 12 19 -4 -19 10 13 15 18 12 -10 -7 8 
8 -4 5 6 4 2 -2 13 12 7 11 11 7 2 4 11 2 5 0 0 
1 17 7 17 13 1 13 1 14 1 -7 13 11 16 12 2 15 18 6 -4 
6 -12 7 14 3 -17 1 6 -5 -1 -19 13 -13 20 -10 7 4 -19 5 16 
10 10 -12 9 8 -16 12 13 -15 20 -17 19 3 16 16 -5 17 7 11 -11 
-11 11 7 17 -5 16 16 3 19 -17 20 -15 13 12 -16 8 9 -12 10 10 
16 5 -19 4 7 -10 20 -13 13 -19 -1 -5 6 1 -17 3 14 7 -12 6 
-4 6 18 15 2 12 16 11 13 -7 1 14 1 13 1 13 17 7 17 1 
0 0 5 2 11 4 2 7 11 11 7 12 13 -2 2 4 6 5 -4 8 
8 -7 -10 12 18 15 13 10 -19 -4 19 12 -5 4 17 1 13 7 15 10 
1 4 15 13 4 13 3 13 10 8 20 -16 17 10 8 -12 18 -2 10 5 
51
3
8 16
6 18
0 17
3 3
5 1
11 2
20
5 4 14
4 14 11
5 9 9
10 1 8
1 13 12
6 16 10
11 7 11
11 5 10
8 17 11
10 16 8
6 15 14
7 5 11
6 10 9
1 18 8
10 6 12
5 3 10
0 12 11
0 14 10
3 2 11
1 3 8
18
0 9
4 16
2 4
8 6
5 15
10 14
4 19
3 10
1 4
11 10
7 3
9 15
3 13
6 4
1 5
7 0
8 9
10 15
