13 11
8 7 6 5 -6 2 4 4 2 8 3 
5 7 8 -2 6 7 5 8 4 8 6 
3 3 2 5 5 -2 6 6 -6 6 5 
3 4 -2 -7 6 1 -3 -5 3 5 0 
1 6 5 3 -4 -8 -1 7 8 8 1 
-4 1 7 5 0 6 8 -1 1 8 8 
-5 4 -2 6 3 8 3 6 -2 4 -5 
8 8 1 -1 8 6 0 5 7 1 -4 
1 8 8 7 -1 -8 -4 3 5 6 1 
0 5 3 -5 -3 1 6 -7 -2 4 3 
5 6 -6 6 6 -2 5 5 2 3 3 
6 8 4 8 5 7 6 -2 8 7 5 
3 8 2 4 4 2 -6 5 6 7 8 
31
3
7 6
9 10
1 2
5 4
3 0
11 8
16
1 10 12
2 9 14
2 8 12
8 2 9
11 9 13
12 6 10
0 8 11
11 6 12
11 0 12
10 1 14
10 2 12
4 8 9
1 1 13
0 4 10
12 2 11
1 4 12
12
6 5
8 9
10 4
12 0
12 7
11 1
6 5
4 1
2 6
0 10
0 3
1 9
