11 11
11 10 14 -2 -10 3 7 14 -6 4 11 
-3 -2 -12 10 5 12 2 2 2 8 0 
14 -5 -6 11 6 1 -2 5 5 13 0 
-8 -14 -9 13 11 1 11 13 14 8 5 
11 -2 -4 6 0 9 6 -10 -11 4 7 
9 -7 11 11 3 14 3 11 11 -7 9 
7 4 -11 -10 6 9 0 6 -4 -2 11 
5 8 14 13 11 1 11 13 -9 -14 -8 
0 13 5 5 -2 1 6 11 -6 -5 14 
0 8 2 2 2 12 5 10 -12 -2 -3 
11 4 -6 14 7 3 -10 -2 14 10 11 
43
8
2 0
7 10
9 8
8 7
2 4
10 1
10 7
2 9
8 10
3 0
1 2
2 3
8 6
0 9
0 3
8 1
10
9 10 16
5 0 14
5 6 15
10 2 12
8 9 12
1 0 16
5 10 14
5 4 15
0 8 12
2 1 12
12
3 4
10 3
7 4
3 10
0 2
7 8
7 6
0 7
3 6
7 0
10 8
3 2
