13 18
-12 1 10 5 -14 3 7 -1 12 2 0 15 -9 -8 1 1 -11 11 
10 7 -8 15 15 2 3 1 0 -6 -13 7 10 5 -13 6 -14 10 
-1 10 10 6 14 -12 8 14 14 -2 -1 7 3 -15 -4 3 -5 0 
4 -1 10 9 5 16 10 6 -3 4 6 5 1 14 -7 16 15 10 
13 2 3 -15 -11 -16 -15 -2 13 -16 -9 10 12 -16 6 0 5 1 
7 15 7 2 14 11 14 4 -8 -6 1 -12 6 -10 12 -4 10 -10 
9 -14 -8 11 12 -16 16 16 5 5 16 16 -16 12 11 -8 -14 9 
-10 10 -4 12 -10 6 -12 1 -6 -8 4 14 11 14 2 7 15 7 
1 5 0 6 -16 12 10 -9 -16 13 -2 -15 -16 -11 -15 3 2 13 
10 15 16 -7 14 1 5 6 4 -3 6 10 16 5 9 10 -1 4 
0 -5 3 -4 -15 3 7 -1 -2 14 14 8 -12 14 6 10 10 -1 
10 -14 6 -13 5 10 7 -13 -6 0 1 3 2 15 15 -8 7 10 
11 -11 1 1 -8 -9 15 0 2 12 -1 7 3 -14 5 10 1 -12 
45
8
6 5
5 2
10 3
0 8
11 2
1 12
12 14
8 2
6 12
7 15
2 14
12 9
1 15
11 5
0 3
4 15
8
1 8 16
7 14 10
7 6 12
11 16 13
11 9 16
5 3 10
5 11 12
1 1 13
14
9 11
1 2
4 1
3 10
4 17
2 9
6 4
3 6
11 15
8 16
9 7
8 0
10 8
6 13
