16 17
2 -2 -2 2 -2 -1 5 0 2 1 5 2 3 0 0 3 1 
-4 1 -2 5 4 5 2 5 0 1 5 -5 -2 4 1 1 3 
0 3 4 3 5 1 3 1 -2 3 -2 -5 2 1 5 4 -5 
1 1 -1 4 2 2 -5 5 0 0 -5 2 4 3 4 -4 1 
3 1 2 4 -4 2 1 -1 0 -4 -2 4 4 4 5 4 3 
2 -3 0 5 -3 -2 4 4 1 3 2 2 -3 3 4 5 3 
2 -4 5 -2 3 5 -5 2 0 5 -2 4 2 5 -1 -1 -5 
1 2 -1 3 5 2 -1 0 -2 -2 -2 0 1 5 1 4 1 
1 4 1 5 1 0 -2 -2 -2 0 -1 2 5 3 -1 2 1 
-5 -1 -1 5 2 4 -2 5 0 2 -5 5 3 -2 5 -4 2 
3 5 4 3 -3 2 2 3 1 4 4 -2 -3 5 0 -3 2 
3 4 5 4 4 4 -2 -4 0 -1 1 2 -4 4 2 1 3 
1 -4 4 3 4 2 -5 0 0 5 -5 2 2 4 -1 1 1 
-5 4 5 1 2 -5 -2 3 -2 1 3 1 5 3 4 3 0 
3 1 1 4 -2 -5 5 1 0 5 2 5 4 5 -2 1 -4 
1 3 0 0 3 2 5 1 2 0 5 -1 -2 2 -2 -2 2 
39
8
9 16
8 3
12 13
4 9
6 9
8 2
12 7
1 9
6 0
7 13
3 3
11 7
9 7
7 14
3 9
14 7
16
12 5 9
1 7 8
2 14 8
0 14 11
12 14 16
15 14 10
15 13 11
13 8 11
3 11 9
14 9 8
13 2 8
15 2 11
3 2 16
0 2 10
0 3 11
2 8 11
26
9 6
10 12
15 6
8 9
5 16
1 15
9 13
8 13
13 7
11 2
14 4
9 15
11 5
6 10
5 4
0 10
7 7
10 0
14 1
6 3
7 3
2 9
4 14
1 12
6 1
4 11
