16 13
1 3 2 -2 1 1 -5 4 -1 -7 -7 4 8 
4 0 -2 7 4 -4 -1 3 0 8 6 7 -3 
1 6 6 6 -8 7 -7 7 -2 3 -6 6 7 
-1 -1 5 2 0 7 2 0 -6 5 -7 -6 8 
0 1 3 8 0 8 1 -6 4 1 -3 5 0 
2 5 -4 1 0 7 -3 7 4 7 -6 2 0 
0 6 8 6 2 -2 0 1 3 6 5 5 6 
7 1 5 4 4 6 5 5 -4 1 8 2 5 
5 2 8 1 -4 5 5 6 4 4 5 1 7 
6 5 5 6 3 1 0 -2 2 6 8 6 0 
0 2 -6 7 4 7 -3 7 0 1 -4 5 2 
0 5 -3 1 4 -6 1 8 0 8 3 1 0 
8 -6 -7 5 -6 0 2 7 0 2 5 -1 -1 
7 6 -6 3 -2 7 -7 7 -8 6 6 6 1 
-3 7 6 8 0 3 -1 -4 4 7 -2 0 4 
8 4 -7 -7 -1 4 -5 1 1 -2 2 3 1 
55
5
2 8
3 6
3 4
5 2
12 7
13 4
12 6
12 8
10 10
3 5
14
8 10 12
9 5 11
7 10 10
12 0 15
11 0 9
1 12 16
1 3 16
7 2 12
6 7 11
8 2 10
3 12 15
4 12 9
14 0 16
14 9 16
12
3 11
2 6
3 0
2 10
6 8
5 9
12 1
13 6
12 12
13 2
9 4
10 3
