10 15
-1 -1 2 3 1 -1 0 0 2 -1 3 1 3 -1 -2 
2 0 3 1 -2 0 2 3 1 0 0 2 0 1 0 
2 -1 2 1 3 -1 -3 -1 3 1 1 1 -2 2 0 
-1 -1 2 1 2 3 1 -2 3 0 3 1 3 -2 2 
3 0 3 0 1 3 0 2 3 -2 2 0 -3 2 -1 
-1 2 -3 0 2 -2 3 2 0 3 1 0 3 0 3 
2 -2 3 1 3 0 3 -2 1 3 2 1 2 -1 -1 
0 2 -2 1 1 1 3 -1 -3 -1 3 1 2 -1 2 
0 1 0 2 0 0 1 3 2 0 -2 1 3 0 2 
-2 -1 3 1 3 -1 2 0 0 -1 1 3 2 -1 -1 
51
5
8 12
0 14
6 11
0 12
5 6
1 2
9 0
3 3
9 2
4 8
12
8 4 13
8 0 9
0 4 14
4 10 9
3 0 13
5 11 12
1 10 13
1 14 9
9 10 14
5 4 9
6 14 13
4 3 12
12
9 8
7 11
8 6
4 5
2 1
2 6
0 6
2 3
1 8
5 9
7 13
7 8
