12 20
18 6 4 -18 1 19 4 3 11 18 6 18 -16 3 7 13 -3 -14 -17 10 
-17 18 10 16 19 2 7 8 5 13 19 1 15 11 3 13 17 15 15 18 
-15 16 15 4 -15 19 16 6 0 17 -16 17 -19 0 -18 14 -4 1 18 18 
4 7 -3 14 13 -8 3 13 2 18 -7 7 -8 4 2 2 -1 -18 6 10 
12 6 -2 2 13 1 -7 -5 4 10 -4 1 -19 10 2 7 -19 1 -15 7 
-6 1 16 10 -18 8 8 16 15 -9 16 -19 16 0 -14 2 -11 8 18 2 
2 18 8 -11 2 -14 0 16 -19 16 -9 15 16 8 8 -18 10 16 1 -6 
7 -15 1 -19 7 2 10 -19 1 -4 10 4 -5 -7 1 13 2 -2 6 12 
10 6 -18 -1 2 2 4 -8 7 -7 18 2 13 3 -8 13 14 -3 7 4 
18 18 1 -4 14 -18 0 -19 17 -16 17 0 6 16 19 -15 4 15 16 -15 
18 15 15 17 13 3 11 15 1 19 13 5 8 7 2 19 16 10 18 -17 
10 -17 -14 -3 13 7 3 -16 18 6 18 11 3 4 19 1 -18 4 6 18 
44
8
5 0
1 19
4 10
10 4
10 12
8 6
7 3
4 11
6 19
10 0
7 9
1 15
1 7
3 13
4 16
7 8
8
8 14 16
5 9 9
8 2 11
3 9 8
3 5 16
6 10 9
3 17 11
8 10 8
22
9 4
7 13
0 13
4 8
2 16
6 9
0 1
5 6
6 8
1 9
4 3
2 15
4 6
11 6
7 11
9 3
5 10
11 18
6 13
5 11
10 10
7 16
