20 20
10 7 -3 -6 -10 3 11 3 9 2 2 11 12 8 -3 8 6 -12 4 4 
10 9 -9 5 4 10 2 11 -12 1 8 7 4 5 8 5 4 8 -4 10 
6 1 -8 6 5 -10 0 7 0 -8 4 1 7 10 8 11 -5 12 -3 4 
4 4 3 5 3 -11 2 12 4 1 10 11 8 0 -5 -1 0 11 -3 -1 
-10 7 7 7 5 -10 -3 8 11 6 9 -11 9 7 1 11 9 9 1 -10 
0 8 5 -8 4 2 1 3 9 6 1 0 5 -1 3 -1 -9 1 -10 9 
-10 4 7 7 9 -1 -5 9 -10 2 -3 9 3 7 7 8 10 8 9 -9 
-5 7 5 3 6 2 4 12 1 2 6 -12 0 0 9 12 -11 6 0 9 
-8 11 7 6 -3 11 -9 4 7 12 10 1 6 11 8 -8 -1 10 11 -7 
8 1 7 9 11 6 10 5 -6 -6 4 -8 0 4 4 6 2 3 3 -1 
-1 3 3 2 6 4 4 0 -8 4 -6 -6 5 10 6 11 9 7 1 8 
-7 11 10 -1 -8 8 11 6 1 10 12 7 4 -9 11 -3 6 7 11 -8 
9 0 6 -11 12 9 0 0 -12 6 2 1 12 4 2 6 3 5 7 -5 
-9 9 8 10 8 7 7 3 9 -3 2 -10 9 -5 -1 9 7 7 4 -10 
9 -10 1 -9 -1 3 -1 5 0 1 6 9 3 1 2 4 -8 5 8 0 
-10 1 9 9 11 1 7 9 -11 9 6 11 8 -3 -10 5 7 7 7 -10 
-1 -3 11 0 -1 -5 0 8 11 10 1 4 12 2 -11 3 5 3 4 4 
4 -3 12 -5 11 8 10 7 1 4 -8 0 7 0 -10 5 6 -8 1 6 
10 -4 8 4 5 8 5 4 7 8 1 -12 11 2 10 4 5 -9 9 10 
4 4 -12 6 8 -3 8 12 11 2 2 9 3 11 3 -10 -6 -3 7 10 
50
3
18 13
16 18
8 5
1 6
3 1
11 14
8
11 12 12
17 19 9
3 19 9
1 8 9
8 7 12
2 0 9
16 0 9
18 11 9
0
