16 14
9 1 -9 1 7 6 11 2 -5 8 2 8 11 -10 
-8 11 3 -3 -9 -4 4 1 5 9 1 10 -7 -11 
9 -6 -6 -10 5 10 10 11 -3 -6 8 9 5 6 
8 8 8 -7 5 -6 4 3 10 7 -10 -10 4 2 
6 -10 11 9 -6 -10 -11 7 1 9 1 5 10 -11 
5 10 8 2 5 10 -7 11 5 10 -2 4 2 8 
6 -11 7 8 4 -3 3 6 4 6 4 10 -1 5 
10 4 0 8 6 -10 8 11 7 -3 8 9 8 9 
9 8 9 8 -3 7 11 8 -10 6 8 0 4 10 
5 -1 10 4 6 4 6 3 -3 4 8 7 -11 6 
8 2 4 -2 10 5 11 -7 10 5 2 8 10 5 
-11 10 5 1 9 1 7 -11 -10 -6 9 11 -10 6 
2 4 -10 -10 7 10 3 4 -6 5 -7 8 8 8 
6 5 9 8 -6 -3 11 10 10 5 -10 -6 -6 9 
-11 -7 10 1 9 5 1 4 -4 -9 -3 3 11 -8 
-10 11 8 2 8 -5 2 11 6 7 1 -9 1 9 
60
3
2 9
9 13
10 13
13 4
6 0
5 0
10
7 12 11
1 10 10
7 8 13
10 0 13
5 7 16
8 1 11
14 3 10
8 5 13
5 13 13
10 6 16
22
3 0
3 6
15 0
1 12
2 5
7 13
1 4
8 10
9 7
3 8
7 5
12 13
12 7
0 13
14 1
13 8
8 0
14 9
7 3
6 6
12 5
8 8
