20 18
6 5 1 -5 2 6 5 2 4 -1 4 1 3 0 6 2 6 0 
6 0 3 5 5 -6 -1 0 1 2 0 0 2 -3 3 4 -1 4 
-2 -2 3 -1 0 5 5 2 1 3 -6 -5 -6 4 2 5 -1 0 
6 6 2 3 1 6 6 -3 3 1 -1 6 1 -1 2 1 1 4 
5 4 -6 5 5 2 1 4 6 1 -6 2 -1 -4 1 -6 2 6 
-2 -2 2 4 0 2 3 5 4 1 1 5 4 0 -1 3 6 3 
2 3 6 -4 2 4 5 6 5 -4 -4 5 -3 4 -6 1 4 1 
4 2 3 5 5 -6 1 2 3 4 1 -4 1 -3 4 -2 4 6 
0 -6 2 0 3 6 1 3 3 -3 1 4 4 1 1 2 2 4 
4 4 1 4 4 0 4 4 6 4 1 6 -3 0 3 1 -2 3 
3 -2 1 3 0 -3 6 1 4 6 4 4 0 4 4 1 4 4 
4 2 2 1 1 4 4 1 -3 3 3 1 6 3 0 2 -6 0 
6 4 -2 4 -3 1 -4 1 4 3 2 1 -6 5 5 3 2 4 
1 4 1 -6 4 -3 5 -4 -4 5 6 5 4 2 -4 6 3 2 
3 6 3 -1 0 4 5 1 1 4 5 3 2 0 4 2 -2 -2 
6 2 -6 1 -4 -1 2 -6 1 6 4 1 2 5 5 -6 4 5 
4 1 1 2 -1 1 6 -1 1 3 -3 6 6 1 3 2 6 6 
0 -1 5 2 4 -6 -5 -6 3 1 2 5 5 0 -1 3 -2 -2 
4 -1 4 3 -3 2 0 0 2 1 0 -1 -6 5 5 3 0 6 
0 6 2 6 0 3 1 4 -1 4 2 5 6 2 -5 1 5 6 
59
3
9 2
0 17
13 15
10 15
19 0
6 2
20
5 1 10
3 7 16
3 9 12
11 0 8
2 1 8
8 2 9
14 6 13
4 13 9
10 2 15
6 11 11
14 16 10
16 10 16
16 8 12
8 17 8
17 16 8
11 15 9
5 11 13
15 4 9
9 15 15
13 6 11
26
1 6
17 5
13 9
5 6
16 9
1 3
0 8
4 0
10 3
4 14
3 6
17 10
16 4
18 11
2 12
6 8
14 11
3 8
18 14
19 9
15 17
9 14
15 3
16 11
2 7
3 13
