20 20
1 1 3 -3 4 6 4 2 1 1 5 2 3 -3 2 0 -4 -4 5 3 
1 0 -2 6 6 2 0 3 2 1 1 5 -5 6 6 6 6 -5 1 -2 
0 3 2 -2 -2 3 6 3 -5 0 0 5 1 -2 5 -5 6 -1 5 -1 
6 5 3 3 5 4 2 4 1 5 -6 -1 -3 -4 -3 3 4 -2 0 -5 
6 3 1 -1 2 5 -6 1 5 0 -5 6 -3 3 2 -1 0 0 0 -6 
-1 5 -6 -3 6 -6 2 3 -2 3 6 1 1 4 -6 3 6 2 3 4 
3 1 -2 5 0 6 3 4 3 2 1 -6 2 4 -6 -4 4 3 6 1 
3 6 3 -4 5 -5 -1 -5 2 -4 -1 -6 -5 5 -3 0 2 0 1 1 
6 -6 6 -1 -5 -2 -4 4 6 4 -4 1 0 -1 1 0 -1 4 6 5 
5 -4 1 -4 1 -4 0 4 -3 2 -1 4 6 -1 -2 4 -6 6 0 5 
5 0 6 -6 4 -2 -1 6 4 -1 2 -3 4 0 -4 1 -4 1 -4 5 
5 6 4 -1 0 1 -1 0 1 -4 4 6 4 -4 -2 -5 -1 6 -6 6 
1 1 0 2 0 -3 5 -5 -6 -1 -4 2 -5 -1 -5 5 -4 3 6 3 
1 6 3 4 -4 -6 4 2 -6 1 2 3 4 3 6 0 5 -2 1 3 
4 3 2 6 3 -6 4 1 1 6 3 -2 3 2 -6 6 -3 -6 5 -1 
-6 0 0 0 -1 2 3 -3 6 -5 0 5 1 -6 5 2 -1 1 3 6 
-5 0 -2 4 3 -3 -4 -3 -1 -6 5 1 4 2 4 5 3 3 5 6 
-1 5 -1 6 -5 5 -2 1 5 0 0 -5 3 6 3 -2 -2 2 3 0 
-2 1 -5 6 6 6 6 -5 5 1 1 2 3 0 2 6 6 -2 0 1 
3 5 -4 -4 0 2 -3 3 2 5 1 1 2 4 6 4 -3 3 1 1 
52
7
7 15
1 18
10 15
8 2
3 19
16 12
7 10
12 4
18 1
9 4
11 17
16 0
3 7
12 9
12
6 9 11
13 16 10
19 10 15
7 9 10
18 13 12
18 14 11
13 10 11
6 3 10
0 9 15
12 10 10
1 6 12
1 5 11
0
