12 11
2 2 3 0 2 2 -2 1 4 2 0 
3 -1 -1 1 4 0 3 4 3 2 1 
2 2 1 1 4 1 4 4 4 0 0 
-3 4 1 1 4 -3 2 1 1 1 1 
4 4 -2 1 3 2 3 2 2 2 0 
2 4 4 -3 3 4 0 1 -2 2 -1 
-1 2 -2 1 0 4 3 -3 4 4 2 
0 2 2 2 3 2 3 1 -2 4 4 
1 1 1 1 2 -3 4 1 1 4 -3 
0 0 4 4 4 1 4 1 1 2 2 
1 2 3 4 3 0 4 1 -1 -1 3 
0 2 4 1 -2 2 2 0 3 2 2 
44
8
10 0
7 6
11 3
3 5
8 2
6 10
8 9
1 3
1 10
4 4
0 7
8 5
3 8
5 0
3 1
10 7
18
1 2 16
9 8 14
9 10 10
0 1 12
7 9 10
9 7 11
0 6 9
3 9 16
7 10 13
10 8 16
2 2 14
2 0 10
11 9 12
4 1 10
2 3 11
11 4 9
8 1 16
4 0 13
12
6 9
6 8
2 1
5 8
5 3
1 5
5 1
5 2
9 9
6 2
6 7
10 5
