19 16
1 4 1 3 3 4 0 1 2 5 2 1 -1 4 -4 3 
4 -2 -1 0 -4 6 5 5 1 -3 -2 1 -5 4 2 3 
-4 2 -4 5 5 4 4 1 -1 4 1 1 1 1 3 -1 
-1 5 -3 5 5 3 2 4 6 6 3 0 6 -3 3 -1 
4 -6 2 6 1 2 5 3 -3 6 2 1 2 5 -5 -3 
2 4 6 5 3 1 1 -4 3 1 6 -5 5 3 6 -1 
1 -6 -3 6 3 -6 4 3 1 2 -1 5 4 3 3 5 
2 -4 -2 1 -1 5 5 2 6 0 5 1 3 4 2 3 
2 1 6 1 4 3 -1 6 4 5 3 5 0 2 6 -4 
6 5 -1 0 0 6 4 6 6 4 6 0 0 -1 5 6 
-4 6 2 0 5 3 5 4 6 -1 3 4 1 6 1 2 
3 2 4 3 1 5 0 6 2 5 5 -1 1 -2 -4 2 
5 3 3 4 5 -1 2 1 3 4 -6 3 6 -3 -6 1 
-1 6 3 5 -5 6 1 3 -4 1 1 3 5 6 4 2 
-3 -5 5 2 1 2 6 -3 3 5 2 1 6 2 -6 4 
-1 3 -3 6 0 3 6 6 4 2 3 5 5 -3 5 -1 
-1 3 1 1 1 1 4 -1 1 4 4 5 5 -4 2 -4 
3 2 4 -5 1 -2 -3 1 5 5 6 -4 0 -1 -2 4 
3 -4 4 -1 1 2 5 2 1 0 4 3 3 1 4 1 
39
4
1 4
2 11
14 0
17 3
17 11
16 4
4 15
1 12
14
7 3 14
8 15 15
4 11 11
10 6 14
12 15 9
7 13 13
4 1 10
11 12 14
10 0 15
14 4 11
8 9 14
6 0 9
11 2 13
14 14 10
20
17 1
9 1
5 1
1 8
0 5
6 7
11 8
17 15
10 11
15 13
1 14
9 14
13 14
17 7
18 10
12 8
7 7
1 0
8 4
3 2
