17 14
9 16 12 7 -1 9 16 8 8 9 11 -5 0 2 
8 12 5 19 5 13 3 5 13 1 0 10 17 10 
11 -9 -14 6 18 -17 13 -2 14 9 6 10 2 1 
17 11 2 19 19 4 5 6 4 8 -1 2 20 7 
11 15 -20 -4 3 -18 6 19 0 13 20 12 -10 17 
17 -10 -20 14 9 7 16 5 12 3 4 15 -5 6 
13 16 15 -3 -4 18 -14 14 7 10 5 10 -15 18 
-8 -20 14 18 20 12 -15 2 -5 17 8 -12 19 8 
20 20 5 -12 9 17 15 15 17 9 -12 5 20 20 
8 19 -12 8 17 -5 2 -15 12 20 18 14 -20 -8 
18 -15 10 5 10 7 14 -14 18 -4 -3 15 16 13 
6 -5 15 4 3 12 5 16 7 9 14 -20 -10 17 
17 -10 12 20 13 0 19 6 -18 3 -4 -20 15 11 
7 20 2 -1 8 4 6 5 4 19 19 2 11 17 
1 2 10 6 9 14 -2 13 -17 18 6 -14 -9 11 
10 17 10 0 1 13 5 3 13 5 19 5 12 8 
2 0 -5 11 9 8 8 16 9 -1 7 12 16 9 
59
8
3 13
14 4
14 0
0 3
10 6
16 5
16 3
15 9
13 0
2 9
2 13
16 10
6 7
0 8
0 10
1 4
8
3 2 15
3 1 12
8 9 14
13 7 12
13 11 15
13 12 12
8 4 14
3 6 12
18
16 7
11 3
10 1
4 12
15 3
13 8
14 3
13 9
9 2
0 6
5 10
6 12
12 1
1 10
3 5
2 10
3 4
7 11
