20 20
14 -8 15 -3 11 3 0 11 1 10 5 7 4 0 8 2 6 1 -15 -3 
6 15 9 12 -3 9 -3 -4 12 12 14 -7 9 6 14 9 2 11 14 10 
12 13 1 5 13 9 -3 12 3 11 -2 5 9 2 3 2 1 3 14 15 
1 -6 9 -8 8 -5 5 13 -3 2 7 -8 9 13 9 10 7 5 15 9 
3 6 -12 14 2 3 3 3 9 2 9 -12 11 -6 11 2 6 -11 6 1 
-11 -1 -13 3 2 4 1 13 4 14 12 -2 12 6 0 3 6 13 1 11 
3 8 -15 14 15 -15 10 6 13 -1 7 5 -8 3 8 1 -8 9 2 14 
-5 15 -2 3 15 12 -12 11 2 0 -14 -4 10 4 15 6 3 10 12 11 
2 5 2 5 11 8 -10 -1 13 1 -6 1 9 3 7 6 -8 1 4 2 
1 6 -10 15 13 7 -9 0 -10 6 9 15 7 9 -13 5 15 12 -7 3 
3 -7 12 15 5 -13 9 7 15 9 6 -10 0 -9 7 13 15 -10 6 1 
2 4 1 -8 6 7 3 9 1 -6 1 13 -1 -10 8 11 5 2 5 2 
11 12 10 3 6 15 4 10 -4 -14 0 2 11 -12 12 15 3 -2 15 -5 
14 2 9 -8 1 8 3 -8 5 7 -1 13 6 10 -15 15 14 -15 8 3 
11 1 13 6 3 0 6 12 -2 12 14 4 13 1 4 2 3 -13 -1 -11 
1 6 -11 6 2 11 -6 11 -12 9 2 9 3 3 3 2 14 -12 6 3 
9 15 5 7 10 9 13 9 -8 7 2 -3 13 5 -5 8 -8 9 -6 1 
15 14 3 1 2 3 2 9 5 -2 11 3 12 -3 9 13 5 1 13 12 
10 14 11 2 9 14 6 9 -7 14 12 12 -4 -3 9 -3 12 9 15 6 
-3 -15 1 6 2 8 0 4 7 5 10 1 11 0 3 11 -3 15 -8 14 
35
7
1 8
19 5
1 17
15 17
13 10
6 4
6 15
18 11
0 14
18 2
4 2
6 9
13 15
13 4
20
2 8 16
3 14 9
4 18 13
11 13 11
1 2 9
19 0 12
6 3 12
19 12 9
9 19 13
15 6 16
17 11 16
16 5 9
15 1 13
8 6 11
18 17 9
0 19 12
13 16 12
0 7 9
10 0 13
4 13 16
0
