20 20
4 12 4 1 0 -3 9 11 10 3 1 11 13 -12 6 9 6 2 1 13 
9 10 10 9 4 2 0 10 8 2 7 3 -10 13 2 4 3 12 12 -8 
13 8 -4 13 -4 -3 13 9 -12 10 -4 11 -13 -4 12 4 3 1 1 10 
1 10 12 8 -7 12 6 -11 -6 1 -4 -6 0 11 6 -8 12 10 4 -5 
5 0 9 8 6 2 1 3 8 5 -3 10 4 11 13 1 13 -1 7 9 
-2 1 3 4 10 2 11 10 10 7 9 12 5 13 4 9 2 -4 0 8 
10 8 -4 11 9 4 1 -12 12 13 -13 -10 13 -4 -4 9 4 -4 -6 9 
-10 10 -1 4 13 5 3 -12 0 -13 13 13 11 6 -10 -6 -1 1 -12 2 
1 11 9 10 1 6 7 4 -3 -3 4 -5 -9 -1 2 0 -8 12 3 -2 
4 3 0 -12 2 5 6 4 9 3 9 5 3 1 12 13 9 10 -1 -8 
-8 -1 10 9 13 12 1 3 5 9 3 9 4 6 5 2 -12 0 3 4 
-2 3 12 -8 0 2 -1 -9 -5 4 -3 -3 4 7 6 1 10 9 11 1 
2 -12 1 -1 -6 -10 6 11 13 13 -13 0 -12 3 5 13 4 -1 10 -10 
9 -6 -4 4 9 -4 -4 13 -10 -13 13 12 -12 1 4 9 11 -4 8 10 
8 0 -4 2 9 4 13 5 12 9 7 10 10 11 2 10 4 3 1 -2 
9 7 -1 13 1 13 11 4 10 -3 5 8 3 1 2 6 8 9 0 5 
-5 4 10 12 -8 6 11 0 -6 -4 1 -6 -11 6 12 -7 8 12 10 1 
10 1 1 3 4 12 -4 -13 11 -4 10 -12 9 13 -3 -4 13 -4 8 13 
-8 12 12 3 4 2 13 -10 3 7 2 8 10 0 2 4 9 10 10 9 
13 1 2 6 9 6 -12 13 11 1 3 10 11 9 -3 0 1 4 12 4 
48
3
11 19
5 6
14 5
8 0
14 13
5 14
6
10 15 12
14 0 9
11 15 8
9 4 12
5 19 9
8 4 8
0
