20 20
8 15 11 -7 -12 -13 -11 10 13 3 3 7 7 -15 8 12 -1 -7 14 3 
11 -4 7 2 -2 13 3 7 15 15 5 -6 10 -9 -14 8 2 -1 9 13 
3 0 11 -10 -3 5 7 -9 14 0 10 5 10 10 10 13 -4 4 14 6 
2 8 1 4 -11 3 8 5 7 8 3 13 6 -4 11 2 2 -2 -12 1 
-14 0 -5 12 -15 8 -7 4 0 11 -12 -13 5 6 15 1 10 -15 -10 4 
7 3 11 -10 14 -7 13 -8 5 13 -1 -15 4 13 -15 11 1 5 -11 2 
-12 6 15 -6 9 12 13 -10 4 5 15 9 8 9 6 -9 2 -14 6 14 
10 -1 -8 -8 15 5 8 11 -6 2 2 3 13 2 5 -14 1 5 -14 1 
-10 -1 2 -7 6 6 9 8 12 -8 15 10 4 14 2 -1 13 7 1 1 
11 9 -4 1 7 15 8 9 15 4 10 3 -8 -10 -8 5 7 -1 6 10 
10 6 -1 7 5 -8 -10 -8 3 10 4 15 9 8 15 7 1 -4 9 11 
1 1 7 13 -1 2 14 4 10 15 -8 12 8 9 6 6 -7 2 -1 -10 
1 -14 5 1 -14 5 2 13 3 2 2 -6 11 8 5 15 -8 -8 -1 10 
14 6 -14 2 -9 6 9 8 9 15 5 4 -10 13 12 9 -6 15 6 -12 
2 -11 5 1 11 -15 13 4 -15 -1 13 5 -8 13 -7 14 -10 11 3 7 
4 -10 -15 10 1 15 6 5 -13 -12 11 0 4 -7 8 -15 12 -5 0 -14 
1 -12 -2 2 2 11 -4 6 13 3 8 7 5 8 3 -11 4 1 8 2 
6 14 4 -4 13 10 10 10 5 10 0 14 -9 7 5 -3 -10 11 0 3 
13 9 -1 2 8 -14 -9 10 -6 5 15 15 7 3 13 -2 2 7 -4 11 
3 14 -7 -1 12 8 -15 7 7 3 3 13 10 -11 -13 -12 -7 11 15 8 
41
5
0 10
5 11
9 2
12 16
4 11
19 9
14 8
10 17
7 3
15 8
10
3 7 14
15 11 16
18 17 16
11 18 10
14 12 15
16 12 14
4 8 16
1 2 16
8 1 10
5 7 15
0
