14 14
-12 21 12 10 -5 -11 8 22 -2 21 -15 22 11 10 
23 8 10 19 11 21 0 1 9 -17 16 -23 22 -21 
8 13 23 7 -23 1 7 8 21 22 15 11 9 11 
11 -23 -9 22 17 20 22 -20 16 15 21 14 8 22 
19 10 11 20 7 15 23 18 -3 17 22 11 8 -17 
13 5 -6 13 5 2 20 13 23 12 2 4 18 -9 
18 7 5 -21 9 11 7 -2 1 4 17 1 23 7 
7 23 1 17 4 1 -2 7 11 9 -21 5 7 18 
-9 18 4 2 12 23 13 20 2 5 13 -6 5 13 
-17 8 11 22 17 -3 18 23 15 7 20 11 10 19 
22 8 14 21 15 16 -20 22 20 17 22 -9 -23 11 
11 9 11 15 22 21 8 7 1 -23 7 23 13 8 
-21 22 -23 16 -17 9 1 0 21 11 19 10 8 23 
10 11 22 -15 21 -2 22 8 -11 -5 10 12 21 -12 
31
6
9 10
5 4
7 3
13 2
4 8
10 8
4 3
8 9
6 10
0 11
9 5
3 5
6
10 9 11
3 1 11
2 12 15
3 4 11
10 12 11
11 1 15
16
12 7
13 12
3 8
0 7
4 11
0 2
4 12
11 4
1 6
0 1
10 5
13 6
9 2
13 11
9 1
2 9
