10 15
-2 0 -3 -3 3 -2 3 2 -3 3 1 1 1 1 2 
1 2 -1 3 3 1 3 3 1 1 3 -1 -2 2 0 
2 2 2 -1 1 3 -3 2 2 0 1 2 0 2 2 
0 -1 1 3 -1 2 1 -1 1 0 3 0 0 1 -1 
1 -2 2 3 1 1 0 3 3 -3 -3 2 1 -1 -2 
-2 -1 1 2 -3 -3 3 3 0 1 1 3 2 -2 1 
-1 1 0 0 3 0 1 -1 1 2 -1 3 1 -1 0 
2 2 0 2 1 0 2 2 -3 3 1 -1 2 2 2 
0 2 -2 -1 3 1 1 3 3 1 3 3 -1 2 1 
2 1 1 1 1 3 -3 2 3 -2 3 -3 -3 0 -2 
34
7
7 0
6 9
5 2
4 10
7 2
9 12
3 13
2 14
3 5
4 12
5 4
2 12
0 2
6 1
6
7 4 12
0 7 10
1 7 12
2 10 12
9 7 10
8 7 12
14
3 11
8 14
2 6
5 13
4 3
7 10
8 6
6 3
1 0
7 8
4 1
5 11
2 4
1 8
