13 12
1 1 5 2 1 1 3 3 -5 4 0 4 
3 3 4 6 -2 4 1 4 -3 2 6 0 
1 3 5 2 5 0 6 3 6 -1 5 6 
3 0 -5 5 1 3 -6 1 -1 3 3 4 
-2 -4 5 4 1 3 6 2 2 2 3 1 
4 -2 4 -5 4 6 3 3 3 4 4 5 
1 1 2 -1 3 3 3 3 -1 2 1 1 
5 4 4 3 3 3 6 4 -5 4 -2 4 
1 3 2 2 2 6 3 1 4 5 -4 -2 
4 3 3 -1 1 -6 3 1 5 -5 0 3 
6 5 -1 6 3 6 0 5 2 5 3 1 
0 6 2 -3 4 1 4 -2 6 4 3 3 
4 0 4 -5 3 3 1 1 2 5 1 1 
39
5
3 8
11 8
1 11
9 10
4 1
9 3
1 3
11 0
3 1
8 10
18
6 9 10
12 11 15
12 5 9
8 2 12
9 2 12
7 10 8
9 6 8
12 3 12
3 10 16
6 2 10
0 0 15
0 6 9
4 9 12
3 9 12
5 1 8
3 5 8
0 8 12
9 1 16
14
4 10
3 4
4 5
5 6
3 7
3 11
3 2
8 1
9 7
8 6
7 5
9 4
9 0
9 9
