20 20
8 14 0 4 -4 10 13 7 -16 -11 -9 10 -2 2 1 6 -1 16 4 -12 
7 -16 11 -7 -3 9 -12 5 12 -12 11 11 3 4 6 3 8 3 1 14 
11 1 11 10 15 6 -7 11 6 12 15 -10 7 15 0 9 14 5 -8 -5 
13 -10 5 6 4 13 10 13 5 -16 1 0 -4 -6 12 -12 0 -13 14 14 
10 13 -6 16 3 5 8 9 10 -8 10 7 -9 11 -15 -9 -3 15 12 15 
12 9 11 2 5 9 5 -5 8 3 14 14 -7 2 9 1 12 -10 11 11 
16 2 8 2 0 1 -7 1 -4 -3 1 5 3 8 -1 14 0 14 6 0 
0 14 -7 -5 12 0 13 10 14 4 -5 -4 4 3 -12 8 3 8 1 5 
-8 10 -4 6 16 1 -14 12 0 -15 9 12 7 8 -14 13 13 11 0 -9 
6 0 -4 9 3 4 2 5 1 0 9 -12 14 -10 -12 3 -9 2 8 12 
12 8 2 -9 3 -12 -10 14 -12 9 0 1 5 2 4 3 9 -4 0 6 
-9 0 11 13 13 -14 8 7 12 9 -15 0 12 -14 1 16 6 -4 10 -8 
5 1 8 3 8 -12 3 4 -4 -5 4 14 10 13 0 12 -5 -7 14 0 
0 6 14 0 14 -1 8 3 5 1 -3 -4 1 -7 1 0 2 8 2 16 
11 11 -10 12 1 9 2 -7 14 14 3 8 -5 5 9 5 2 11 9 12 
15 12 15 -3 -9 -15 11 -9 7 10 -8 10 9 8 5 3 16 -6 13 10 
14 14 -13 0 -12 12 -6 -4 0 1 -16 5 13 10 13 4 6 5 -10 13 
-5 -8 5 14 9 0 15 7 -10 15 12 6 11 -7 6 15 10 11 1 11 
14 1 3 8 3 6 4 3 11 11 -12 12 5 -12 9 -3 -7 11 -16 7 
-12 4 16 -1 6 1 2 -2 10 -9 -11 -16 7 13 10 -4 4 0 14 8 
58
8
8 7
12 5
7 4
0 3
6 16
1 2
17 15
7 18
11 12
7 14
12 15
19 16
13 3
18 17
2 4
12 1
20
18 13 8
8 4 10
18 19 15
18 5 11
9 17 13
19 2 16
17 6 11
8 2 10
1 8 12
12 7 13
1 6 8
11 15 10
1 0 15
1 14 11
10 2 13
0 17 16
2 13 11
11 17 10
18 11 12
7 12 13
0
