17 19
-1 16 -5 -2 1 17 16 16 9 7 7 0 8 0 19 -15 18 17 -1 
19 -16 -19 8 -17 18 3 0 4 8 -9 15 2 -1 0 5 0 -2 4 
9 -19 19 19 -19 -17 12 14 5 4 2 -7 5 9 -17 15 17 -14 3 
2 -10 7 -2 9 14 -2 12 14 3 7 -7 -5 8 10 3 19 11 -2 
-11 8 -3 7 17 17 -15 13 -6 -12 0 1 11 -11 8 0 0 -12 -13 
10 2 1 5 7 -7 -18 16 11 14 -1 -1 -8 14 11 15 17 9 0 
6 8 5 -11 -3 16 13 8 8 -12 9 17 -11 4 -1 12 3 19 8 
7 12 11 14 13 10 5 3 13 13 3 -10 7 19 17 -13 -17 3 15 
5 9 15 -2 12 9 12 11 -15 -5 -15 11 12 9 12 -2 15 9 5 
15 3 -17 -13 17 19 7 -10 3 13 13 3 5 10 13 14 11 12 7 
8 19 3 12 -1 4 -11 17 9 -12 8 8 13 16 -3 -11 5 8 6 
0 9 17 15 11 14 -8 -1 -1 14 11 16 -18 -7 7 5 1 2 10 
-13 -12 0 0 8 -11 11 1 0 -12 -6 13 -15 17 17 7 -3 8 -11 
-2 11 19 3 10 8 -5 -7 7 3 14 12 -2 14 9 -2 7 -10 2 
3 -14 17 15 -17 9 5 -7 2 4 5 14 12 -17 -19 19 19 -19 9 
4 -2 0 5 0 -1 2 15 -9 8 4 0 3 18 -17 8 -19 -16 19 
-1 17 18 -15 19 0 8 0 7 7 9 16 16 17 1 -2 -5 16 -1 
60
7
3 16
12 3
11 7
0 14
13 11
0 13
0 2
13 2
4 15
5 11
16 4
3 7
16 5
16 16
16
14 16 9
0 4 9
12 6 11
9 1 13
12 1 11
9 4 13
10 9 8
14 8 13
2 2 9
16 14 9
4 12 11
7 17 13
4 17 11
7 14 13
6 9 8
2 10 13
32
3 6
6 16
15 10
5 12
6 8
8 1
1 14
10 7
14 3
10 12
4 16
12 10
13 17
5 15
6 12
11 0
13 12
10 2
1 8
11 6
10 10
8 17
15 4
6 11
2 15
6 6
12 2
4 8
3 1
11 3
10 6
5 18
