20 20
10 8 1 2 2 -1 2 -3 5 4 7 8 2 10 3 7 3 6 -5 10 
6 -9 9 8 1 2 1 10 4 3 9 8 1 -1 8 8 3 6 6 0 
6 6 6 -3 6 0 1 3 2 -7 2 2 -5 7 9 4 9 5 3 7 
9 2 7 -8 4 4 9 8 2 2 8 -5 9 10 8 -6 5 -6 5 0 
4 -3 8 7 4 7 -1 -8 6 9 4 5 -6 8 7 -5 -7 6 7 -3 
-10 2 5 1 4 -2 -10 4 1 -1 -10 -6 4 5 -7 5 9 -5 -3 10 
-3 5 6 7 4 8 9 4 5 9 1 7 6 9 6 7 2 5 8 10 
-9 8 5 10 5 5 -4 6 4 10 4 5 10 2 8 7 -4 9 6 6 
7 8 3 8 2 5 0 3 -6 -10 2 1 5 8 -8 -8 2 8 -9 10 
-8 8 -1 4 -10 4 3 9 6 -4 10 5 -8 10 10 9 6 2 2 -4 
-4 2 2 6 9 10 10 -8 5 10 -4 6 9 3 4 -10 4 -1 8 -8 
10 -9 8 2 -8 -8 8 5 1 2 -10 -6 3 0 5 2 8 3 8 7 
6 6 9 -4 7 8 2 10 5 4 10 4 6 -4 5 5 10 5 8 -9 
10 8 5 2 7 6 9 6 7 1 9 5 4 9 8 4 7 6 5 -3 
10 -3 -5 9 5 -7 5 4 -6 -10 -1 1 4 -10 -2 4 1 5 2 -10 
-3 7 6 -7 -5 7 8 -6 5 4 9 6 -8 -1 7 4 7 8 -3 4 
0 5 -6 5 -6 8 10 9 -5 8 2 2 8 9 4 4 -8 7 2 9 
7 3 5 9 4 9 7 -5 2 2 -7 2 3 1 0 6 -3 6 6 6 
0 6 6 3 8 8 -1 1 8 9 3 4 10 1 2 1 8 9 -9 6 
10 -5 6 3 7 3 10 2 8 7 4 5 -3 2 -1 2 2 1 8 10 
47
7
16 9
7 0
11 17
2 15
17 15
7 6
6 17
3 10
12 19
8 2
17 4
2 4
12 13
13 2
14
1 2 9
7 11 10
5 14 14
17 8 13
8 14 10
16 2 12
4 6 9
18 17 9
12 8 10
14 5 14
2 11 13
11 5 10
3 17 12
15 13 9
0
