12 15
10 6 5 2 4 4 10 2 8 -5 -5 -5 9 -2 -5 
3 2 2 6 -4 -7 1 9 2 10 1 8 4 7 4 
-2 -6 10 5 2 5 0 -2 -10 2 4 0 1 3 6 
8 2 3 1 -7 2 6 10 1 1 -3 -7 3 0 5 
8 6 6 6 0 4 4 1 4 7 2 10 -9 -4 6 
8 -6 6 -8 -1 -3 7 6 3 7 7 6 7 -9 9 
9 -9 7 6 7 7 3 6 7 -3 -1 -8 6 -6 8 
6 -4 -9 10 2 7 4 1 4 4 0 6 6 6 8 
5 0 3 -7 -3 1 1 10 6 2 -7 1 3 2 8 
6 3 1 0 4 2 -10 -2 0 5 2 5 10 -6 -2 
4 7 4 8 1 10 2 9 1 -7 -4 6 2 2 3 
-5 -2 9 -5 -5 -5 8 2 10 4 4 2 5 6 10 
47
3
11 5
1 4
7 9
0 9
10 10
4 5
8
4 10 11
9 13 15
4 13 13
6 4 9
7 4 11
2 1 15
7 1 13
5 10 9
14
2 10
1 2
5 12
1 0
5 11
11 7
8 2
9 4
10 12
6 2
10 14
6 3
0 7
3 12
