20 20
-4 -15 -15 10 11 6 6 16 2 11 -4 -14 13 -12 7 0 -3 7 -4 -13 
5 13 10 10 2 15 11 10 -11 15 12 4 -16 -11 4 -6 11 4 0 8 
16 3 13 -2 -10 -6 -13 1 13 6 -14 3 2 -14 1 4 16 11 8 13 
16 16 -6 0 4 -1 -4 10 7 11 0 -2 10 13 -16 1 -7 -15 -15 -13 
-16 -16 12 0 -8 3 13 14 2 10 4 7 11 13 9 -2 13 0 -1 11 
16 12 14 3 -12 -15 13 -7 12 10 16 10 14 5 10 3 12 5 4 8 
1 -3 -9 -1 0 6 11 -13 9 14 8 3 -5 5 14 -14 0 10 12 2 
-5 14 0 10 -6 16 16 5 -9 -5 -13 3 9 0 12 3 5 9 10 6 
10 3 -6 2 6 4 2 6 1 9 15 -15 15 5 4 1 4 -15 14 14 
-12 13 12 11 15 10 4 11 -5 -10 2 12 2 8 11 -7 15 8 11 10 
10 11 8 15 -7 11 8 2 12 2 -10 -5 11 4 10 15 11 12 13 -12 
14 14 -15 4 1 4 5 15 -15 15 9 1 6 2 4 6 2 -6 3 10 
6 10 9 5 3 12 0 9 3 -13 -5 -9 5 16 16 -6 10 0 14 -5 
2 12 10 0 -14 14 5 -5 3 8 14 9 -13 11 6 0 -1 -9 -3 1 
8 4 5 12 3 10 5 14 10 16 10 12 -7 13 -15 -12 3 14 12 16 
11 -1 0 13 -2 9 13 11 7 4 10 2 14 13 3 -8 0 12 -16 -16 
-13 -15 -15 -7 1 -16 13 10 -2 0 11 7 10 -4 -1 4 0 -6 16 16 
13 8 11 16 4 1 -14 2 3 -14 6 13 1 -13 -6 -10 -2 13 3 16 
8 0 4 11 -6 4 -11 -16 4 12 15 -11 10 11 15 2 10 10 13 5 
-13 -4 7 -3 0 7 -12 13 -14 -4 11 2 16 6 6 11 10 -15 -15 -4 
51
6
11 7
17 8
12 2
15 7
2 7
2 16
8 12
2 11
7 17
4 12
17 12
17 3
18
7 0 13
2 17 10
16 3 16
19 8 9
18 6 9
8 14 16
15 1 9
4 14 9
2 9 9
12 19 13
17 2 10
3 16 16
0 11 9
1 13 9
11 5 16
4 18 9
15 5 9
17 10 9
0
