15 11
22 1 30 17 17 -2 -22 27 3 27 26 
12 7 17 -11 10 -17 -29 9 10 9 30 
6 12 22 18 29 -25 27 22 3 -13 5 
-18 0 -11 8 18 -6 15 0 8 13 6 
28 14 -6 -27 19 -7 -22 -24 11 -29 27 
25 14 -12 6 26 22 14 6 17 11 -25 
-12 -21 -2 12 10 30 14 12 -21 23 -24 
21 23 10 27 -20 4 -20 27 10 23 21 
-24 23 -21 12 14 30 10 12 -2 -21 -12 
-25 11 17 6 14 22 26 6 -12 14 25 
27 -29 11 -24 -22 -7 19 -27 -6 14 28 
6 13 8 0 15 -6 18 8 -11 0 -18 
5 -13 3 22 27 -25 29 18 22 12 6 
30 9 10 9 -29 -17 10 -11 17 7 12 
26 27 3 27 -22 -2 17 17 30 1 22 
32
7
4 10
5 10
7 9
5 7
13 7
8 0
13 6
10 0
9 0
7 1
9 3
1 3
6 10
1 4
10
6 7 8
8 1 10
11 4 9
13 4 15
14 0 13
8 3 8
6 9 10
3 6 9
1 6 15
0 10 13
16
11 7
4 5
13 9
0 8
14 5
14 9
12 9
5 9
3 3
10 5
1 1
14 2
0 5
0 1
2 1
9 1
