20 20
5 1 4 1 7 3 4 -1 0 2 8 1 7 5 4 7 0 10 7 -10 
4 7 9 10 -5 -5 5 0 8 9 3 7 -8 4 2 8 9 -7 10 3 
3 3 1 5 3 0 2 -6 5 7 4 1 11 7 -1 9 2 2 11 3 
5 0 7 9 3 -3 7 11 8 5 9 -5 4 4 11 1 3 5 7 9 
-7 -5 5 7 6 5 10 -1 -3 4 10 10 5 2 4 9 2 4 -2 2 
-4 10 8 4 8 5 1 3 6 10 -6 -8 11 2 8 7 -7 8 11 5 
2 9 4 2 11 1 -2 0 6 6 11 5 6 10 9 5 8 10 -10 10 
-3 10 1 -10 4 -7 -7 -8 3 6 7 -8 3 4 0 1 5 2 11 -4 
7 3 9 -3 10 -8 -11 2 10 -7 2 9 8 0 -9 -6 6 -10 3 -9 
10 -7 0 -10 2 3 11 8 0 -4 3 -9 0 0 9 3 -6 4 1 0 
0 1 4 -6 3 9 0 0 -9 3 -4 0 8 11 3 2 -10 0 -7 10 
-9 3 -10 6 -6 -9 0 8 9 2 -7 10 2 -11 -8 10 -3 9 3 7 
-4 11 2 5 1 0 4 3 -8 7 6 3 -8 -7 -7 4 -10 1 10 -3 
10 -10 10 8 5 9 10 6 5 11 6 6 0 -2 1 11 2 4 9 2 
5 11 8 -7 7 8 2 11 -8 -6 10 6 3 1 5 8 4 8 10 -4 
2 -2 4 2 9 4 2 5 10 10 4 -3 -1 10 5 6 7 5 -5 -7 
9 7 5 3 1 11 4 4 -5 9 5 8 11 7 -3 3 9 7 0 5 
3 11 2 2 9 -1 7 11 1 4 7 5 -6 2 0 3 5 1 3 3 
3 10 -7 9 8 2 4 -8 7 3 9 8 0 5 -5 -5 10 9 7 4 
-10 7 10 0 7 4 5 7 1 8 2 0 -1 4 3 7 1 4 1 5 
54
2
5 13
1 3
14 6
18 16
20
18 19 11
11 10 11
10 19 14
17 7 10
4 8 13
15 12 10
13 2 13
7 18 10
19 2 11
19 16 11
1 0 11
8 9 11
9 0 14
2 12 10
15 11 13
4 7 10
6 17 13
12 1 10
0 17 11
0 3 11
0
