20 20
3 1 3 -1 0 3 3 0 -1 2 1 1 3 1 0 2 0 0 1 -2 
3 3 1 3 2 -1 2 -2 2 2 3 2 0 3 3 3 3 0 3 0 
2 1 1 2 2 1 3 0 3 1 2 -2 3 3 -3 2 2 3 0 -1 
1 -2 0 1 -2 3 2 3 -3 2 -1 3 3 1 -1 1 3 3 1 0 
-3 0 1 1 1 1 0 3 0 0 -3 1 3 -2 -1 1 0 2 -1 2 
1 1 1 0 3 1 -3 -2 0 0 3 0 2 3 2 1 2 1 1 2 
-3 1 2 1 2 1 1 0 0 2 3 2 3 2 -1 0 2 1 -1 0 
0 3 -2 -1 0 -1 -3 0 3 1 1 3 1 -1 1 2 2 3 -3 1 
0 0 1 -3 3 3 0 3 2 0 0 1 -2 1 2 -2 2 -1 0 -2 
0 -1 -1 2 0 -1 1 0 0 3 3 1 1 2 2 -1 2 2 1 1 
1 1 2 2 -1 2 2 1 1 3 3 0 0 1 -1 0 2 -1 -1 0 
-2 0 -1 2 -2 2 1 -2 1 0 0 2 3 0 3 3 -3 1 0 0 
1 -3 3 2 2 1 -1 1 3 1 1 3 0 -3 -1 0 -1 -2 3 0 
0 -1 1 2 0 -1 2 3 2 3 2 0 0 1 1 2 1 2 1 -3 
2 1 1 2 1 2 3 2 0 3 0 0 -2 -3 1 3 0 1 1 1 
2 -1 2 0 1 -1 -2 3 1 -3 0 0 3 0 1 1 1 1 0 -3 
0 1 3 3 1 -1 1 3 3 -1 2 -3 3 2 3 -2 1 0 -2 1 
-1 0 3 2 2 -3 3 3 -2 2 1 3 0 3 1 2 2 1 1 2 
0 3 0 3 3 3 3 0 2 3 2 2 -2 2 -1 2 3 1 3 3 
-2 1 0 0 2 0 1 3 1 1 2 -1 0 3 3 0 -1 3 1 3 
52
7
5 2
2 19
1 4
18 4
9 17
8 19
0 12
14 17
17 0
18 15
1 15
10 2
11 0
19 7
14
0 18 9
11 12 9
4 1 13
12 0 9
16 12 14
17 13 14
15 6 11
19 1 9
8 7 9
15 18 13
7 19 9
3 7 14
2 6 14
4 13 11
0
