16 12
7 2 -9 0 7 9 1 2 7 2 -5 -2 
5 7 -9 8 -1 5 9 -4 7 4 -3 -5 
3 4 1 5 9 7 4 -6 2 6 1 -7 
-3 2 1 -7 -6 -9 7 7 3 -8 3 4 
-4 9 6 5 -7 8 1 3 -3 2 0 3 
-8 1 6 3 6 -7 2 -7 7 2 5 3 
5 4 2 1 1 9 -4 7 3 5 -4 4 
-4 3 9 7 -4 1 8 4 6 1 2 -4 
-4 2 1 6 4 8 1 -4 7 9 3 -4 
4 -4 5 3 7 -4 9 1 1 2 4 5 
3 5 2 7 -7 2 -7 6 3 6 1 -8 
3 0 2 -3 3 1 8 -7 5 6 9 -4 
4 3 -8 3 7 7 -9 -6 -7 1 2 -3 
-7 1 6 2 -6 4 7 9 5 1 4 3 
-5 -3 4 7 -4 9 5 -1 8 -9 7 5 
-2 -5 2 7 2 1 9 7 0 -9 2 7 
60
4
13 8
14 3
3 8
2 6
2 3
1 8
12 3
13 5
12
3 11 8
1 0 9
12 2 11
8 11 9
10 0 8
8 10 10
12 0 8
14 11 9
3 9 11
7 0 9
5 11 8
7 1 10
18
15 5
15 10
15 3
8 9
3 1
4 9
15 1
4 5
11 4
0 6
0 1
0 8
7 2
12 10
11 2
0 10
11 6
4 7
