14 13
6 -18 5 21 1 -12 18 17 13 11 18 12 2 
12 4 -13 19 -24 21 10 12 -14 -24 18 2 20 
10 18 23 23 7 23 7 24 15 6 24 1 -18 
-8 18 19 24 -23 11 9 3 19 -5 9 -23 -18 
-14 11 18 22 23 6 25 -16 14 3 -4 5 -9 
20 15 10 25 22 -5 1 11 15 1 22 19 -17 
-1 -22 15 10 -14 -10 13 16 25 23 -21 -3 6 
6 -3 -21 23 25 16 13 -10 -14 10 15 -22 -1 
-17 19 22 1 15 11 1 -5 22 25 10 15 20 
-9 5 -4 3 14 -16 25 6 23 22 18 11 -14 
-18 -23 9 -5 19 3 9 11 -23 24 19 18 -8 
-18 1 24 6 15 24 7 23 7 23 23 18 10 
20 2 18 -24 -14 12 10 21 -24 19 -13 4 12 
2 12 18 11 13 17 18 -12 1 21 5 -18 6 
48
2
4 9
11 2
9 3
2 10
10
11 4 13
7 1 15
8 1 10
2 4 14
3 8 12
2 8 13
6 11 15
5 11 10
11 8 14
10 4 12
18
3 0
4 10
8 9
13 0
7 11
9 5
6 10
6 7
5 7
10 12
9 2
5 3
0 12
6 1
4 7
7 2
7 5
8 5
