19 14
6 0 0 -3 -1 3 7 3 2 -8 -2 8 4 3 
7 5 8 1 2 7 8 8 6 -7 4 3 -7 7 
0 8 -1 -8 4 4 4 6 0 4 7 8 5 8 
6 -3 7 1 -5 2 3 4 4 2 8 1 -7 0 
6 2 6 -5 5 4 -7 8 2 -7 4 -5 6 4 
2 1 -4 5 1 1 7 2 -6 2 0 7 -6 1 
6 -8 6 -4 6 3 7 7 7 6 2 -1 4 1 
8 -5 1 1 8 7 0 1 -7 -8 4 -1 2 4 
4 3 4 2 8 8 4 7 7 3 -4 4 7 -6 
4 1 -1 8 -8 -8 5 5 -8 -8 8 -1 1 4 
-6 7 4 -4 3 7 7 4 8 8 2 4 3 4 
4 2 -1 4 -8 -7 1 0 7 8 1 1 -5 8 
1 4 -1 2 6 7 7 7 3 6 -4 6 -8 6 
1 -6 7 0 2 -6 2 7 1 1 5 -4 1 2 
4 6 -5 4 -7 2 8 -7 4 5 -5 6 2 6 
0 -7 1 8 2 4 4 3 2 -5 1 7 -3 6 
8 5 8 7 4 0 6 4 4 4 -8 -1 8 0 
7 -7 3 4 -7 6 8 8 7 2 1 8 5 7 
3 4 8 -2 -8 2 3 7 3 -1 -3 0 0 6 
34
4
1 7
14 9
8 12
17 12
17 6
4 4
10 1
1 1
20
13 2 13
1 10 13
4 6 8
1 13 9
10 12 12
12 6 16
12 10 14
11 6 11
1 11 8
13 4 14
5 11 13
17 3 13
14 7 8
17 0 9
8 1 12
6 7 16
6 3 14
7 7 11
17 2 8
5 9 14
20
1 2
5 0
15 4
3 12
7 13
9 3
10 8
6 12
11 8
4 1
17 11
13 13
3 9
15 1
11 0
9 10
8 5
12 1
7 5
14 12
