20 20
9 3 -7 11 -9 9 11 7 4 -7 13 -1 -1 8 12 -2 8 4 -13 11 
1 3 11 4 -4 4 8 11 -6 3 7 6 3 0 10 10 7 12 -3 5 
11 7 0 8 0 -12 12 3 11 7 12 6 -11 -2 12 4 13 -4 10 4 
-12 12 4 9 4 -6 2 10 -5 5 8 5 -4 -8 7 8 3 2 13 13 
-11 6 -9 12 5 12 2 4 -2 -3 13 10 3 10 -11 -4 3 2 13 12 
9 6 12 2 11 10 3 -4 6 1 3 3 1 4 8 -2 -7 -6 -11 -11 
1 1 2 3 -3 8 -12 2 5 10 3 -12 12 5 -6 3 9 4 8 8 
11 10 -5 -3 12 6 13 0 3 4 2 13 13 -3 11 7 -10 9 -4 7 
-1 2 13 3 1 11 1 -8 7 7 -6 8 9 5 5 3 4 -9 0 -12 
1 7 -13 5 10 0 -4 4 2 11 2 9 -12 8 3 13 11 0 5 12 
12 5 0 11 13 3 8 -12 9 2 11 2 4 -4 0 10 5 -13 7 1 
-12 0 -9 4 3 5 5 9 8 -6 7 7 -8 1 11 1 3 13 2 -1 
7 -4 9 -10 7 11 -3 13 13 2 4 3 0 13 6 12 -3 -5 10 11 
8 8 4 9 3 -6 5 12 -12 3 10 5 2 -12 8 -3 3 2 1 1 
-11 -11 -6 -7 -2 8 4 1 3 3 1 6 -4 3 10 11 2 12 6 9 
12 13 2 3 -4 -11 10 3 10 13 -3 -2 4 2 12 5 12 -9 6 -11 
13 13 2 3 8 7 -8 -4 5 8 5 -5 10 2 -6 4 9 4 12 -12 
4 10 -4 13 4 12 -2 -11 6 12 7 11 3 12 -12 0 8 0 7 11 
5 -3 12 7 10 10 0 3 6 7 3 -6 11 8 4 -4 4 11 3 1 
11 -13 4 8 -2 12 8 -1 -1 13 -7 4 7 11 9 -9 11 -7 3 9 
53
3
7 12
7 11
13 6
12 7
12 8
6 13
20
11 6 15
19 11 14
17 9 14
12 2 11
4 2 11
7 2 10
12 11 12
2 18 16
13 16 9
1 13 10
8 13 15
0 8 14
2 10 14
7 17 11
15 17 11
12 17 10
7 8 12
17 1 16
6 3 9
18 6 10
0
