16 20
8 18 16 7 -8 7 8 18 4 12 14 -19 2 -18 -10 -1 19 16 6 0 
-8 -19 4 -14 19 -1 9 -6 2 -13 7 12 -8 11 5 -10 13 3 3 -2 
18 4 1 14 15 17 5 17 19 -16 1 4 6 10 -5 18 0 9 9 -11 
2 18 -6 17 19 0 11 4 7 0 12 14 10 6 -19 18 -2 -6 17 3 
10 -19 15 5 13 -13 -19 -19 8 10 -12 4 9 -12 1 13 14 -14 10 11 
-15 -19 -19 18 11 15 5 -9 6 16 10 1 0 3 0 7 1 -15 5 12 
-4 9 13 3 14 6 6 -17 15 8 3 6 9 7 12 -2 12 13 -1 17 
-4 7 13 -3 6 1 10 0 14 6 7 9 5 12 2 15 11 4 7 3 
3 7 4 11 15 2 12 5 9 7 6 14 0 10 1 6 -3 13 7 -4 
17 -1 13 12 -2 12 7 9 6 3 8 15 -17 6 6 14 3 13 9 -4 
12 5 -15 1 7 0 3 0 1 10 16 6 -9 5 15 11 18 -19 -19 -15 
11 10 -14 14 13 1 -12 9 4 -12 10 8 -19 -19 -13 13 5 15 -19 10 
3 17 -6 -2 18 -19 6 10 14 12 0 7 4 11 0 19 17 -6 18 2 
-11 9 9 0 18 -5 10 6 4 1 -16 19 17 5 17 15 14 1 4 18 
-2 3 3 13 -10 5 11 -8 12 7 -13 2 -6 9 -1 19 -14 4 -19 -8 
0 6 16 19 -1 -10 -18 2 -19 14 12 4 18 8 7 -8 7 16 18 8 
59
7
3 18
15 16
1 4
14 7
11 15
2 18
6 5
12 1
0 3
14 15
1 12
4 4
13 1
9 14
8
7 5 13
9 10 10
8 4 11
5 12 15
8 14 13
6 9 10
7 15 11
10 7 15
26
1 16
5 14
7 1
7 16
1 5
11 10
9 2
8 1
0 2
14 19
4 8
10 8
12 15
14 3
10 5
8 18
8 3
14 14
4 9
6 17
7 18
15 17
1 0
11 11
5 11
3 4
