20 20
16 15 -12 -1 13 8 -14 8 16 14 -14 0 2 -9 13 13 8 1 0 -4 
-5 13 7 0 12 6 8 2 4 12 -12 9 13 -10 12 -12 -1 7 -6 2 
14 -13 0 -8 8 2 -4 6 10 14 1 7 3 10 2 4 5 8 0 16 
3 -2 3 -3 -3 4 9 4 0 2 -12 6 -3 6 7 15 0 6 11 -8 
11 5 13 8 10 7 -5 -5 -12 5 -8 15 -5 3 -16 12 3 4 13 -10 
-4 2 -8 12 4 14 8 1 10 8 6 14 15 5 11 -5 9 14 -14 -6 
12 -7 0 8 14 16 11 9 -3 -10 6 -4 12 6 -10 12 14 -11 13 1 
4 11 7 -6 15 -5 12 11 14 3 -3 5 12 -15 12 8 14 -5 1 6 
4 5 -7 -3 -1 -1 9 1 9 15 -10 2 -14 10 8 4 16 15 10 13 
14 6 7 11 13 15 -14 0 -6 7 -7 13 10 14 -6 13 13 0 1 -11 
-11 1 0 13 13 -6 14 10 13 -7 7 -6 0 -14 15 13 11 7 6 14 
13 10 15 16 4 8 10 -14 2 -10 15 9 1 9 -1 -1 -3 -7 5 4 
6 1 -5 14 8 12 -15 12 5 -3 3 14 11 12 -5 15 -6 7 11 4 
1 13 -11 14 12 -10 6 12 -4 6 -10 -3 9 11 16 14 8 0 -7 12 
-6 -14 14 9 -5 11 5 15 14 6 8 10 1 8 14 4 12 -8 2 -4 
-10 13 4 3 12 -16 3 -5 15 -8 5 -12 -5 -5 7 10 8 13 5 11 
-8 11 6 0 15 7 6 -3 6 -12 2 0 4 9 4 -3 -3 3 -2 3 
16 0 8 5 4 2 10 3 7 1 14 10 6 -4 2 8 -8 0 -13 14 
2 -6 7 -1 -12 12 -10 13 9 -12 12 4 2 8 6 12 0 7 13 -5 
-4 0 1 8 13 13 -9 2 0 -14 14 16 8 -14 8 13 -1 -12 15 16 
32
4
18 16
0 1
7 3
8 7
1 3
19 18
12 16
11 12
20
3 5 13
16 7 16
11 1 12
15 6 11
12 10 16
2 7 13
12 1 9
17 13 14
17 8 8
16 0 14
16 14 13
3 12 16
8 18 12
4 13 11
7 9 16
17 12 13
7 18 9
2 6 14
2 11 8
3 19 14
0
