10 13
5 8 6 2 4 -4 5 2 -5 -6 1 7 3 
6 4 6 12 -11 4 7 9 11 7 -1 12 4 
0 8 12 11 -12 8 10 3 -10 10 -3 7 11 
3 0 -9 4 -4 4 -4 12 4 -1 12 1 5 
9 8 -1 12 11 0 7 -5 5 6 10 -2 5 
5 -2 10 6 5 -5 7 0 11 12 -1 8 9 
5 1 12 -1 4 12 -4 4 -4 4 -9 0 3 
11 7 -3 10 -10 3 10 8 -12 11 12 8 0 
4 12 -1 7 11 9 7 4 -11 12 6 4 6 
3 7 1 -6 -5 2 5 -4 4 2 6 8 5 
49
8
3 12
9 7
8 1
5 1
0 11
6 2
2 3
9 3
6 0
0 5
1 11
4 11
9 1
3 10
7 9
0 9
20
6 1 13
1 5 11
8 9 9
6 8 8
5 2 12
2 11 15
6 9 13
7 2 10
5 10 16
8 6 15
3 11 13
8 7 11
1 3 9
3 4 8
4 10 12
7 1 15
3 3 13
2 10 10
4 2 16
1 6 15
12
2 1
7 6
1 0
4 3
1 9
2 7
7 11
2 6
8 12
5 9
8 3
7 5
