15 11
7 -3 14 3 2 8 -5 7 -16 -4 -8 
-10 12 16 -14 4 12 2 1 -4 3 10 
-14 13 10 -12 -16 -15 13 11 -10 12 -15 
5 11 3 -6 5 3 1 4 16 1 -15 
-4 -15 -1 4 13 12 -13 9 3 9 -9 
13 -1 14 -16 -9 15 7 -12 11 -10 10 
12 16 -7 7 14 7 -15 2 -5 -13 -4 
12 10 6 7 8 12 8 7 6 10 12 
-4 -13 -5 2 -15 7 14 7 -7 16 12 
10 -10 11 -12 7 15 -9 -16 14 -1 13 
-9 9 3 9 -13 12 13 4 -1 -15 -4 
-15 1 16 4 1 3 5 -6 3 11 5 
-15 12 -10 11 13 -15 -16 -12 10 13 -14 
10 3 -4 1 2 12 4 -14 16 12 -10 
-8 -4 -16 7 -5 8 2 3 14 -3 7 
54
5
2 5
14 3
11 1
12 3
9 2
12 5
0 7
3 9
2 7
5 8
8
8 9 12
12 6 12
11 5 14
3 4 10
6 1 12
2 4 12
3 5 14
11 6 10
10
7 5
1 0
2 0
4 1
10 8
7 5
13 10
12 10
10 9
4 2
