20 20
0 2 2 6 2 0 7 8 7 7 3 -6 6 7 -1 0 -4 5 4 -8 
3 -2 8 1 3 0 3 -8 2 0 5 4 3 2 3 7 2 0 2 0 
-6 2 -6 -1 4 -4 5 3 4 -5 3 5 -8 8 1 6 5 1 6 1 
2 5 1 3 3 1 4 8 -1 8 -1 8 -5 -6 4 4 0 -3 0 5 
3 5 6 5 1 8 8 1 2 1 5 7 6 -7 6 1 5 6 7 1 
1 6 -5 5 7 8 1 1 3 2 6 3 6 6 -6 2 8 8 7 7 
1 -1 2 3 3 2 1 3 1 5 8 6 6 5 -5 0 5 0 6 5 
7 -5 1 8 5 -2 -3 4 8 7 6 6 3 8 2 4 8 4 -5 1 
-2 0 3 3 -2 -1 5 3 0 5 5 -1 1 -5 -8 -7 2 7 2 -3 
0 6 6 3 1 8 3 2 7 4 5 -3 -5 6 1 8 1 2 3 -5 
-5 3 2 1 8 1 6 -5 -3 5 4 7 2 3 8 1 3 6 6 0 
-3 2 7 2 -7 -8 -5 1 -1 5 5 0 3 5 -1 -2 3 3 0 -2 
1 -5 4 8 4 2 8 3 6 6 7 8 4 -3 -2 5 8 1 -5 7 
5 6 0 5 0 -5 5 6 6 8 5 1 3 1 2 3 3 2 -1 1 
7 7 8 8 2 -6 6 6 3 6 2 3 1 1 8 7 5 -5 6 1 
1 7 6 5 1 6 -7 6 7 5 1 2 1 8 8 1 5 6 5 3 
5 0 -3 0 4 4 -6 -5 8 -1 8 -1 8 4 1 3 3 1 5 2 
1 6 1 5 6 1 8 -8 5 3 -5 4 3 5 -4 4 -1 -6 2 -6 
0 2 0 2 7 3 2 3 4 5 0 2 -8 3 0 3 1 8 -2 3 
-8 4 5 -4 0 -1 7 6 -6 3 7 7 8 7 0 2 6 2 2 0 
39
8
6 14
18 19
1 18
1 19
18 17
11 6
5 17
5 1
13 5
1 0
18 1
18 0
1 2
8 13
14 2
14 18
16
5 4 11
15 14 14
2 8 15
10 8 11
7 16 15
8 12 15
4 0 16
14 1 9
14 15 11
4 5 14
17 11 15
9 11 11
12 3 15
11 7 15
15 19 16
5 18 9
26
7 15
16 5
16 10
8 11
3 16
14 19
7 1
12 13
1 16
1 12
16 4
9 4
16 15
12 4
3 14
3 9
11 8
16 3
5 0
12 18
7 6
18 3
18 7
3 15
10 15
3 4
