12 12
1 2 1 -2 1 2 -1 -1 1 1 0 -1 
1 0 1 2 1 3 0 1 3 1 3 3 
1 0 -1 -2 3 -3 1 2 3 -3 1 2 
-2 3 -1 -3 3 2 1 0 2 2 2 1 
0 3 1 3 2 -2 2 2 3 3 3 0 
2 1 1 2 2 2 -3 3 1 1 1 2 
2 1 1 1 3 -3 2 2 2 1 1 2 
0 3 3 3 2 2 -2 2 3 1 3 0 
1 2 2 2 0 1 2 3 -3 -1 3 -2 
2 1 -3 3 2 1 -3 3 -2 -1 0 1 
3 3 1 3 1 0 3 1 2 1 0 1 
-1 0 1 1 -1 -1 2 1 -2 1 2 1 
38
3
9 8
0 7
10 9
2 3
11 4
1 2
18
1 10 12
3 2 10
0 5 16
0 11 8
2 10 9
3 4 15
6 0 15
7 0 16
7 6 15
10 1 12
8 9 10
11 6 16
11 0 8
9 1 9
8 7 15
5 11 15
4 11 16
4 5 15
10
8 5
0 2
6 10
7 1
0 10
3 6
11 9
5 1
4 10
11 1
