13 10
12 1 -11 2 6 4 3 7 4 3 
9 9 -3 8 -7 1 7 -5 2 -10 
10 10 11 11 8 -8 -6 4 4 4 
11 -5 5 -3 10 2 5 7 -9 12 
-5 7 10 1 -6 1 0 -2 2 11 
-11 7 8 6 4 7 2 3 -7 5 
10 -11 -5 6 -3 -3 6 -5 -11 10 
5 -7 3 2 7 4 6 8 7 -11 
11 2 -2 0 1 -6 1 10 7 -5 
12 -9 7 5 2 10 -3 5 -5 11 
4 4 4 -6 -8 8 11 11 10 10 
-10 2 -5 7 1 -7 8 -3 9 9 
3 4 7 3 4 6 2 -11 1 12 
45
3
4 5
7 3
1 7
8 4
5 6
11 2
20
4 2 10
12 0 13
9 6 11
11 4 9
4 7 8
6 8 15
5 4 14
3 0 10
0 1 16
7 0 10
8 7 10
0 9 13
3 3 11
1 5 9
8 2 8
6 1 15
7 5 14
9 9 10
12 8 16
5 9 10
8
9 0
3 6
6 2
9 8
3 9
9 3
6 7
3 1
