14 13
3 4 -1 -2 3 3 1 2 0 4 2 4 -1 
3 3 1 -2 -3 -4 1 -1 1 4 1 3 0 
-2 1 -1 -3 2 2 2 3 -4 3 2 0 3 
2 3 3 -1 3 0 0 4 3 4 2 3 -4 
2 1 4 0 2 3 4 -1 -1 1 1 -3 -3 
-4 1 1 2 4 4 -1 2 4 1 3 2 4 
1 4 -4 0 -4 2 0 2 -4 1 0 1 0 
0 1 0 1 -4 2 0 2 -4 0 -4 4 1 
4 2 3 1 4 2 -1 4 4 2 1 1 -4 
-3 -3 1 1 -1 -1 4 3 2 0 4 1 2 
-4 3 2 4 3 4 0 0 3 -1 3 3 2 
3 0 2 3 -4 3 2 2 2 -3 -1 1 -2 
0 3 1 4 1 -1 1 -4 -3 -2 1 3 3 
-1 4 2 4 0 2 1 3 3 -2 -1 4 3 
32
5
3 12
8 7
3 9
1 4
4 7
10 0
5 5
10 3
12 8
9 5
14
13 5 16
5 8 10
4 3 12
0 11 13
10 4 16
4 2 9
2 11 15
0 7 16
8 4 10
9 9 12
13 1 13
3 8 16
9 10 9
11 1 15
12
12 7
0 10
5 11
0 8
9 6
6 8
1 5
13 2
8 1
13 4
4 6
7 4
