19 20
4 0 3 1 4 2 3 1 3 -2 0 4 2 3 4 -4 2 -1 0 1 
3 2 3 2 3 -2 -2 3 3 1 1 1 1 2 -2 -1 2 -3 3 4 
2 -4 1 -1 -4 4 2 0 2 4 3 -1 1 2 4 -2 -4 1 1 3 
4 -4 4 -1 1 -2 1 3 1 2 1 -4 2 1 3 4 4 -1 0 -4 
2 0 2 2 3 -2 3 -4 3 3 -3 0 0 4 2 4 0 -4 -3 1 
0 4 -3 2 0 1 2 3 4 0 1 4 -4 -1 1 0 2 2 3 4 
2 0 2 0 -1 1 2 3 4 -2 2 -2 2 3 0 3 4 2 2 2 
3 4 -1 4 0 3 -1 4 -3 4 1 2 -2 3 -2 1 2 2 -1 -4 
3 3 -3 1 2 -4 3 1 -2 1 -4 4 -3 2 2 2 1 -2 -4 -1 
-4 1 2 3 4 3 0 1 2 3 3 2 1 0 3 4 3 2 1 -4 
-1 -4 -2 1 2 2 2 -3 4 -4 1 -2 1 3 -4 2 1 -3 3 3 
-4 -1 2 2 1 -2 3 -2 2 1 4 -3 4 -1 3 0 4 -1 4 3 
2 2 2 4 3 0 3 2 -2 2 -2 4 3 2 1 -1 0 2 0 2 
4 3 2 2 0 1 -1 -4 4 1 0 4 3 2 1 0 2 -3 4 0 
1 -3 -4 0 4 2 4 0 0 -3 3 3 -4 3 -2 3 2 2 0 2 
-4 0 -1 4 4 3 1 2 -4 1 2 1 3 1 -2 1 -1 4 -4 4 
3 1 1 -4 -2 4 2 1 -1 3 4 2 0 2 4 -4 -1 1 -4 2 
4 3 -3 2 -1 -2 2 1 1 1 1 3 3 -2 -2 3 2 3 2 3 
1 0 -1 2 -4 4 3 2 4 0 -2 3 1 3 2 4 1 3 0 4 
50
7
5 11
16 0
16 14
10 18
5 18
11 14
2 13
13 8
2 19
2 5
8 1
13 1
7 5
16 6
16
9 3 16
13 2 16
14 10 15
7 1 14
14 9 15
11 0 16
4 0 13
17 10 16
9 16 16
5 17 16
4 9 15
11 18 14
4 10 15
7 19 16
14 19 13
1 9 16
28
18 13
10 13
11 17
6 4
0 7
14 6
2 17
0 1
4 15
14 12
0 3
17 2
6 11
2 15
0 6
8 6
7 2
12 15
18 12
4 13
16 2
18 18
14 4
4 7
18 16
1 17
12 8
16 4
