16 11
1 -12 16 8 14 11 9 13 15 4 9 
16 8 8 7 -5 5 8 16 16 -16 5 
6 16 -9 -11 3 2 3 10 12 -16 -8 
14 14 10 6 15 -7 8 12 1 16 4 
11 8 2 7 4 -1 9 13 1 2 15 
-4 15 7 -5 1 -8 16 13 1 13 11 
4 -5 11 15 5 9 11 10 10 16 13 
6 9 5 7 3 7 6 8 -15 13 1 
1 13 -15 8 6 7 3 7 5 9 6 
13 16 10 10 11 9 5 15 11 -5 4 
11 13 1 13 16 -8 1 -5 7 15 -4 
15 2 1 13 9 -1 4 7 2 8 11 
4 16 1 12 8 -7 15 6 10 14 14 
-8 -16 12 10 3 2 3 -11 -9 16 6 
5 -16 16 16 8 5 -5 7 8 8 16 
9 4 15 13 9 11 14 8 16 -12 1 
45
2
13 5
8 5
2 5
7 5
16
3 6 14
7 10 16
4 7 9
7 8 8
13 1 12
15 7 10
5 0 13
10 1 14
12 4 14
8 0 16
11 3 9
8 2 8
2 9 12
0 3 10
10 10 13
5 9 14
10
5 6
10 2
2 8
0 5
1 2
10 4
5 8
13 2
15 5
14 8
