14 13
0 2 2 3 3 -1 -3 3 -2 -2 -3 1 2 
0 -3 0 0 -2 3 1 1 1 3 3 -1 3 
1 -1 2 1 -2 0 2 -1 3 2 3 -1 2 
3 0 2 3 2 -3 3 1 1 1 2 1 3 
0 2 -1 1 2 2 -3 2 0 3 2 2 3 
2 0 0 0 2 3 2 2 0 3 0 1 -3 
-2 -2 1 2 2 2 2 0 1 2 2 0 3 
3 0 2 2 1 0 2 2 2 2 1 -2 -2 
-3 1 0 3 0 2 2 3 2 0 0 0 2 
3 2 2 3 0 2 -3 2 2 1 -1 2 0 
3 1 2 1 1 1 3 -3 2 3 2 0 3 
2 -1 3 2 3 -1 2 0 -2 1 2 -1 1 
3 -1 3 3 1 1 1 3 -2 0 0 -3 0 
2 1 -3 -2 -2 3 -3 -1 3 3 2 2 0 
39
5
0 1
9 1
10 2
1 4
7 11
13 11
4 11
3 10
12 8
6 1
10
4 2 16
13 1 9
5 0 15
11 5 15
10 11 10
9 10 16
0 11 9
8 12 15
2 7 15
3 1 10
16
6 8
6 9
13 4
7 9
12 4
7 1
10 6
0 10
7 4
7 3
0 8
6 3
1 8
6 11
3 6
13 2
