14 11
13 30 30 7 25 15 4 10 5 30 28 
21 13 13 9 -14 10 24 5 22 -16 -26 
3 24 21 -3 -25 0 3 11 30 9 12 
23 24 23 11 27 8 24 -28 -2 0 -25 
16 28 -21 13 16 3 27 21 10 5 24 
19 -11 -6 -30 15 10 11 5 1 -8 29 
-17 3 10 20 -7 24 23 27 17 23 4 
4 23 17 27 23 24 -7 20 10 3 -17 
29 -8 1 5 11 10 15 -30 -6 -11 19 
24 5 10 21 27 3 16 13 -21 28 16 
-25 0 -2 -28 24 8 27 11 23 24 23 
12 9 30 11 3 0 -25 -3 21 24 3 
-26 -16 22 5 24 10 -14 9 13 13 21 
28 30 5 10 4 15 25 7 30 30 13 
48
6
7 5
1 3
12 4
3 5
8 7
3 2
6 5
12 7
1 6
10 5
5 3
10 8
16
6 7 8
2 0 14
12 5 9
3 4 15
6 10 10
3 1 9
2 6 9
1 0 11
7 3 8
11 10 14
1 5 9
10 6 15
7 0 10
10 9 9
11 4 9
12 10 11
14
7 8
2 8
13 8
0 4
7 1
13 10
4 2
6 2
11 2
0 2
13 6
6 9
0 0
9 8
