12 20
1 1 2 0 -1 1 2 2 1 2 1 3 -2 1 2 3 1 1 0 1 
2 -3 3 1 0 1 1 2 2 3 0 -2 3 0 1 3 -2 -2 3 2 
-2 0 1 1 1 1 3 1 3 -1 2 3 3 1 0 -3 1 3 -2 1 
0 2 -1 -2 3 2 1 1 -2 3 3 0 1 3 1 2 3 2 0 3 
1 1 -1 2 3 1 0 3 0 -3 1 3 1 -2 1 2 -2 -3 1 2 
3 1 -2 3 -1 1 0 2 2 1 3 2 3 1 0 3 2 -1 1 1 
1 1 -1 2 3 0 1 3 2 3 1 2 2 0 1 -1 3 -2 1 3 
2 1 -3 -2 2 1 -2 1 3 1 -3 0 3 0 1 3 2 -1 1 1 
3 0 2 3 2 1 3 1 0 3 3 -2 1 1 2 3 -2 -1 2 0 
1 -2 3 1 -3 0 1 3 3 2 -1 3 1 3 1 1 1 1 0 -2 
2 3 -2 -2 3 1 0 3 -2 0 3 2 2 1 1 0 1 3 -3 2 
1 0 1 1 3 2 1 -2 3 1 2 1 2 2 1 -1 0 2 1 1 
38
8
11 13
1 9
6 5
3 7
3 2
5 7
1 4
1 11
0 6
10 10
5 14
8 12
8 17
6 12
10 15
10 8
12
3 1 16
11 9 14
9 19 8
9 16 13
0 5 12
4 2 13
8 18 16
0 10 14
2 0 8
2 3 13
11 14 12
7 17 13
18
11 8
3 18
8 16
5 18
0 13
11 10
2 16
0 1
9 8
0 11
8 1
3 3
6 1
11 6
0 9
9 3
11 18
2 11
