13 18
19 -8 1 23 12 10 -22 18 -4 -19 -18 16 0 25 11 0 25 24 
-23 8 2 20 -5 -7 24 4 19 8 11 3 20 14 10 22 11 6 
-4 14 -12 -24 16 14 8 22 18 4 22 1 2 -18 8 12 16 24 
15 -13 4 -15 18 -18 14 -21 8 17 18 14 2 21 -10 -25 23 4 
15 2 -2 9 6 24 2 24 -3 22 21 -9 9 15 15 8 -19 11 
18 10 23 -4 22 -3 -10 23 21 5 10 21 17 -3 14 3 19 19 
21 -5 1 -21 1 0 0 -12 1 1 -12 0 0 1 -21 1 -5 21 
19 19 3 14 -3 17 21 10 5 21 23 -10 -3 22 -4 23 10 18 
11 -19 8 15 15 9 -9 21 22 -3 24 2 24 6 9 -2 2 15 
4 23 -25 -10 21 2 14 18 17 8 -21 14 -18 18 -15 4 -13 15 
24 16 12 8 -18 2 1 22 4 18 22 8 14 16 -24 -12 14 -4 
6 11 22 10 14 20 3 11 8 19 4 24 -7 -5 20 2 8 -23 
24 25 0 11 25 0 16 -18 -19 -4 18 -22 10 12 23 1 -8 19 
35
4
7 8
1 16
5 7
6 8
5 9
11 1
7 10
6 9
8
10 17 11
7 3 12
0 10 13
2 10 11
2 0 11
5 14 12
12 7 13
10 7 11
20
8 2
6 13
11 7
3 17
6 10
0 5
0 15
4 14
1 5
12 6
4 15
6 4
1 10
9 0
6 7
12 12
12 2
8 3
11 12
0 11
