11 13
8 7 -4 -11 10 -14 0 12 6 7 7 6 13 
1 4 -12 -4 5 10 15 5 15 6 5 11 -16 
-7 -6 -12 15 -15 13 -2 7 10 10 16 12 3 
2 -3 3 13 -10 1 14 4 -2 10 16 2 -14 
8 -12 -3 12 11 11 -6 12 14 2 11 3 2 
8 6 -11 7 -8 2 -7 2 -8 7 -11 6 8 
2 3 11 2 14 12 -6 11 11 12 -3 -12 8 
-14 2 16 10 -2 4 14 1 -10 13 3 -3 2 
3 12 16 10 10 7 -2 13 -15 15 -12 -6 -7 
-16 11 5 6 15 5 15 10 5 -4 -12 4 1 
13 6 7 7 6 12 0 -14 10 -11 -4 7 8 
33
6
7 3
0 3
9 6
9 8
9 2
4 1
3 9
10 9
1 6
1 4
1 10
6 11
20
0 5 16
4 11 16
9 10 13
9 4 14
9 0 9
10 5 12
7 6 8
1 5 15
8 2 12
0 1 9
10 7 16
6 1 16
1 2 13
1 8 14
1 12 9
0 7 12
3 6 8
9 7 15
2 10 12
10 11 9
12
10 0
5 3
3 7
10 6
1 0
7 4
0 12
5 9
7 5
0 6
9 12
3 8
