15 12
0 3 4 4 3 -1 4 1 1 1 -3 0 
-3 4 2 -4 0 2 4 -2 1 -2 3 0 
2 0 1 -1 4 -3 1 3 1 3 2 4 
-2 0 -3 -1 -2 -1 0 3 1 -4 -4 -3 
2 -3 2 1 -3 4 2 -1 -2 2 1 2 
2 1 4 1 -1 2 3 3 0 -2 -4 2 
2 3 4 2 3 1 3 -2 -1 1 1 -1 
4 4 3 -2 4 4 4 4 -2 3 4 4 
-1 1 1 -1 -2 3 1 3 2 4 3 2 
2 -4 -2 0 3 3 2 -1 1 4 1 2 
2 1 2 -2 -1 2 4 -3 1 2 -3 2 
-3 -4 -4 1 3 0 -1 -2 -1 -3 0 -2 
4 2 3 1 3 1 -3 4 -1 1 0 2 
0 3 -2 1 -2 4 2 0 -4 2 4 -3 
0 -3 1 1 1 4 -1 3 4 4 3 0 
50
3
13 0
6 4
12 0
1 11
8 7
2 11
8
10 11 8
4 3 14
9 8 15
6 1 16
4 0 8
10 8 14
5 3 15
8 10 16
14
7 9
1 10
0 6
2 9
14 1
3 7
9 6
7 2
13 1
14 5
12 2
0 10
11 4
5 5
