15 10
-3 2 11 8 -11 12 6 -12 1 6 
-12 -8 9 -7 -2 13 13 13 1 9 
12 -9 11 13 6 11 7 4 10 3 
10 -11 -4 12 -6 0 -9 11 12 0 
0 8 9 10 -4 4 3 1 3 12 
4 -13 9 -6 11 -4 12 -8 8 -12 
9 -10 6 5 -1 11 11 -3 -7 7 
-13 -9 7 7 10 10 7 7 -9 -13 
7 -7 -3 11 11 -1 5 6 -10 9 
-12 8 -8 12 -4 11 -6 9 -13 4 
12 3 1 3 4 -4 10 9 8 0 
0 12 11 -9 0 -6 12 -4 -11 10 
3 10 4 7 11 6 13 11 -9 12 
9 1 13 13 13 -2 -7 9 -8 -12 
6 1 -12 6 12 -11 8 11 2 -3 
48
7
4 2
4 3
4 8
14 9
5 0
11 5
8 5
10 7
10 6
10 1
0 0
9 9
3 4
6 4
8
11 9 10
13 6 10
14 7 12
7 9 9
3 0 10
1 3 10
0 2 12
7 0 9
12
5 7
5 4
11 8
11 2
14 0
10 8
9 2
9 5
3 1
3 7
0 9
4 1
