19 10
-10 9 -5 1 6 6 11 1 0 -10 
4 12 7 0 4 12 -2 2 9 6 
4 4 2 8 -11 9 4 -3 3 6 
13 7 0 7 -10 -10 3 11 6 -11 
-9 13 10 12 0 10 7 3 -1 8 
11 2 9 7 10 10 9 -2 7 9 
12 1 13 -2 4 1 -1 -12 9 -3 
10 3 2 2 -4 -11 -4 -12 0 -7 
4 8 11 9 6 3 0 -13 10 -10 
12 1 6 8 3 3 8 6 1 12 
-10 10 -13 0 3 6 9 11 8 4 
-7 0 -12 -4 -11 -4 2 2 3 10 
-3 9 -12 -1 1 4 -2 13 1 12 
9 7 -2 9 10 10 7 9 2 11 
8 -1 3 7 10 0 12 10 13 -9 
-11 6 11 3 -10 -10 7 0 7 13 
6 3 -3 4 9 -11 8 2 4 4 
6 9 2 -2 12 4 0 7 12 4 
-10 0 1 11 6 6 1 -5 9 -10 
58
3
2 3
8 3
7 9
16 6
10 6
11 0
12
11 1 10
10 0 10
15 0 10
7 3 13
11 3 15
8 2 9
7 8 10
8 9 10
3 9 10
11 6 13
7 6 15
10 7 9
16
18 9
12 8
17 3
12 2
12 7
6 5
12 0
17 8
0 0
6 1
1 6
6 7
6 2
12 4
6 9
1 1
