20 20
3 5 15 9 3 14 -5 15 13 15 7 0 6 4 10 -6 13 16 5 3 
11 5 9 9 8 11 2 -4 -15 12 9 10 11 16 13 7 11 -12 1 -9 
0 -2 -3 3 9 10 8 7 6 1 13 7 -10 6 3 12 13 14 16 3 
-16 14 -15 -8 -16 13 0 15 4 9 8 11 -11 1 6 4 2 13 1 16 
-7 -10 14 -8 8 4 7 14 13 14 14 1 8 -5 -3 14 12 3 12 2 
13 10 12 12 7 8 12 13 9 16 3 14 10 14 2 8 4 -1 -6 -10 
-4 4 3 11 10 7 13 -10 8 -2 3 -11 9 -6 10 -12 0 4 -1 15 
15 3 -12 1 -5 14 11 -16 6 6 8 -10 -16 -6 15 1 -8 6 -11 2 
10 10 -4 4 5 12 14 16 -6 0 0 11 10 12 5 -12 14 15 -6 2 
16 -5 12 9 15 -12 15 -14 -4 16 16 -10 5 9 -5 -1 12 -6 14 0 
0 14 -6 12 -1 -5 9 5 -10 16 16 -4 -14 15 -12 15 9 12 -5 16 
2 -6 15 14 -12 5 12 10 11 0 0 -6 16 14 12 5 4 -4 10 10 
2 -11 6 -8 1 15 -6 -16 -10 8 6 6 -16 11 14 -5 1 -12 3 15 
15 -1 4 0 -12 10 -6 9 -11 3 -2 8 -10 13 7 10 11 3 4 -4 
-10 -6 -1 4 8 2 14 10 14 3 16 9 13 12 8 7 12 12 10 13 
2 12 3 12 14 -3 -5 8 1 14 14 13 14 7 4 8 -8 14 -10 -7 
16 1 13 2 4 6 1 -11 11 8 9 4 15 0 13 -16 -8 -15 14 -16 
3 16 14 13 12 3 6 -10 7 13 1 6 7 8 10 9 3 -3 -2 0 
-9 1 -12 11 7 13 16 11 10 9 12 -15 -4 2 11 8 9 9 5 11 
3 5 16 13 -6 10 4 6 0 7 15 13 15 -5 14 3 9 15 5 3 
46
8
10 1
12 17
7 18
12 2
18 2
13 0
7 5
2 4
9 18
7 2
12 1
7 17
1 17
6 19
12 14
17 15
12
2 0 10
9 0 9
8 19 11
17 16 8
11 1 8
5 2 12
17 19 10
10 19 9
11 0 11
2 3 8
8 18 8
14 17 12
0
