16 16
-1 0 1 -1 -3 3 2 2 3 3 -2 -2 0 1 -2 -1 
-2 2 2 0 3 1 -1 2 0 3 -2 -2 3 3 1 1 
-1 3 0 2 1 -3 -1 1 2 -2 -1 3 1 2 1 3 
1 2 2 2 1 2 3 -1 -3 -1 2 1 1 3 2 0 
0 1 -2 0 -1 -3 3 -1 0 1 0 2 3 2 -1 0 
1 3 1 2 -2 -3 1 0 2 0 -2 1 -2 1 2 0 
0 0 -3 2 -3 3 0 -2 2 1 3 3 3 -1 0 0 
1 -3 -3 3 0 -2 1 1 1 -1 1 2 0 3 1 0 
0 1 3 0 2 1 -1 1 1 1 -2 0 3 -3 -3 1 
0 0 -1 3 3 3 1 2 -2 0 3 -3 2 -3 0 0 
0 2 1 -2 1 -2 0 2 0 1 -3 -2 2 1 3 1 
0 -1 2 3 2 0 1 0 -1 3 -3 -1 0 -2 1 0 
0 2 3 1 1 2 -1 -3 -1 3 2 1 2 2 2 1 
3 1 2 1 3 -1 -2 2 1 -1 -3 1 2 0 3 -1 
1 1 3 3 -2 -2 3 0 2 -1 1 3 0 2 2 -2 
-1 -2 1 0 -2 -2 3 3 2 2 3 -3 -1 1 0 -1 
36
2
0 3
6 9
15 12
9 6
20
2 3 9
2 12 14
9 7 13
4 13 11
5 14 10
7 15 8
11 13 15
5 13 10
1 13 15
0 12 12
13 12 9
13 3 14
6 8 13
11 2 11
10 1 10
8 0 8
4 2 15
10 2 10
14 2 15
15 3 12
22
1 10
7 6
7 14
1 4
13 11
8 5
3 7
4 7
15 4
11 1
3 4
14 5
8 9
8 1
14 11
2 4
7 10
12 8
11 8
0 11
4 14
12 11
