16 19
25 19 2 6 17 6 6 25 1 9 21 2 9 21 10 6 16 -9 25 
15 -3 7 26 -3 19 21 11 20 0 27 23 20 24 1 6 13 12 18 
-24 25 23 17 -24 22 5 18 -5 -12 10 10 26 -14 0 3 27 3 -22 
-18 4 -23 25 6 14 15 10 -21 -21 -9 17 18 20 22 10 24 4 22 
1 21 14 -11 -1 23 18 1 2 -7 11 -14 1 19 26 -25 6 1 1 
7 23 10 23 26 10 22 1 9 -4 8 5 -21 19 13 -6 19 15 -17 
12 15 -10 -16 -16 10 27 -1 17 2 -17 26 16 17 -1 -15 24 7 -16 
-9 25 -13 25 12 -3 17 10 -10 14 -11 -14 2 14 24 -26 -5 27 24 
24 27 -5 -26 24 14 2 -14 -11 14 -10 10 17 -3 12 25 -13 25 -9 
-16 7 24 -15 -1 17 16 26 -17 2 17 -1 27 10 -16 -16 -10 15 12 
-17 15 19 -6 13 19 -21 5 8 -4 9 1 22 10 26 23 10 23 7 
1 1 6 -25 26 19 1 -14 11 -7 2 1 18 23 -1 -11 14 21 1 
22 4 24 10 22 20 18 17 -9 -21 -21 10 15 14 6 25 -23 4 -18 
-22 3 27 3 0 -14 26 10 10 -12 -5 18 5 22 -24 17 23 25 -24 
18 12 13 6 1 24 20 23 27 0 20 11 21 19 -3 26 7 -3 15 
25 -9 16 6 10 21 9 2 21 9 1 25 6 6 17 6 2 19 25 
36
2
1 18
7 2
14 0
8 16
6
7 3 9
2 14 13
12 18 15
8 15 9
13 4 13
3 0 15
28
3 11
15 9
13 11
9 13
4 17
12 3
15 18
2 16
2 5
3 1
7 12
9 12
6 15
14 2
12 7
0 9
2 7
6 5
11 1
3 15
0 0
13 2
13 13
12 17
8 6
6 6
9 3
1 16
