17 18
3 0 -4 5 2 6 1 -4 6 3 -6 2 6 3 -4 0 6 4 
-4 5 5 3 -4 1 2 5 3 5 2 5 6 6 2 2 0 0 
1 5 1 5 2 3 -1 4 3 1 4 -1 6 3 6 -1 -4 4 
3 -5 6 2 -3 4 -3 -5 2 -3 4 3 3 6 -4 0 3 5 
5 4 1 5 4 -5 1 -1 -4 6 5 1 5 3 2 4 6 6 
2 4 6 1 2 0 6 3 2 3 4 -1 -4 -6 0 4 -5 5 
2 3 2 4 -4 4 4 -1 5 4 2 1 2 2 0 -4 0 -3 
2 1 0 6 2 -2 1 2 5 2 6 -2 5 4 5 4 4 -2 
6 0 0 0 -4 1 -2 2 5 5 2 -2 1 -4 0 0 0 6 
-2 4 4 5 4 5 -2 6 2 5 2 1 -2 2 6 0 1 2 
-3 0 -4 0 2 2 1 2 4 5 -1 4 4 -4 4 2 3 2 
5 -5 4 0 -6 -4 -1 4 3 2 3 6 0 2 1 6 4 2 
6 6 4 2 3 5 1 5 6 -4 -1 1 -5 4 5 1 4 5 
5 3 0 -4 6 3 3 4 -3 2 -5 -3 4 -3 2 6 -5 3 
4 -4 -1 6 3 6 -1 4 1 3 4 -1 3 2 5 1 5 1 
0 0 2 2 6 6 5 2 5 3 5 2 1 -4 3 5 5 -4 
4 6 0 -4 3 6 2 -6 3 6 -4 1 6 2 5 -4 0 3 
36
5
12 3
2 11
10 7
2 16
11 14
4 14
14 6
6 10
14 1
5 3
16
12 5 8
2 0 16
13 0 16
8 17 15
2 12 14
16 8 13
1 14 8
7 16 10
4 12 8
14 17 16
3 17 16
8 0 15
14 5 14
0 9 13
15 3 8
9 1 10
30
16 15
9 4
10 4
10 3
3 0
7 3
12 15
15 9
6 7
16 14
5 9
13 14
14 10
4 11
4 0
0 2
7 13
6 13
6 14
13 17
9 14
4 2
1 8
10 10
0 3
11 8
3 3
2 7
12 6
12 17
