14 19
-7 4 4 7 -5 -2 8 5 -5 5 -5 3 3 1 -6 8 7 1 2 
7 0 8 1 7 -1 8 5 -1 7 -3 5 1 6 7 -1 1 8 8 
5 1 3 -7 4 8 1 -1 -5 8 2 -1 -3 6 0 1 3 8 2 
0 -2 4 -3 2 1 8 4 3 7 6 3 4 4 3 4 1 7 5 
6 6 -3 0 -6 6 7 8 2 -3 -4 3 6 4 3 7 4 1 8 
-2 -6 -6 6 6 8 8 8 4 0 4 6 8 5 -3 -1 1 1 6 
1 5 3 8 0 3 2 1 -7 5 -6 2 3 7 4 8 2 -4 5 
5 -4 2 8 4 7 3 2 -6 5 -7 1 2 3 0 8 3 5 1 
6 1 1 -1 -3 5 8 6 4 0 4 8 8 8 6 6 -6 -6 -2 
8 1 4 7 3 4 6 3 -4 -3 2 8 7 6 -6 0 -3 6 6 
5 7 1 4 3 4 4 3 6 7 3 4 8 1 2 -3 4 -2 0 
2 8 3 1 0 6 -3 -1 2 8 -5 -1 1 8 4 -7 3 1 5 
8 8 1 -1 7 6 1 5 -3 7 -1 5 8 -1 7 1 8 0 7 
2 1 7 8 -6 1 3 3 -5 5 -5 5 8 -2 -5 7 4 4 -7 
56
8
2 1
0 12
8 11
11 3
12 1
0 8
6 7
13 3
11 17
13 6
5 7
2 15
1 17
13 10
7 11
0 15
6
12 16 9
0 9 16
11 16 11
1 2 9
13 9 16
2 2 11
16
6 8
4 9
10 15
6 17
7 17
5 8
12 2
4 11
7 10
9 9
3 3
7 1
6 1
8 10
1 16
9 7
