20 20
5 2 -12 0 6 11 -13 9 -5 -8 -1 -10 9 11 7 2 1 8 4 0 
-3 7 12 7 8 13 7 5 -2 9 5 7 5 10 13 -8 -11 1 1 -12 
4 13 7 7 6 0 -10 1 5 3 8 6 12 9 4 9 3 -12 0 7 
6 10 -5 2 9 -2 5 8 12 -4 8 -6 5 1 9 1 5 -11 8 6 
8 10 11 1 9 4 0 11 4 4 13 -9 -5 10 11 8 6 4 11 -8 
2 2 -8 13 4 -5 11 3 7 8 -5 5 12 3 -6 2 12 12 8 -11 
5 8 -1 13 12 8 -13 13 5 3 -12 8 7 4 3 2 11 -6 8 4 
10 12 7 10 -13 -6 11 13 11 0 -7 -8 8 -3 5 10 3 -4 6 -7 
-1 -11 8 9 13 7 7 4 13 -9 7 0 8 -5 10 -11 7 8 7 -2 
-7 -11 10 13 8 3 12 -8 6 -7 8 -1 5 -13 6 8 5 2 3 -3 
-3 3 2 5 8 6 -13 5 -1 8 -7 6 -8 12 3 8 13 10 -11 -7 
-2 7 8 7 -11 10 -5 8 0 7 -9 13 4 7 7 13 9 8 -11 -1 
-7 6 -4 3 10 5 -3 8 -8 -7 0 11 13 11 -6 -13 10 7 12 10 
4 8 -6 11 2 3 4 7 8 -12 3 5 13 -13 8 12 13 -1 8 5 
-11 8 12 12 2 -6 3 12 5 -5 8 7 3 11 -5 4 13 -8 2 2 
-8 11 4 6 8 11 10 -5 -9 13 4 4 11 0 4 9 1 11 10 8 
6 8 -11 5 1 9 1 5 -6 8 -4 12 8 5 -2 9 2 -5 10 6 
7 0 -12 3 9 4 9 12 6 8 3 5 1 -10 0 6 7 7 13 4 
-12 1 1 -11 -8 13 10 5 7 5 9 -2 5 7 13 8 7 12 7 -3 
0 4 8 1 2 7 11 9 -10 -1 -8 -5 9 -13 11 6 0 -12 2 5 
44
7
5 3
16 13
15 6
15 14
18 19
4 11
6 14
14 16
3 6
4 13
4 5
1 0
15 8
13 5
18
18 6 15
18 15 16
17 4 9
17 3 16
8 0 13
10 5 10
16 14 9
7 4 9
19 14 13
1 13 15
1 4 16
2 15 9
2 16 16
11 19 13
9 14 10
3 5 9
12 15 9
0 5 13
0
