14 14
-6 2 7 6 3 -9 1 4 -2 -2 8 -7 2 8 
-4 9 3 -9 8 8 3 7 0 -3 9 -9 7 7 
-4 1 6 3 5 8 8 2 8 6 0 0 4 -3 
7 5 6 0 6 9 9 1 7 8 -9 2 8 9 
-5 1 9 -2 -9 5 -4 8 5 -7 -4 9 -6 2 
-2 2 6 2 3 -6 6 7 8 9 9 -5 6 7 
1 -3 9 6 -4 4 7 5 9 -9 -1 2 2 3 
3 2 2 -1 -9 9 5 7 4 -4 6 9 -3 1 
7 6 -5 9 9 8 7 6 -6 3 2 6 2 -2 
2 -6 9 -4 -7 5 8 -4 5 -9 -2 9 1 -5 
9 8 2 -9 8 7 1 9 9 6 0 6 5 7 
-3 4 0 0 6 8 2 8 8 5 3 6 1 -4 
7 7 -9 9 -3 0 7 3 8 8 -9 3 9 -4 
8 2 -7 8 -2 -2 4 1 -9 3 6 7 2 -6 
41
8
2 13
2 11
12 13
8 9
3 8
12 1
0 2
0 7
11 0
11 2
1 0
5 4
10 5
1 12
13 11
13 6
6
12 10 15
10 2 15
9 3 9
1 3 15
3 11 15
4 10 9
18
8 11
6 10
8 2
9 12
1 4
4 9
2 1
9 1
6 1
5 2
7 3
5 11
4 1
12 9
9 4
11 12
4 12
7 12
