20 20
8 11 10 2 7 -11 6 11 11 4 9 3 1 11 1 -6 1 3 7 -8 
1 9 7 0 0 2 -7 10 10 -2 3 11 -8 -5 5 9 -8 1 -5 3 
11 3 2 -11 1 2 -10 10 4 9 -2 3 1 -1 11 -6 2 7 11 6 
0 4 -8 8 4 -8 9 5 9 3 5 2 1 -3 -4 9 3 -1 -7 3 
-6 11 2 1 1 -8 0 6 9 -2 10 5 4 6 1 6 5 9 0 2 
11 2 7 0 6 10 -10 2 5 11 3 9 3 4 -3 8 8 3 -2 -6 
2 7 7 11 11 0 -5 -8 1 4 11 10 -9 11 3 2 9 -11 -5 8 
-4 8 6 7 6 11 7 -7 11 4 5 8 8 4 5 4 7 -9 4 -10 
2 1 7 11 2 2 9 3 10 -3 2 9 0 11 2 11 8 11 -1 11 
-9 0 4 -2 6 -2 4 3 9 -11 6 11 0 2 -3 3 -9 9 8 1 
1 8 9 -9 3 -3 2 0 11 6 -11 9 3 4 -2 6 -2 4 0 -9 
11 -1 11 8 11 2 11 0 9 2 -3 10 3 9 2 2 11 7 1 2 
-10 4 -9 7 4 5 4 8 8 5 4 11 -7 7 11 6 7 6 8 -4 
8 -5 -11 9 2 3 11 -9 10 11 4 1 -8 -5 0 11 11 7 7 2 
-6 -2 3 8 8 -3 4 3 9 3 11 5 2 -10 10 6 0 7 2 11 
2 0 9 5 6 1 6 4 5 10 -2 9 6 0 -8 1 1 2 11 -6 
3 -7 -1 3 9 -4 -3 1 2 5 3 9 5 9 -8 4 8 -8 4 0 
6 11 7 2 -6 11 -1 1 3 -2 9 4 10 -10 2 1 -11 2 3 11 
3 -5 1 -8 9 5 -5 -8 11 3 -2 10 10 -7 2 0 0 7 9 1 
-8 7 3 1 -6 1 11 1 3 9 4 11 11 6 -11 7 2 10 11 8 
37
5
0 9
2 10
3 6
7 6
11 9
19 10
17 9
16 13
12 13
8 10
16
17 5 14
3 12 16
0 4 9
8 15 10
8 12 14
5 7 16
6 1 10
15 1 15
2 14 14
16 7 16
19 15 9
11 4 10
11 7 14
14 12 16
13 18 10
4 18 15
0
