17 20
13 8 2 9 4 3 0 12 1 8 9 2 11 11 3 7 11 8 3 6 
-3 -13 13 5 2 13 9 -3 6 -11 -8 -6 1 1 -12 7 -11 13 -13 13 
-13 8 3 7 -8 -6 3 7 4 9 10 -10 2 1 -3 2 5 3 -2 1 
-2 9 12 -5 12 2 10 4 2 3 -12 12 2 10 9 2 2 5 -1 9 
5 -8 13 9 12 1 -3 7 -8 8 3 3 13 3 6 9 8 -9 13 4 
3 13 5 1 1 -12 -5 13 1 11 2 10 13 9 8 11 -12 8 12 10 
1 -4 1 13 6 2 5 4 7 5 10 4 13 6 -9 0 8 4 6 10 
6 0 13 13 1 -6 11 6 9 -3 12 -10 0 5 6 -10 9 1 7 -7 
9 10 1 -13 8 9 7 -8 5 5 5 5 -8 7 9 8 -13 1 10 9 
-7 7 1 9 -10 6 5 0 -10 12 -3 9 6 11 -6 1 13 13 0 6 
10 6 4 8 0 -9 6 13 4 10 5 7 4 5 2 6 13 1 -4 1 
10 12 8 -12 11 8 9 13 10 2 11 1 13 -5 -12 1 1 5 13 3 
4 13 -9 8 9 6 3 13 3 3 8 -8 7 -3 1 12 9 13 -8 5 
9 -1 5 2 2 9 10 2 12 -12 3 2 4 10 2 12 -5 12 9 -2 
1 -2 3 5 2 -3 1 2 -10 10 9 4 7 3 -6 -8 7 3 8 -13 
13 -13 13 -11 7 -12 1 1 -6 -8 -11 6 -3 9 13 2 5 13 -13 -3 
6 3 8 11 7 3 11 11 2 9 8 1 12 0 3 4 9 2 8 13 
51
8
9 19
13 14
4 5
16 8
4 11
11 4
14 9
14 8
7 0
3 5
12 14
0 11
12 8
5 15
2 10
2 11
12
2 7 13
4 6 12
15 19 14
12 9 12
16 18 11
10 8 11
14 12 13
12 13 12
1 0 14
4 10 12
0 1 11
6 11 11
22
8 16
14 3
8 2
1 8
8 4
16 10
1 2
6 8
3 4
10 19
1 17
8 3
2 16
8 17
15 11
8 15
0 9
15 17
10 11
13 15
6 0
15 2
