12 13
-4 3 3 2 1 -2 -5 -2 5 -1 1 3 -4 
4 0 0 3 -5 0 1 -4 5 -2 3 1 3 
5 4 1 -2 4 1 3 -1 4 3 1 5 -1 
5 1 3 0 2 3 5 4 2 -2 -1 2 1 
1 0 -5 -5 1 -1 3 -4 3 2 2 1 4 
4 1 5 1 5 -3 5 4 3 2 0 0 3 
3 0 0 2 3 4 5 -3 5 1 5 1 4 
4 1 2 2 3 -4 3 -1 1 -5 -5 0 1 
1 2 -1 -2 2 4 5 3 2 0 3 1 5 
-1 5 1 3 4 -1 3 1 4 -2 1 4 5 
3 1 3 -2 5 -4 1 0 -5 3 0 0 4 
-4 3 1 -1 5 -2 -5 -2 1 2 3 3 -4 
57
5
0 6
11 9
10 7
0 11
10 12
11 6
0 3
1 5
11 1
1 0
20
4 0 8
4 8 13
11 10 16
0 8 14
1 11 13
3 1 9
2 6 9
0 10 13
0 4 14
8 2 16
7 12 8
7 4 13
0 2 16
11 4 14
10 1 13
8 11 9
9 6 9
11 2 13
11 8 14
3 10 16
12
9 5
9 3
10 9
8 4
10 2
6 11
2 7
2 9
1 3
3 8
1 10
5 1
