20 20
1 10 -8 5 8 3 -7 5 7 6 7 -7 2 -5 -7 6 10 8 1 -9 
8 -5 -8 8 9 -4 6 7 6 10 -6 1 1 3 9 4 -1 0 6 9 
4 0 9 3 -1 2 -8 2 1 5 2 5 5 1 3 7 4 3 0 -5 
3 -5 -10 1 10 -8 4 6 4 -10 -7 9 -3 2 6 8 -8 3 10 -8 
1 10 6 -4 3 -6 -9 -5 10 4 8 7 6 -8 2 4 -4 3 -5 8 
2 0 9 10 -10 3 10 4 9 10 0 -9 0 10 -9 3 2 10 2 7 
5 5 6 4 2 8 8 1 9 9 2 8 10 9 -3 1 5 6 8 -6 
2 1 4 7 10 1 6 2 0 -1 10 8 0 6 2 10 7 0 -3 2 
-8 7 9 1 -9 8 2 0 5 3 2 2 -3 1 3 2 -5 6 1 5 
6 7 2 10 10 10 8 4 8 7 3 -4 -2 2 6 0 1 3 -2 9 
9 -2 3 1 0 6 2 -2 -4 3 7 8 4 8 10 10 10 2 7 6 
5 1 6 -5 2 3 1 -3 2 2 3 5 0 2 8 -9 1 9 7 -8 
2 -3 0 7 10 2 6 0 8 10 -1 0 2 6 1 10 7 4 1 2 
-6 8 6 5 1 -3 9 10 8 2 9 9 1 8 8 2 4 6 5 5 
7 2 10 2 3 -9 10 0 -9 0 10 9 4 10 3 -10 10 9 0 2 
8 -5 3 -4 4 2 -8 6 7 8 4 10 -5 -9 -6 3 -4 6 10 1 
-8 10 3 -8 8 6 2 -3 9 -7 -10 4 6 4 -8 10 1 -10 -5 3 
-5 0 3 4 7 3 1 5 5 2 5 1 2 -8 2 -1 3 9 0 4 
9 6 0 -1 4 9 3 1 1 -6 10 6 7 6 -4 9 8 -8 -5 8 
-9 1 8 10 6 -7 -5 2 -7 7 6 7 5 -7 3 8 5 -8 10 1 
38
8
19 16
4 8
15 16
19 14
12 4
6 7
8 19
7 12
0 3
15 11
4 3
0 5
7 15
13 12
11 0
12 7
18
1 5 8
5 19 15
1 14 14
3 0 13
17 10 14
10 12 11
14 13 9
16 10 11
15 8 11
18 14 8
14 0 15
18 5 14
16 19 13
2 9 14
9 7 11
5 6 9
3 9 11
4 11 11
0
