13 19
5 4 3 3 4 -2 1 5 5 -4 5 4 -3 3 3 -5 -3 5 -3 
1 -5 2 3 -4 -1 2 -4 5 -4 -5 4 0 -2 5 -2 -3 3 0 
4 3 2 2 3 3 1 4 0 -3 5 -4 5 4 -5 0 2 0 -3 
0 -5 2 -1 4 3 4 3 4 3 4 -1 -1 4 2 3 4 2 4 
-5 3 5 -1 1 5 1 4 5 0 5 -4 1 4 1 -5 -4 3 3 
3 3 5 2 -2 4 2 3 4 5 4 2 2 4 5 0 3 4 1 
2 0 4 1 4 0 2 -2 2 -1 2 -2 2 0 4 1 4 0 2 
1 4 3 0 5 4 2 2 4 5 4 3 2 4 -2 2 5 3 3 
3 3 -4 -5 1 4 1 -4 5 0 5 4 1 5 1 -1 5 3 -5 
4 2 4 3 2 4 -1 -1 4 3 4 3 4 3 4 -1 2 -5 0 
-3 0 2 0 -5 4 5 -4 5 -3 0 4 1 3 3 2 2 3 4 
0 3 -3 -2 5 -2 0 4 -5 -4 5 -4 2 -1 -4 3 2 -5 1 
-3 5 -3 -5 3 3 -3 4 5 -4 5 5 1 -2 4 3 3 4 5 
44
3
7 3
3 11
0 13
5 15
9 7
12 5
10
3 0 11
9 10 10
10 13 14
10 8 9
11 10 8
9 18 11
3 8 10
2 5 14
2 10 9
1 8 8
24
5 9
7 6
4 3
5 17
6 17
4 2
11 1
8 6
8 17
4 9
2 4
5 14
7 9
5 12
8 15
7 1
6 1
8 16
1 17
4 12
4 1
8 9
10 14
7 4
