15 20
4 -3 1 -2 -4 -2 3 4 -4 1 -4 -3 1 2 -3 1 1 -2 0 -1 
-4 2 4 2 -1 -3 3 0 0 1 2 3 0 3 -1 2 2 2 1 -3 
-2 1 -4 4 -4 4 0 2 4 2 1 4 -1 -3 0 3 0 3 4 -3 
-4 2 1 3 1 1 4 1 3 -2 4 -4 -2 1 3 -4 2 -3 1 4 
3 2 3 4 2 -3 1 2 -4 2 4 1 4 4 2 3 3 3 1 0 
4 1 4 1 -2 2 -2 -2 -3 3 4 0 2 2 1 1 1 4 4 3 
3 1 4 1 1 3 2 3 0 4 3 1 4 4 0 1 -4 3 -1 3 
4 2 2 2 -1 1 -2 3 3 2 2 3 3 -2 1 -1 2 2 2 4 
3 -1 3 -4 1 0 4 4 1 3 4 0 3 2 3 1 1 4 1 3 
3 4 4 1 1 1 2 2 0 4 3 -3 -2 -2 2 -2 1 4 1 4 
0 1 3 3 3 2 4 4 1 4 2 -4 2 1 -3 2 4 3 2 3 
4 1 -3 2 -4 3 1 -2 -4 4 -2 3 1 4 1 1 3 1 2 -4 
-3 4 3 0 3 0 -3 -1 4 1 2 4 2 0 4 -4 4 -4 1 -2 
-3 1 2 2 2 -1 3 0 3 2 1 0 0 3 -3 -1 2 4 2 -4 
-1 0 -2 1 1 -3 2 1 -3 -4 1 -4 4 3 -2 -4 -2 1 -3 4 
45
8
8 12
9 15
5 10
13 2
1 19
3 10
4 13
14 10
6 7
5 4
9 9
1 17
13 0
11 9
10 6
0 9
14
9 19 11
1 14 16
0 4 12
0 16 9
3 17 16
13 15 15
4 7 15
5 0 11
13 5 16
14 15 12
14 3 9
11 2 16
1 4 15
10 12 15
30
14 16
7 18
5 12
11 6
10 3
13 18
6 18
9 14
5 15
2 0
7 12
9 10
3 14
0 1
11 15
0 3
7 1
9 7
3 13
4 16
1 1
8 1
5 5
9 4
12 19
7 7
5 9
11 5
14 18
3 4
