16 18
7 7 -7 3 4 -5 6 7 5 3 7 8 3 -5 -3 5 2 2 
8 4 -8 7 7 -8 -5 8 1 3 4 2 -5 2 4 2 -1 7 
1 8 4 3 7 -4 -4 2 -2 7 3 4 8 3 -4 8 6 -4 
-3 7 5 6 2 3 -4 5 5 -7 0 8 5 3 4 8 3 -8 
2 7 7 -1 2 7 2 7 -3 5 2 7 -1 4 8 4 2 8 
3 -3 0 -4 1 -7 2 -6 8 4 8 5 7 4 1 -5 7 8 
7 1 3 8 7 6 0 7 -8 2 -4 2 2 0 7 0 1 -5 
7 0 4 3 -7 4 7 1 5 2 5 -4 -7 -2 0 2 6 -2 
-2 6 2 0 -2 -7 -4 5 2 5 1 7 4 -7 3 4 0 7 
-5 1 0 7 0 2 2 -4 2 -8 7 0 6 7 8 3 1 7 
8 7 -5 1 4 7 5 8 4 8 -6 2 -7 1 -4 0 -3 3 
8 2 4 8 4 -1 7 2 5 -3 7 2 7 2 -1 7 7 2 
-8 3 8 4 3 5 8 0 -7 5 5 -4 3 2 6 5 7 -3 
-4 6 8 -4 3 8 4 3 7 -2 2 -4 -4 7 3 4 8 1 
7 -1 2 4 2 -5 2 4 3 1 8 -5 -8 7 7 -8 4 8 
2 2 5 -3 -5 3 8 7 3 5 7 6 -5 4 3 -7 7 7 
31
4
13 1
6 17
8 5
4 8
2 16
9 0
7 12
11 9
18
8 6 10
3 7 14
15 13 12
5 10 16
6 10 16
15 0 11
10 13 13
6 8 8
3 14 9
7 11 10
12 10 14
0 4 12
10 7 16
9 7 16
0 17 11
5 4 13
9 9 8
12 3 9
26
14 1
12 5
15 9
11 15
1 10
8 0
2 1
14 4
13 14
9 3
10 3
8 16
10 6
1 16
3 12
0 8
4 2
14 7
7 17
13 16
1 13
2 3
6 14
5 14
7 1
5 11
