12 20
7 22 -20 -5 16 -6 0 -4 22 -19 3 22 6 -13 13 8 0 2 14 -22 
2 21 1 2 21 13 2 -17 -20 7 8 7 2 2 15 -14 3 -21 17 0 
18 7 -10 -14 15 20 16 13 2 0 -18 19 -22 16 9 6 -7 0 11 19 
19 7 4 11 -5 0 10 22 16 17 3 3 -9 1 7 7 0 21 1 9 
11 22 10 9 19 13 8 7 14 6 11 -12 10 7 18 -12 14 0 5 10 
-12 -15 -16 19 15 17 19 3 -3 -18 4 3 7 20 22 -4 17 -12 -20 10 
10 -20 -12 17 -4 22 20 7 3 4 -18 -3 3 19 17 15 19 -16 -15 -12 
10 5 0 14 -12 18 7 10 -12 11 6 14 7 8 13 19 9 10 22 11 
9 1 21 0 7 7 1 -9 3 3 17 16 22 10 0 -5 11 4 7 19 
19 11 0 -7 6 9 16 -22 19 -18 0 2 13 16 20 15 -14 -10 7 18 
0 17 -21 3 -14 15 2 2 7 8 7 -20 -17 2 13 21 2 1 21 2 
-22 14 2 0 8 13 -13 6 22 3 -19 22 -4 0 -6 16 -5 -20 22 7 
50
5
4 6
6 16
6 10
2 4
8 2
7 13
5 3
5 9
9 15
3 17
6
0 16 12
0 19 11
2 7 8
11 3 12
11 0 11
9 12 8
16
5 6
4 5
5 4
10 15
2 5
11 19
1 0
7 2
6 13
7 14
6 15
1 4
9 14
0 0
10 19
4 17
