19 10
-4 0 1 1 -1 3 2 2 -1 2 
-2 3 4 -2 1 -2 1 4 1 0 
-3 1 1 4 2 3 -1 -3 -4 -2 
3 4 3 2 -2 3 -4 1 0 0 
-1 1 3 -1 4 4 4 -4 3 2 
2 2 2 3 2 -1 3 2 -4 3 
3 4 4 -4 1 -1 0 4 -4 4 
1 0 -3 -3 1 -2 4 3 2 4 
1 2 1 3 1 -4 1 0 3 2 
1 2 0 -2 4 4 -2 0 2 1 
2 3 0 1 -4 1 3 1 2 1 
4 2 3 4 -2 1 -3 -3 0 1 
4 -4 4 0 -1 1 -4 4 4 3 
3 -4 2 3 -1 2 3 2 2 2 
2 3 -4 4 4 4 -1 3 1 -1 
0 0 1 -4 3 -2 2 3 4 3 
-2 -4 -3 -1 3 2 4 1 1 -3 
0 1 4 1 -2 1 -2 4 3 -2 
2 -1 2 2 3 -1 1 1 0 -4 
56
8
15 2
5 7
14 3
18 0
5 0
10 6
1 8
15 4
3 7
13 2
4 6
0 9
13 9
8 3
17 1
3 5
16
10 9 8
17 2 11
2 8 10
18 6 13
1 6 11
2 4 15
12 4 14
13 7 9
8 0 8
1 7 11
16 1 10
0 3 13
17 3 11
16 5 15
6 5 14
5 2 9
14
3 4
7 5
17 8
8 6
16 3
11 7
0 2
15 5
11 4
1 1
10 3
2 6
7 2
18 7
