20 20
2 5 10 5 8 -4 7 1 5 7 6 -5 1 9 6 8 5 1 8 4 
11 8 11 4 2 2 -1 11 11 11 11 5 8 -4 1 8 -11 4 10 -3 
8 -1 -11 -2 8 3 4 -8 8 8 3 2 4 2 5 6 11 -9 2 7 
9 10 -5 -7 11 -8 4 -4 0 6 -6 9 9 2 6 -9 -2 5 -8 1 
10 3 10 9 -7 5 4 0 11 8 -7 8 7 11 11 0 1 1 -6 -11 
7 11 0 -4 -7 4 3 2 6 2 9 1 1 8 -6 5 -2 4 -4 10 
11 7 11 3 4 0 5 10 2 1 -8 10 11 1 7 4 -5 -7 -11 2 
2 6 1 9 -9 3 8 11 2 11 2 -11 11 5 11 7 11 -5 3 2 
4 1 1 7 2 -10 5 -3 10 10 2 2 -8 -2 11 -2 -8 4 3 -3 
9 -10 10 6 9 8 7 1 -8 10 9 9 1 6 4 2 0 0 10 9 
9 10 0 0 2 4 6 1 9 9 10 -8 1 7 8 9 6 10 -10 9 
-3 3 4 -8 -2 11 -2 -8 2 2 10 10 -3 5 -10 2 7 1 1 4 
2 3 -5 11 7 11 5 11 -11 2 11 2 11 8 3 -9 9 1 6 2 
2 -11 -7 -5 4 7 1 11 10 -8 1 2 10 5 0 4 3 11 7 11 
10 -4 4 -2 5 -6 8 1 1 9 2 6 2 3 4 -7 -4 0 11 7 
-11 -6 1 1 0 11 11 7 8 -7 8 11 0 4 5 -7 9 10 3 10 
1 -8 5 -2 -9 6 2 9 9 -6 6 0 -4 4 -8 11 -7 -5 10 9 
7 2 -9 11 6 5 2 4 2 3 8 8 -8 4 3 8 -2 -11 -1 8 
-3 10 4 -11 8 1 -4 8 5 11 11 11 11 -1 2 2 4 11 8 11 
4 8 1 5 8 6 9 1 -5 6 7 5 1 7 -4 8 5 10 5 2 
50
4
8 6
1 4
17 0
17 10
11 13
18 15
2 19
2 9
20
7 14 11
7 0 9
19 18 11
6 16 10
12 2 10
8 15 10
1 12 11
11 2 13
18 13 15
3 12 11
12 5 11
12 19 9
0 1 11
13 3 10
7 17 10
11 4 10
18 7 11
8 17 13
1 6 15
16 7 11
0
