15 18
3 1 1 0 1 2 2 3 0 3 2 3 1 2 1 4 3 2 
1 -3 3 0 3 3 2 4 3 0 -4 0 -3 1 3 1 2 -4 
2 2 -3 2 3 -4 4 0 1 4 0 4 2 1 3 3 -1 -4 
0 1 1 2 1 4 -2 0 3 3 4 2 4 3 1 4 4 2 
4 -4 1 -4 3 -4 4 -4 -4 3 0 2 -1 1 1 3 -2 3 
-1 -1 3 4 -3 2 2 4 -4 2 2 3 1 -1 2 -1 0 -3 
1 1 -2 1 2 1 2 -4 0 1 4 3 4 3 4 -1 2 -3 
3 4 1 4 -1 0 4 0 2 2 0 4 0 -1 4 1 4 3 
-3 2 -1 4 3 4 3 4 1 0 -4 2 1 2 1 -2 1 1 
-3 0 -1 2 -1 1 3 2 2 -4 4 2 2 -3 4 3 -1 -1 
3 -2 3 1 1 -1 2 0 3 -4 -4 4 -4 3 -4 1 -4 4 
2 4 4 1 3 4 2 4 3 3 0 -2 4 1 2 1 1 0 
-4 -1 3 3 1 2 4 0 4 1 0 4 -4 3 2 -3 2 2 
-4 2 1 3 1 -3 0 -4 0 3 4 2 3 3 0 3 -3 1 
2 3 4 1 2 1 3 2 3 0 3 2 2 1 0 1 1 3 
49
7
5 13
5 8
10 5
5 11
0 1
13 12
11 2
9 4
9 9
4 12
9 6
14 16
1 5
3 15
6
4 13 15
10 12 10
13 9 14
10 4 15
4 5 10
1 8 14
22
11 12
2 13
13 0
5 17
8 16
8 11
11 16
5 10
12 16
1 0
5 2
3 5
12 4
1 17
9 0
6 1
6 6
3 1
9 7
2 1
13 17
9 15
