15 13
-1 -6 3 2 3 2 6 -3 3 -4 0 6 1 
4 1 -4 -1 3 5 5 4 3 1 4 5 2 
2 -3 -4 3 4 -5 5 0 2 5 5 -5 1 
1 3 6 1 -5 6 -6 2 4 6 3 0 3 
3 4 3 4 1 -5 -5 3 4 2 4 3 4 
0 6 4 1 6 4 6 0 6 -2 0 1 6 
4 -4 0 2 1 2 -5 3 -6 3 -3 2 -2 
0 6 -1 0 -4 3 0 3 -4 0 -1 6 0 
-2 2 -3 3 -6 3 -5 2 1 2 0 -4 4 
6 1 0 -2 6 0 6 4 6 1 4 6 0 
4 3 4 2 4 3 -5 -5 1 4 3 4 3 
3 0 3 6 4 2 -6 6 -5 1 6 3 1 
1 -5 5 5 2 0 5 -5 4 3 -4 -3 2 
2 5 4 1 3 4 5 5 3 -1 -4 1 4 
1 6 0 -4 3 -3 6 2 3 2 3 -6 -1 
33
7
10 4
12 5
13 11
7 9
14 8
3 4
8 7
4 8
2 7
1 1
7 3
0 4
11 8
6 5
6
13 9 16
10 1 14
5 1 15
1 3 16
4 11 14
9 11 15
14
4 2
11 7
6 7
12 10
8 11
12 7
9 10
10 10
3 5
8 5
2 2
6 1
2 5
5 2
