12 11
0 13 -17 21 0 0 18 -12 -14 -5 15 
16 10 11 20 -11 16 -18 2 22 -1 16 
20 6 13 15 12 16 -19 15 15 21 19 
-18 -21 -9 8 -15 4 21 -10 -13 19 -15 
16 3 10 6 -6 4 -4 18 1 16 -22 
17 -1 -11 15 14 -14 -17 16 11 8 14 
14 8 11 16 -17 -14 14 15 -11 -1 17 
-22 16 1 18 -4 4 -6 6 10 3 16 
-15 19 -13 -10 21 4 -15 8 -9 -21 -18 
19 21 15 15 -19 16 12 15 13 6 20 
16 -1 22 2 -18 16 -11 20 11 10 16 
15 -5 -14 -12 18 0 0 21 -17 13 0 
40
6
2 0
4 5
6 9
3 7
1 7
5 7
9 10
7 5
5 1
8 3
10 3
6 3
16
10 1 15
7 3 14
11 4 16
7 2 15
8 10 10
1 3 14
8 4 16
8 7 12
1 9 15
4 7 14
0 6 16
4 8 15
3 0 10
10 7 14
3 6 16
3 3 12
12
2 10
10 5
0 5
8 2
11 1
2 3
9 0
1 5
11 5
3 8
0 9
9 7
