20 20
-9 2 -1 -11 8 3 2 -11 3 4 -9 -6 -4 -1 0 9 0 -4 7 6 
4 7 5 -1 8 9 0 11 8 -6 2 4 -9 10 10 8 -11 -6 10 9 
-8 10 5 6 9 11 2 3 10 0 4 9 8 6 5 1 11 6 -2 3 
-8 -11 11 9 5 8 4 6 -10 8 12 7 9 -5 -6 -7 -1 10 7 11 
10 7 1 2 -10 5 11 6 -4 -2 -11 11 6 9 -11 5 7 4 3 12 
8 3 -2 -10 5 1 -11 -2 -11 12 3 2 -3 9 5 -5 8 4 8 -2 
4 5 -1 11 8 11 0 -6 8 12 7 12 11 -5 4 3 2 4 6 1 
4 3 8 9 10 4 10 -6 -1 6 12 6 3 4 10 11 3 8 -1 12 
4 11 7 -2 11 10 10 12 9 1 6 -1 10 6 1 6 5 8 12 -2 
11 10 10 -3 11 3 11 5 3 -6 -1 -5 0 -8 11 2 6 9 6 -11 
-11 6 9 6 2 11 -8 0 -5 -1 -6 3 5 11 3 11 -3 10 10 11 
-2 12 8 5 6 1 6 10 -1 6 1 9 12 10 10 11 -2 7 11 4 
12 -1 8 3 11 10 4 3 6 12 6 -1 -6 10 4 10 9 8 3 4 
1 6 4 2 3 4 -5 11 12 7 12 8 -6 0 11 8 11 -1 5 4 
-2 8 4 8 -5 5 9 -3 2 3 12 -11 -2 -11 1 5 -10 -2 3 8 
12 3 4 7 5 -11 9 6 11 -11 -2 -4 6 11 5 -10 2 1 7 10 
11 7 10 -1 -7 -6 -5 9 7 12 8 -10 6 4 8 5 9 11 -11 -8 
3 -2 6 11 1 5 6 8 9 4 0 10 3 2 11 9 6 5 10 -8 
9 10 -6 -11 8 10 10 -9 4 2 -6 8 11 0 9 8 -1 5 7 4 
6 7 -4 0 9 0 -1 -4 -6 -9 4 3 -11 2 3 8 -11 -1 2 -9 
32
8
5 15
3 2
4 6
14 6
7 13
6 8
5 10
19 1
14 4
16 17
15 13
5 13
12 6
13 11
14 9
0 18
16
0 14 12
7 10 16
6 2 13
17 5 8
5 8 16
6 4 12
16 13 10
5 16 8
19 5 12
12 9 16
13 17 13
2 14 8
14 11 16
13 15 12
3 6 10
14 3 8
0
