15 11
3 6 -7 2 3 5 2 0 5 4 3 
0 -5 4 3 -1 -1 4 2 -3 7 -5 
-2 5 5 1 6 -5 -7 -4 1 6 -7 
6 3 2 7 5 -7 -1 -7 -4 -6 6 
-5 7 5 2 2 -6 3 1 7 4 5 
5 6 -3 3 -2 2 4 4 -2 5 7 
-2 2 -3 -5 1 0 1 3 1 2 2 
6 0 2 0 1 2 1 0 2 0 6 
2 2 1 3 1 0 1 -5 -3 2 -2 
7 5 -2 4 4 2 -2 3 -3 6 5 
5 4 7 1 3 -6 2 2 5 7 -5 
6 -6 -4 -7 -1 -7 5 7 2 3 6 
-7 6 1 -4 -7 -5 6 1 5 5 -2 
-5 7 -3 2 4 -1 -1 3 4 -5 0 
3 4 5 0 2 5 3 2 -7 6 3 
51
7
14 1
3 9
14 0
11 0
11 2
10 4
8 3
0 9
11 1
0 10
3 10
3 8
4 6
6 7
16
9 1 12
1 5 16
0 6 8
3 2 14
5 7 13
10 8 8
9 10 14
2 1 8
5 9 12
13 5 16
14 4 8
11 8 14
9 3 13
4 2 8
5 0 14
12 9 8
16
10 9
14 2
11 3
2 8
9 6
12 1
0 7
13 6
4 1
0 8
3 7
12 2
5 4
2 9
14 3
1 4
