12 13
-1 6 13 6 6 0 3 -5 5 4 3 3 -6 
0 0 11 10 6 1 6 2 12 13 4 2 -4 
-11 6 0 -7 -10 4 2 7 -7 -4 13 11 2 
8 1 8 -13 11 13 0 -11 4 4 11 3 -2 
0 2 7 7 4 12 3 7 3 -10 9 4 12 
12 1 -11 9 3 12 -5 1 -9 12 7 7 -4 
-4 7 7 12 -9 1 -5 12 3 9 -11 1 12 
12 4 9 -10 3 7 3 12 4 7 7 2 0 
-2 3 11 4 4 -11 0 13 11 -13 8 1 8 
2 11 13 -4 -7 7 2 4 -10 -7 0 6 -11 
-4 2 4 13 12 2 6 1 6 10 11 0 0 
-6 3 3 4 5 -5 3 0 6 6 13 6 -1 
47
4
10 2
8 4
4 9
8 12
1 10
3 8
7 3
3 0
6
5 9 12
9 5 9
0 11 15
6 3 12
2 7 9
11 1 15
10
10 0
9 6
0 2
4 3
6 12
1 12
2 6
11 10
7 9
5 0
