16 13
-3 -2 0 3 4 4 3 -3 -3 4 2 3 2 
4 0 -4 3 2 2 2 3 1 1 1 1 2 
-1 1 -3 -4 3 -3 4 2 3 -3 -2 2 1 
3 1 4 2 -1 -4 -1 3 4 3 3 -2 2 
2 3 1 0 -2 1 0 1 -2 -4 3 4 1 
1 0 2 -4 4 -2 3 4 2 2 2 4 3 
4 4 4 4 -4 4 0 4 3 -1 4 -1 3 
-2 -4 -2 -1 0 2 -1 -1 0 2 1 -3 1 
1 -3 1 2 0 -1 -1 2 0 -1 -2 -4 -2 
3 -1 4 -1 3 4 0 4 -4 4 4 4 4 
3 4 2 2 2 4 3 -2 4 -4 2 0 1 
1 4 3 -4 -2 1 0 1 -2 0 1 3 2 
2 -2 3 3 4 3 -1 -4 -1 2 4 1 3 
1 2 -2 -3 3 2 4 -3 3 -4 -3 1 -1 
2 1 1 1 1 3 2 2 2 3 -4 0 4 
2 3 2 4 -3 -3 3 4 4 3 0 -2 -3 
34
6
1 10
15 7
10 3
5 12
6 1
0 11
14 2
0 5
5 9
10 0
9 11
15 1
6
14 9 10
2 8 12
11 6 16
1 3 10
13 4 12
4 6 16
12
9 12
5 4
1 12
0 9
1 11
3 6
6 0
10 8
14 0
15 3
14 1
12 6
