13 17
-9 3 -11 20 16 11 12 16 -12 -12 -11 4 21 14 14 14 15 
1 17 -16 16 12 2 4 10 12 19 11 17 22 11 7 6 1 
19 9 -20 1 2 -11 20 10 8 23 1 19 3 6 11 -10 -1 
11 9 11 -20 2 -4 13 19 20 -9 19 1 9 12 18 -1 13 
19 8 -20 4 7 7 11 -6 17 4 5 19 5 6 21 2 20 
-11 20 -19 -19 17 11 8 -18 5 8 -23 18 10 16 20 20 0 
21 2 1 -17 19 13 19 11 9 11 19 13 19 -17 1 2 21 
0 20 20 16 10 18 -23 8 5 -18 8 11 17 -19 -19 20 -11 
20 2 21 6 5 19 5 4 17 -6 11 7 7 4 -20 8 19 
13 -1 18 12 9 1 19 -9 20 19 13 -4 2 -20 11 9 11 
-1 -10 11 6 3 19 1 23 8 10 20 -11 2 1 -20 9 19 
1 6 7 11 22 17 11 19 12 10 4 2 12 16 -16 17 1 
15 14 14 14 21 4 -11 -12 -12 16 12 11 16 20 -11 3 -9 
60
7
1 0
1 6
8 12
4 14
3 9
11 12
10 4
11 16
11 10
4 4
8 2
9 7
1 4
2 12
8
5 13 10
3 12 8
6 2 10
8 6 8
7 3 10
9 4 8
6 14 10
4 10 8
16
9 13
7 8
7 0
6 13
6 10
12 16
7 16
7 15
3 3
5 8
5 16
6 3
6 6
0 0
5 0
5 1
