13 11
18 26 17 11 19 17 16 6 22 16 -24 
18 4 3 20 22 2 19 18 10 12 16 
20 -24 10 7 -21 18 21 17 -1 25 -13 
-16 0 14 26 0 -13 14 -21 4 16 4 
-14 14 2 9 -19 16 1 6 16 23 25 
-3 -16 8 18 17 26 -16 5 -19 15 15 
2 16 -10 22 17 -9 17 22 -10 16 2 
15 15 -19 5 -16 26 17 18 8 -16 -3 
25 23 16 6 1 16 -19 9 2 14 -14 
4 16 4 -21 14 -13 0 26 14 0 -16 
-13 25 -1 17 21 18 -21 7 10 -24 20 
16 12 10 18 19 2 22 20 3 4 18 
-24 16 22 6 16 17 19 11 17 26 18 
57
3
9 1
2 4
11 8
3 9
10 6
1 2
16
1 4 10
9 5 13
12 8 13
1 8 13
7 1 12
7 8 13
8 9 11
3 1 10
11 6 10
3 5 13
0 2 13
11 2 13
5 9 12
5 2 13
4 1 11
9 9 10
8
12 9
10 3
8 1
9 10
0 1
2 7
4 9
3 0
