12 12
12 -13 4 6 17 9 17 -5 12 4 0 10 
21 5 6 8 22 11 10 -12 20 4 12 8 
5 4 14 12 20 8 8 -1 -5 19 -15 14 
20 -8 12 12 17 -9 11 20 13 10 7 20 
14 14 16 -2 9 7 7 -21 0 6 1 8 
15 20 21 -1 10 -8 0 17 13 20 16 13 
13 16 20 13 17 0 -8 10 -1 21 20 15 
8 1 6 0 -21 7 7 9 -2 16 14 14 
20 7 10 13 20 11 -9 17 12 12 -8 20 
14 -15 19 -5 -1 8 8 20 12 14 4 5 
8 12 4 20 -12 10 11 22 8 6 5 21 
10 0 4 12 -5 17 9 17 6 4 -13 12 
36
8
0 9
2 7
8 11
0 7
9 10
10 9
3 4
7 11
11 2
9 4
3 0
11 4
2 1
1 2
8 7
4 0
12
10 11 9
10 2 10
4 11 10
6 5 14
8 4 10
3 5 10
1 0 9
1 9 10
7 0 10
5 6 14
3 7 10
8 6 10
8
10 5
7 3
8 10
1 3
1 6
4 8
3 1
10 8
