17 12
0 5 0 8 4 -3 7 4 5 0 -1 2 
3 1 1 1 -6 9 -6 5 2 1 3 -4 
-10 -4 -2 9 -1 10 8 6 8 6 0 6 
3 1 10 2 -9 10 2 2 8 3 7 10 
1 -5 -5 1 9 -6 5 8 9 -2 0 2 
3 9 1 -8 10 -7 2 1 8 8 8 2 
5 3 -1 9 -8 9 9 7 -7 1 7 0 
6 9 8 9 3 -8 1 3 -2 10 2 9 
6 0 6 8 10 7 7 10 8 6 0 6 
9 2 10 -2 3 1 -8 3 9 8 9 6 
0 7 1 -7 7 9 9 -8 9 -1 3 5 
2 8 8 8 1 2 -7 10 -8 1 9 3 
2 0 -2 9 8 5 -6 9 1 -5 -5 1 
10 7 3 8 2 2 10 -9 2 10 1 3 
6 0 6 8 6 8 10 -1 9 -2 -4 -10 
-4 3 1 2 5 -6 9 -6 1 1 1 3 
2 -1 0 5 4 7 -3 4 8 0 5 0 
51
4
4 5
1 10
10 6
7 9
12 6
15 1
6 5
9 2
6
3 8 12
8 6 15
14 9 14
13 3 12
8 5 15
2 2 14
14
13 0
1 0
4 1
14 10
13 10
6 9
12 11
3 11
15 11
12 10
2 1
3 1
10 2
4 0
