19 20
3 3 2 0 2 1 1 2 0 -1 3 1 -2 2 0 1 -2 2 1 3 
2 0 -2 3 3 3 3 1 0 1 3 0 1 -1 3 0 -2 2 -3 -2 
2 -3 -1 3 1 3 0 3 -3 -1 3 3 1 1 2 0 3 1 1 0 
-1 3 1 2 2 1 1 0 3 -1 3 0 1 1 3 2 2 2 -3 2 
1 1 2 1 -2 1 1 1 1 1 -2 1 3 3 -2 2 0 -2 2 -1 
2 1 3 3 0 0 3 0 2 -1 2 2 3 2 2 1 2 3 3 2 
0 1 1 3 2 0 1 1 -1 0 3 2 3 1 1 3 2 2 0 2 
1 3 3 0 -3 0 0 0 0 2 -1 -2 0 3 3 1 -3 3 0 -2 
-3 0 3 -1 -3 2 2 0 1 1 1 0 -1 2 2 -3 0 2 0 -1 
0 0 2 1 3 -1 2 2 -3 -2 -2 -3 2 2 -1 3 1 2 0 0 
-1 0 2 0 -3 2 2 -1 0 1 1 1 0 2 2 -3 -1 3 0 -3 
-2 0 3 -3 1 3 3 0 -2 -1 2 0 0 0 0 -3 0 3 3 1 
2 0 2 2 3 1 1 3 2 3 0 -1 1 1 0 2 3 1 1 0 
2 3 3 2 1 2 2 3 2 2 -1 2 0 3 0 0 3 3 1 2 
-1 2 -2 0 2 -2 3 3 1 -2 1 1 1 1 1 -2 1 2 1 1 
2 -3 2 2 2 3 1 1 0 3 -1 3 0 1 1 2 2 1 3 -1 
0 1 1 3 0 2 1 1 3 3 -1 -3 3 0 3 1 3 -1 -3 2 
-2 -3 2 -2 0 3 -1 1 0 3 1 0 1 3 3 3 3 -2 0 2 
3 1 2 -2 1 0 2 -2 1 3 -1 0 2 1 1 2 0 2 3 3 
52
8
16 1
3 6
5 3
11 0
18 11
2 7
14 6
15 12
2 18
15 13
13 16
7 19
0 8
16 12
4 13
3 7
16
18 12 14
13 7 10
4 6 13
16 17 12
2 6 13
8 5 9
16 9 15
17 18 10
0 7 14
5 12 10
14 13 13
2 2 12
16 13 13
10 14 9
2 10 15
1 1 10
38
8 17
8 4
11 2
8 14
4 18
15 18
9 14
10 13
4 19
18 17
1 0
12 9
6 9
10 0
14 17
16 0
9 0
11 3
4 14
10 2
10 15
7 17
10 5
14 1
3 1
9 5
8 6
14 0
0 2
17 19
6 10
12 10
8 19
4 2
2 19
9 19
7 16
14 5
