20 20
-3 3 0 0 3 -2 1 -3 1 -3 3 1 1 1 2 2 -2 2 1 1 
2 1 3 0 1 -1 1 -2 1 -2 -2 3 1 0 -2 2 0 3 3 0 
-3 1 1 1 1 -1 -1 3 3 -3 3 3 -2 1 3 0 2 2 1 0 
1 3 1 2 -1 2 1 2 3 -2 -1 -2 2 -2 3 3 3 0 1 2 
-3 1 -1 2 0 1 3 2 3 2 -3 2 1 1 3 2 1 -3 3 2 
2 0 2 3 0 3 -1 -3 -2 -3 2 1 1 2 0 2 2 -3 1 2 
2 3 -3 2 2 1 -3 1 2 3 3 -3 2 3 1 1 0 3 2 3 
0 1 -3 0 1 -3 -3 3 1 3 -1 3 -3 2 3 0 1 3 2 3 
-1 2 3 3 1 -2 -2 0 1 2 -1 3 2 2 3 3 -3 -2 1 2 
3 3 2 -3 0 3 3 2 1 3 2 3 3 2 -2 0 3 -2 -3 -3 
-3 -3 -2 3 0 -2 2 3 3 2 3 1 2 3 3 0 -3 2 3 3 
2 1 -2 -3 3 3 2 2 3 -1 2 1 0 -2 -2 1 3 3 2 -1 
3 2 3 1 0 3 2 -3 3 -1 3 1 3 -3 -3 1 0 -3 1 0 
3 2 3 0 1 1 3 2 -3 3 3 2 1 -3 1 2 2 -3 3 2 
2 1 -3 2 2 0 2 1 1 2 -3 -2 -3 -1 3 0 3 2 0 2 
2 3 -3 1 2 3 1 1 2 -3 2 3 2 3 1 0 2 -1 1 -3 
2 1 0 3 3 3 -2 2 -2 -1 -2 3 2 1 2 -1 2 1 3 1 
0 1 2 2 0 3 1 -2 3 3 -3 3 3 -1 -1 1 1 1 1 -3 
0 3 3 0 2 -2 0 1 3 -2 -2 1 -2 1 -1 1 0 3 1 2 
1 1 2 -2 2 2 1 1 1 3 -3 1 -3 1 -2 3 0 0 3 -3 
47
7
12 14
17 15
12 10
12 1
17 7
3 13
11 2
7 5
2 4
7 9
7 18
2 12
16 6
8 17
12
18 2 9
13 7 10
7 12 8
15 17 16
8 7 9
3 10 14
1 17 9
6 12 10
12 7 8
4 2 16
11 12 9
16 9 14
0
