18 13
-8 8 -5 0 11 0 14 14 15 -15 6 -7 2 
3 5 -3 12 5 -4 14 9 6 2 13 8 8 
0 1 2 14 10 -9 -4 7 14 -11 8 12 10 
8 10 5 2 2 15 2 8 15 -9 -1 -8 6 
11 -9 6 1 0 2 -8 8 15 6 -3 15 -2 
9 -2 11 2 4 -12 1 10 -11 15 11 -15 8 
9 13 6 -9 15 -3 3 15 10 2 -1 4 -12 
-14 -9 -14 15 14 11 -11 -6 -3 7 2 -4 -12 
12 1 9 0 5 15 13 9 5 -12 4 -11 -9 
-9 -11 4 -12 5 9 13 15 5 0 9 1 12 
-12 -4 2 7 -3 -6 -11 11 14 15 -14 -9 -14 
-12 4 -1 2 10 15 3 -3 15 -9 6 13 9 
8 -15 11 15 -11 10 1 -12 4 2 11 -2 9 
-2 15 -3 6 15 8 -8 2 0 1 6 -9 11 
6 -8 -1 -9 15 8 2 15 2 2 5 10 8 
10 12 8 -11 14 7 -4 -9 10 14 2 1 0 
8 8 13 2 6 9 14 -4 5 12 -3 5 3 
2 -7 6 -15 15 14 14 0 11 0 -5 8 -8 
54
7
7 1
8 1
12 4
3 8
8 5
16 8
13 4
10 11
9 11
5 8
14 4
9 7
1 4
4 8
18
13 6 13
14 8 13
0 9 10
2 9 12
12 8 8
10 2 10
11 10 8
14 10 14
6 0 9
4 6 13
3 4 13
17 3 10
15 3 12
5 4 8
7 10 10
6 2 8
3 2 14
11 12 9
22
5 10
4 2
10 1
2 12
7 12
8 0
16 6
5 3
1 2
13 0
16 9
12 2
13 10
7 11
15 0
10 0
9 12
1 6
12 9
16 10
4 12
1 3
