20 20
3 -11 13 7 6 2 12 10 -13 -3 2 5 8 7 4 7 8 7 7 2 
14 12 3 12 -10 4 10 -5 -4 -7 -7 5 -11 -14 1 13 -12 -3 -2 8 
4 -14 5 12 9 14 4 -2 10 6 1 1 8 12 1 12 3 4 -9 10 
3 7 8 2 8 2 12 7 2 13 1 3 8 1 7 -4 8 8 12 11 
-8 12 14 10 4 -5 -8 -3 6 -11 0 10 13 -12 12 14 7 1 -5 7 
4 2 9 0 11 1 3 7 -12 9 3 6 4 -13 8 1 5 -3 -5 6 
-11 3 -1 12 6 1 -7 6 1 11 -4 8 6 13 1 -13 8 -12 -12 2 
7 7 7 6 -12 6 13 8 13 10 6 9 6 10 1 -2 1 13 11 5 
9 14 2 2 1 6 -9 7 6 2 -5 -9 3 11 4 -6 1 9 9 9 
9 11 11 14 11 -9 3 8 9 -5 12 12 0 1 -13 3 -4 -9 -2 4 
4 -2 -9 -4 3 -13 1 0 12 12 -5 9 8 3 -9 11 14 11 11 9 
9 9 9 1 -6 4 11 3 -9 -5 2 6 7 -9 6 1 2 2 14 9 
5 11 13 1 -2 1 10 6 9 6 10 13 8 13 6 -12 6 7 7 7 
2 -12 -12 8 -13 1 13 6 8 -4 11 1 6 -7 1 6 12 -1 3 -11 
6 -5 -3 5 1 8 -13 4 6 3 9 -12 7 3 1 11 0 9 2 4 
7 -5 1 7 14 12 -12 13 10 0 -11 6 -3 -8 -5 4 10 14 12 -8 
11 12 8 8 -4 7 1 8 3 1 13 2 7 12 2 8 2 8 7 3 
10 -9 4 3 12 1 12 8 1 1 6 10 -2 4 14 9 12 5 -14 4 
8 -2 -3 -12 13 1 -14 -11 5 -7 -7 -4 -5 10 4 -10 12 3 12 14 
2 7 7 8 7 4 7 8 5 2 -3 -13 10 12 2 6 7 13 -11 3 
58
2
10 2
15 0
9 17
4 19
6
15 5 16
14 16 16
2 15 9
4 14 16
5 3 16
17 4 9
0
