20 20
9 1 -8 8 -12 2 13 6 4 4 15 13 -3 2 4 5 -11 9 13 7 
11 6 3 -8 3 1 7 0 7 4 -3 9 3 8 3 4 10 -9 15 3 
3 -1 12 11 13 -2 -13 9 11 3 7 14 11 1 -9 3 15 7 2 6 
14 -11 4 0 2 5 -13 6 11 7 4 12 -3 10 9 2 15 0 -10 3 
-15 -12 -14 -6 -5 6 1 14 -4 -11 2 4 8 -3 0 13 15 11 6 10 
13 11 15 -10 11 10 10 13 -8 13 -5 12 6 -5 12 -1 3 13 -9 -12 
15 4 5 5 10 8 14 12 13 2 3 -5 15 4 11 3 -15 10 7 0 
3 9 11 -10 2 14 8 0 6 10 10 12 9 -14 5 6 10 9 -12 15 
14 14 -9 0 -7 13 -15 -6 10 0 -9 -15 11 12 15 -5 12 13 11 15 
14 9 12 5 7 -1 15 -5 8 3 11 -7 7 -12 -6 7 -12 14 -14 -10 
-10 -14 14 -12 7 -6 -12 7 -7 11 3 8 -5 15 -1 7 5 12 9 14 
15 11 13 12 -5 15 12 11 -15 -9 0 10 -6 -15 13 -7 0 -9 14 14 
15 -12 9 10 6 5 -14 9 12 10 10 6 0 8 14 2 -10 11 9 3 
0 7 10 -15 3 11 4 15 -5 3 2 13 12 14 8 10 5 5 4 15 
-12 -9 13 3 -1 12 -5 6 12 -5 13 -8 13 10 10 11 -10 15 11 13 
10 6 11 15 13 0 -3 8 4 2 -11 -4 14 1 6 -5 -6 -14 -12 -15 
3 -10 0 15 2 9 10 -3 12 4 7 11 6 -13 5 2 0 4 -11 14 
6 2 7 15 3 -9 1 11 14 7 3 11 9 -13 -2 13 11 12 -1 3 
3 15 -9 10 4 3 8 3 9 -3 4 7 0 7 1 3 -8 3 6 11 
7 13 9 -11 5 4 2 -3 13 15 4 4 6 13 2 -12 8 -8 1 9 
57
2
16 4
13 18
3 15
6 1
12
17 11 16
5 7 9
12 9 16
18 9 10
13 12 14
18 7 8
2 8 16
14 12 9
7 10 16
1 10 10
6 7 14
1 12 8
0
