18 16
-2 3 1 3 -1 1 1 0 2 3 1 2 -3 2 1 3 
3 3 1 -1 -2 0 1 1 2 -2 1 1 -2 -1 0 0 
-3 2 -3 3 3 1 2 2 3 3 0 -1 2 -3 2 0 
2 -2 3 2 -1 2 -3 0 -1 -2 2 3 0 2 2 2 
-1 1 3 0 -2 2 -3 -1 0 0 2 1 0 3 1 -3 
3 2 3 2 3 -2 2 1 2 0 3 1 -3 1 0 1 
1 1 0 1 -2 3 3 1 -1 0 2 -3 -2 0 2 3 
0 3 2 3 -3 2 0 3 -1 3 -2 1 1 3 1 0 
3 1 2 0 2 3 0 3 -3 1 -3 -1 1 2 2 0 
0 2 2 1 -1 -3 1 -3 3 0 3 2 0 2 1 3 
0 1 3 1 1 -2 3 -1 3 0 2 -3 3 2 3 0 
3 2 0 -2 -3 2 0 -1 1 3 3 -2 1 0 1 1 
1 0 1 -3 1 3 0 2 1 2 -2 3 2 3 2 3 
-3 1 3 0 1 2 0 0 -1 -3 2 -2 0 3 1 -1 
2 2 2 0 3 2 -2 -1 0 -3 2 -1 2 3 -2 2 
0 2 -3 2 -1 0 3 3 2 2 1 3 3 -3 2 -3 
0 0 -1 -2 1 1 -2 2 1 1 0 -2 -1 1 3 3 
3 1 2 -3 2 1 3 2 0 1 1 -1 3 1 3 -2 
44
4
17 14
13 0
6 7
15 4
0 1
4 15
11 8
2 11
16
7 12 8
7 4 14
1 7 10
11 14 14
6 0 9
7 5 13
3 2 9
14 6 8
10 3 8
10 11 14
16 8 10
6 1 14
11 15 9
10 10 13
14 13 9
3 9 8
24
11 2
17 15
7 1
3 13
5 4
6 11
17 4
15 13
15 1
12 9
9 2
12 0
6 13
0 0
10 14
14 2
12 11
11 4
0 11
2 2
2 14
5 6
8 13
5 15
