15 11
8 4 -2 9 4 1 7 -9 -3 9 -8 
11 8 -7 7 7 11 4 10 -5 -1 -3 
-3 6 11 -4 10 9 1 4 8 10 1 
2 3 -11 -1 11 6 -10 -6 5 -1 -4 
5 4 -4 4 2 2 -5 4 -8 -1 4 
-8 1 2 3 5 10 2 3 8 8 11 
6 11 7 -8 -2 8 5 4 11 3 4 
8 -1 10 -9 -2 9 -2 -9 10 -1 8 
4 3 11 4 5 8 -2 -8 7 11 6 
11 8 8 3 2 10 5 3 2 1 -8 
4 -1 -8 4 -5 2 2 4 -4 4 5 
-4 -1 5 -6 -10 6 11 -1 -11 3 2 
1 10 8 4 1 9 10 -4 11 6 -3 
-3 -1 -5 10 4 11 7 7 -7 8 11 
-8 9 -3 -9 7 1 4 9 -2 4 8 
49
3
3 8
4 0
10 1
11 2
10 10
4 9
6
12 0 13
7 6 10
0 2 11
2 10 13
7 4 10
14 8 11
10
1 10
3 0
3 9
14 4
0 9
13 0
11 10
11 1
0 6
14 1
