12 20
3 3 -4 -1 1 -2 -1 2 -2 0 4 -1 -3 2 -2 2 2 3 -1 -4 
1 -4 -4 3 2 4 -1 2 -2 4 2 -2 4 -2 3 1 1 3 0 4 
-3 0 1 4 3 3 3 2 2 4 1 2 3 -3 -4 1 0 -3 4 0 
1 -2 3 0 3 1 1 1 3 -1 3 4 1 -2 3 4 -2 2 -4 4 
-4 0 4 3 -4 -4 2 0 0 4 2 1 1 -2 -1 2 2 2 1 4 
4 3 3 2 -4 1 1 -4 0 3 3 2 0 -2 4 4 0 3 -3 2 
2 -3 3 0 4 4 -2 0 2 3 3 0 -4 1 1 -4 2 3 3 4 
4 1 2 2 2 -1 -2 1 1 2 4 0 0 2 -4 -4 3 4 0 -4 
4 -4 2 -2 4 3 -2 1 4 3 -1 3 1 1 1 3 0 3 -2 1 
0 4 -3 0 1 -4 -3 3 2 1 4 2 2 3 3 3 4 1 0 -3 
4 0 3 1 1 3 -2 4 -2 2 4 -2 2 -1 4 2 3 -4 -4 1 
-4 -1 3 2 2 -2 2 -3 -1 4 0 -2 2 -1 -2 1 -1 -4 3 3 
46
8
8 10
1 9
0 1
6 14
5 6
6 1
5 11
8 0
3 9
10 10
11 18
5 5
6 13
5 18
6 8
3 19
6
3 6 15
8 5 9
0 10 9
8 13 15
3 14 9
11 9 9
22
7 0
9 14
11 7
2 18
2 11
0 17
3 1
6 4
5 9
4 13
7 16
4 19
2 5
0 12
9 1
9 8
11 2
8 18
5 15
6 10
7 6
4 3
