17 15
3 14 -8 17 -4 13 23 4 11 0 -14 -16 19 -21 4 
-21 16 2 12 22 4 -23 18 -5 9 -23 0 12 1 16 
1 4 22 0 11 11 18 7 9 10 -13 12 -2 13 23 
-20 15 -2 5 1 21 5 16 17 17 22 4 10 -11 5 
2 -14 20 17 22 -10 6 5 19 -8 3 -20 0 16 2 
-23 9 2 6 5 5 3 -10 18 18 6 0 3 1 20 
-23 22 5 2 -8 1 -3 19 -9 19 18 12 22 -16 7 
17 -11 3 -21 11 -12 -19 18 -14 23 -18 -6 0 21 16 
7 -11 9 -4 23 23 10 22 10 23 23 -4 9 -11 7 
16 21 0 -6 -18 23 -14 18 -19 -12 11 -21 3 -11 17 
7 -16 22 12 18 19 -9 19 -3 1 -8 2 5 22 -23 
20 1 3 0 6 18 18 -10 3 5 5 6 2 9 -23 
2 16 0 -20 3 -8 19 5 6 -10 22 17 20 -14 2 
5 -11 10 4 22 17 17 16 5 21 1 5 -2 15 -20 
23 13 -2 12 -13 10 9 7 18 11 11 0 22 4 1 
16 1 12 0 -23 9 -5 18 -23 4 22 12 2 16 -21 
4 -21 19 -16 -14 0 11 4 23 13 -4 17 -8 14 3 
57
2
7 2
11 10
9 12
5 4
18
8 10 14
8 9 15
16 13 12
13 3 13
4 14 12
7 1 14
15 6 15
13 2 8
1 13 8
8 4 14
8 5 15
0 1 12
3 11 13
12 0 12
9 13 14
1 8 15
3 12 8
15 1 8
16
11 4
12 9
4 6
3 0
0 14
9 0
14 2
9 14
5 10
4 5
12 8
13 14
16 0
7 14
2 12
7 0
