20 20
7 2 1 11 7 12 5 8 3 5 4 7 -9 1 2 12 6 8 8 8 
4 -12 2 -3 2 1 -7 9 12 2 8 -10 3 11 6 0 5 -3 10 12 
3 2 2 -8 7 -6 -3 9 -2 4 -5 11 6 7 2 -3 5 2 11 1 
1 4 -8 1 6 4 5 11 -11 11 10 10 4 8 8 2 5 7 2 7 
-8 5 9 10 8 3 -2 11 7 6 2 0 5 0 6 11 9 7 -12 -7 
3 -1 5 3 -12 8 0 -12 6 0 6 10 11 1 -12 -7 11 -11 6 10 
-1 1 11 12 4 6 5 7 7 -9 11 10 -4 3 3 -1 10 5 0 -4 
9 0 -1 2 -4 2 -3 4 6 12 -4 1 -10 4 7 1 8 8 4 10 
8 2 5 4 2 3 11 2 10 4 3 2 9 -7 4 7 4 8 -8 -1 
10 -12 11 9 -5 7 10 1 3 1 1 3 7 9 10 9 8 9 3 6 
6 3 9 8 9 10 9 7 3 1 1 3 1 10 7 -5 9 11 -12 10 
-1 -8 8 4 7 4 -7 9 2 3 4 10 2 11 3 2 4 5 2 8 
10 4 8 8 1 7 4 -10 1 -4 12 6 4 -3 2 -4 2 -1 0 9 
-4 0 5 10 -1 3 3 -4 10 11 -9 7 7 5 6 4 12 11 1 -1 
10 6 -11 11 -7 -12 1 11 10 6 0 6 -12 0 8 -12 3 5 -1 3 
-7 -12 7 9 11 6 0 5 0 2 6 7 11 -2 3 8 10 9 5 -8 
7 2 7 5 2 8 8 4 10 10 11 -11 11 5 4 6 1 -8 4 1 
1 11 2 5 -3 2 7 6 11 -5 4 -2 9 -3 -6 7 -8 2 2 3 
12 10 -3 5 0 6 11 3 -10 8 2 12 9 -7 1 2 -3 2 -12 4 
8 8 8 6 12 2 1 -9 7 4 5 3 8 5 12 7 11 1 2 7 
42
5
15 17
17 8
0 4
18 7
16 14
4 2
2 11
19 15
1 12
3 5
10
15 19 14
15 4 14
8 11 12
15 12 16
2 18 13
4 0 14
4 15 14
11 8 12
4 7 16
17 1 13
0
