12 10
10 14 10 14 9 16 14 11 12 -1 
11 20 15 6 9 20 -11 4 -2 18 
-9 -17 -5 8 10 14 -9 12 -16 -9 
12 -15 18 18 11 15 15 20 14 20 
8 7 20 19 1 15 6 10 7 1 
-19 18 20 -16 17 17 7 -10 -8 15 
15 -8 -10 7 17 17 -16 20 18 -19 
1 7 10 6 15 1 19 20 7 8 
20 14 20 15 15 11 18 18 -15 12 
-9 -16 12 -9 14 10 8 -5 -17 -9 
18 -2 4 -11 20 9 6 15 20 11 
-1 12 11 14 16 9 14 10 14 10 
57
4
7 3
8 2
6 7
5 9
4 6
3 7
5 2
6 0
18
11 3 10
11 1 13
7 6 13
2 1 11
1 6 13
7 9 16
9 3 14
1 4 15
5 1 13
0 6 10
0 8 13
4 3 13
9 8 11
10 3 13
4 0 16
2 6 14
10 5 15
6 8 13
10
9 5
5 3
11 7
10 1
2 3
2 4
6 6
0 2
1 8
9 6
