13 16
10 6 -3 -5 8 4 7 -8 4 -9 14 -13 7 10 1 10 
0 7 9 -12 -6 4 -12 5 9 -12 16 -9 8 -12 1 -13 
13 -9 11 12 16 -2 4 12 2 1 16 1 12 -7 7 1 
1 -1 10 7 10 8 11 14 15 7 4 -6 9 -2 4 12 
-4 0 4 1 1 -14 14 4 -5 -14 8 -16 12 8 2 2 
1 -13 12 16 3 5 -10 6 -9 12 -3 7 12 10 6 -10 
4 12 10 9 12 -10 3 8 8 3 -10 12 9 10 12 4 
-10 6 10 12 7 -3 12 -9 6 -10 5 3 16 12 -13 1 
2 2 8 12 -16 8 -14 -5 4 14 -14 1 1 4 0 -4 
12 4 -2 9 -6 4 7 15 14 11 8 10 7 10 -1 1 
1 7 -7 12 1 16 1 2 12 4 -2 16 12 11 -9 13 
-13 1 -12 8 -9 16 -12 9 5 -12 4 -6 -12 9 7 0 
10 1 10 7 -13 14 -9 4 -8 7 4 8 -5 -3 6 10 
42
7
9 2
7 11
0 15
12 10
10 13
7 9
11 6
3 13
5 4
12 0
0 5
2 2
5 6
1 9
18
6 14 14
7 8 8
1 5 16
6 9 14
3 5 14
2 14 13
12 2 15
8 15 15
5 15 14
6 1 14
5 7 8
11 10 16
6 6 14
9 10 14
10 1 13
0 13 15
4 0 15
7 0 14
16
10 2
2 6
0 3
8 2
8 1
12 14
11 0
9 0
2 13
10 9
12 12
4 13
4 14
0 1
1 15
3 15
