19 19
6 0 13 12 4 12 10 2 10 13 11 2 3 10 11 10 8 -10 -13 
12 2 0 4 1 4 13 5 10 9 5 3 6 11 12 6 5 10 6 
-10 7 7 2 -11 -1 -1 7 4 7 3 1 -10 12 13 0 11 13 -5 
4 13 -11 -4 2 -10 3 -7 3 4 1 12 2 5 11 5 6 13 1 
12 5 7 2 8 5 9 4 8 -7 -8 5 -1 4 11 9 -5 0 -8 
-6 1 0 9 8 7 -5 4 -13 -8 -1 13 8 5 -6 7 10 -5 4 
5 2 6 2 11 4 11 -7 1 13 5 12 -4 -7 6 -12 13 8 7 
-7 0 9 7 6 8 5 2 -5 -2 8 1 8 10 -6 -4 11 -4 3 
1 13 9 0 8 -12 -7 8 0 2 -1 4 10 7 -12 0 13 5 10 
4 -6 -12 7 9 -5 7 5 13 12 13 5 7 -5 9 7 -12 -6 4 
10 5 13 0 -12 7 10 4 -1 2 0 8 -7 -12 8 0 9 13 1 
3 -4 11 -4 -6 10 8 1 8 -2 -5 2 5 8 6 7 9 0 -7 
7 8 13 -12 6 -7 -4 12 5 13 1 -7 11 4 11 2 6 2 5 
4 -5 10 7 -6 5 8 13 -1 -8 -13 4 -5 7 8 9 0 1 -6 
-8 0 -5 9 11 4 -1 5 -8 -7 8 4 9 5 8 2 7 5 12 
1 13 6 5 11 5 2 12 1 4 3 -7 3 -10 2 -4 -11 13 4 
-5 13 11 0 13 12 -10 1 3 7 4 7 -1 -1 -11 2 7 7 -10 
6 10 5 6 12 11 6 3 5 9 10 5 13 4 1 4 0 2 12 
-13 -10 8 10 11 10 3 2 11 13 10 2 10 12 4 12 13 0 6 
57
4
2 0
16 17
12 9
17 10
16 18
2 1
6 9
1 8
16
6 14 16
10 7 11
7 0 8
1 13 14
6 8 13
5 6 9
17 13 8
6 1 8
12 4 16
8 11 11
11 18 8
17 5 14
12 10 13
13 12 9
1 5 8
12 17 8
28
15 9
11 13
0 18
1 12
12 16
0 17
9 8
0 1
16 12
0 11
6 4
15 2
18 4
11 6
3 9
7 5
18 0
17 6
6 2
18 1
9 10
18 17
2 6
18 7
12 14
3 16
0 14
7 12
