11 20
7 5 -2 -6 0 9 -8 -4 -6 9 0 -3 1 4 4 2 -8 4 5 6 
4 6 -4 3 8 7 1 4 1 6 -4 1 -9 1 4 -2 4 8 -6 5 
-1 6 -9 1 -9 -5 6 4 6 0 7 8 8 7 -7 9 -2 4 6 8 
6 9 6 2 2 2 4 7 9 2 9 9 -7 1 -9 -6 -8 3 2 -4 
-4 8 9 4 5 8 9 -6 2 5 2 -4 0 8 5 9 8 -9 0 3 
7 2 6 -2 -3 4 -9 6 2 6 6 2 6 -9 4 -3 -2 6 2 7 
3 0 -9 8 9 5 8 0 -4 2 5 2 -6 9 8 5 4 9 8 -4 
-4 2 3 -8 -6 -9 1 -7 9 9 2 9 7 4 2 2 2 6 9 6 
8 6 4 -2 9 -7 7 8 8 7 0 6 4 6 -5 -9 1 -9 6 -1 
5 -6 8 4 -2 4 1 -9 1 -4 6 1 4 1 7 8 3 -4 6 4 
6 5 4 -8 2 4 4 1 -3 0 9 -6 -4 -8 9 0 -6 -2 5 7 
40
5
3 0
4 13
1 10
7 10
10 1
7 19
6 6
9 9
3 9
0 18
18
7 3 11
7 11 14
1 7 16
4 15 10
7 9 15
10 15 10
7 6 12
0 17 12
1 2 12
3 16 11
3 8 14
9 12 16
6 4 10
3 10 15
0 4 10
3 13 12
10 2 12
9 17 12
16
1 16
10 6
6 17
2 6
2 5
9 0
7 1
4 19
9 3
0 13
4 2
8 13
8 14
1 19
3 18
6 0
