14 14
15 21 6 15 3 8 20 2 14 22 -22 6 22 19 
9 8 21 9 17 4 1 0 -16 11 2 -1 -8 -16 
14 9 14 17 15 -14 2 24 23 15 2 9 9 10 
17 14 -12 2 0 13 3 5 -5 15 19 7 7 -13 
20 20 -22 12 -3 10 17 17 12 19 2 13 0 17 
16 15 24 13 4 0 -15 -21 -22 10 -12 10 -20 -22 
-22 15 8 14 12 -3 2 20 9 11 18 8 17 15 
15 17 8 18 11 9 20 2 -3 12 14 8 15 -22 
-22 -20 10 -12 10 -22 -21 -15 0 4 13 24 15 16 
17 0 13 2 19 12 17 17 10 -3 12 -22 20 20 
-13 7 7 19 15 -5 5 3 13 0 2 -12 14 17 
10 9 9 2 15 23 24 2 -14 15 17 14 9 14 
-16 -8 -1 2 11 -16 0 1 4 17 9 21 8 9 
19 22 6 -22 22 14 2 20 8 3 15 6 21 15 
39
6
2 10
10 6
3 13
3 4
5 12
11 7
11 3
3 7
10 0
10 9
8 1
2 6
12
2 9 8
10 2 12
0 2 10
8 6 11
2 4 8
8 12 15
11 4 8
3 11 12
13 11 10
5 7 11
11 9 8
5 1 15
16
9 7
8 11
9 2
11 8
0 12
4 12
12 8
1 4
4 6
5 2
4 11
2 5
13 1
9 1
1 5
12 9
