11 17
-9 4 9 11 13 12 15 5 -8 12 12 -13 5 11 14 10 13 
7 -2 7 3 13 6 6 4 10 5 4 15 -2 1 -2 11 1 
0 7 10 12 15 15 4 -3 5 -3 5 1 15 14 13 11 3 
5 4 5 5 8 2 1 9 9 11 6 11 1 -8 5 14 13 
-9 1 7 -6 13 11 -11 10 -14 -1 0 12 12 5 12 11 6 
-1 3 -5 5 8 9 15 4 14 4 15 9 8 5 -5 3 -1 
6 11 12 5 12 12 0 -1 -14 10 -11 11 13 -6 7 1 -9 
13 14 5 -8 1 11 6 11 9 9 1 2 8 5 5 4 5 
3 11 13 14 15 1 5 -3 5 -3 4 15 15 12 10 7 0 
1 11 -2 1 -2 15 4 5 10 4 6 6 13 3 7 -2 7 
13 10 14 11 5 -13 12 12 -8 5 15 12 13 11 9 4 -9 
53
7
8 13
1 7
6 1
1 4
3 2
5 16
2 10
2 3
9 9
4 15
9 12
7 14
5 0
8 6
10
0 10 16
7 4 12
2 8 8
5 9 14
3 8 10
10 6 16
3 12 12
8 8 8
5 7 14
7 8 10
12
10 7
4 6
4 5
4 14
10 0
4 10
0 9
6 10
6 11
6 2
0 16
6 6
