20 20
-1 6 -7 5 4 3 5 1 5 -7 -5 5 -5 5 7 -2 -2 4 3 2 
1 6 -7 7 4 7 -2 5 -4 3 6 6 -5 5 5 1 6 0 2 3 
2 1 6 1 5 -4 4 5 7 -5 -4 3 6 2 5 6 2 0 3 -7 
6 6 2 3 1 5 -6 0 6 0 -5 1 3 4 3 0 2 3 7 -4 
1 0 -5 -3 5 7 -2 1 5 1 3 -6 -7 -2 5 -5 6 -2 6 0 
0 -7 4 -3 -1 -7 5 4 5 6 4 4 4 1 2 4 -3 2 6 0 
3 0 -1 6 3 1 3 5 3 -6 -5 4 3 3 6 -7 -1 6 1 2 
-6 2 4 4 -5 7 4 6 1 -4 1 6 5 -6 7 3 3 1 4 7 
0 7 7 -2 1 1 -2 4 -6 5 6 2 5 2 6 1 6 -5 -3 -3 
6 2 1 6 5 1 -4 6 4 -5 4 4 -4 -1 1 -7 2 6 6 -7 
-7 6 6 2 -7 1 -1 -4 4 4 -5 4 6 -4 1 5 6 1 2 6 
-3 -3 -5 6 1 6 2 5 2 6 5 -6 4 -2 1 1 -2 7 7 0 
7 4 1 3 3 7 -6 5 6 1 -4 1 6 4 7 -5 4 4 2 -6 
2 1 6 -1 -7 6 3 3 4 -5 -6 3 5 3 1 3 6 -1 0 3 
0 6 2 -3 4 2 1 4 4 4 6 5 4 5 -7 -1 -3 4 -7 0 
0 6 -2 6 -5 5 -2 -7 -6 3 1 5 1 -2 7 5 -3 -5 0 1 
-4 7 3 2 0 3 4 3 1 -5 0 6 0 -6 5 1 3 2 6 6 
-7 3 0 2 6 5 2 6 3 -4 -5 7 5 4 -4 5 1 6 1 2 
3 2 0 6 1 5 5 -5 6 6 3 -4 5 -2 7 4 7 -7 6 1 
2 3 4 -2 -2 7 5 -5 5 -5 -7 5 1 5 3 4 5 -7 6 -1 
52
7
18 6
13 9
11 0
17 5
2 5
7 15
13 3
1 13
6 10
8 19
2 14
17 14
12 4
6 16
16
5 0 8
2 11 11
0 10 8
5 15 9
19 3 8
14 7 9
13 2 12
19 12 16
14 19 8
17 8 11
19 9 8
14 4 9
0 16 8
5 12 9
6 17 12
0 7 16
0
