11 12
5 0 5 -2 -4 4 1 -3 2 -4 3 4 
2 3 -1 5 3 4 3 2 -2 -4 2 2 
0 4 4 -2 -3 -3 1 5 3 0 0 1 
3 5 4 2 3 2 -2 -1 0 4 2 5 
-4 4 2 4 2 -4 5 5 1 3 -3 -1 
5 5 4 0 5 4 4 5 0 4 5 5 
-1 -3 3 1 5 5 -4 2 4 2 4 -4 
5 2 4 0 -1 -2 2 3 2 4 5 3 
1 0 0 3 5 1 -3 -3 -2 4 4 0 
2 2 -4 -2 2 3 4 3 5 -1 3 2 
4 3 -4 2 -3 1 4 -4 -2 5 0 5 
32
8
7 10
7 1
0 2
1 3
4 3
7 2
7 8
10 0
3 1
3 10
10 9
9 8
6 8
3 9
3 3
0 11
14
10 1 10
3 4 10
0 4 16
1 5 16
8 4 11
6 9 13
4 11 15
0 10 10
7 7 10
10 7 16
9 6 16
2 7 11
4 2 13
6 0 15
10
5 8
8 6
1 8
2 3
8 2
5 3
2 5
9 3
8 8
2 9
