19 20
-7 17 3 22 6 12 -20 3 15 -4 19 4 15 11 6 6 18 5 9 2 
-5 -4 11 9 19 19 17 21 10 19 -4 10 8 12 14 8 16 0 11 18 
1 -18 8 17 21 12 23 -3 8 13 16 3 -10 15 0 21 23 4 5 -14 
17 16 1 9 21 -21 2 7 16 -9 15 11 -3 -5 7 17 8 22 -22 22 
23 15 15 11 1 -15 -16 19 12 11 6 22 22 4 21 20 9 3 -23 -14 
1 5 -19 4 10 19 0 23 11 4 23 12 4 23 18 20 -16 15 3 19 
12 14 4 4 2 19 -23 2 -13 -21 7 22 7 22 -18 2 21 -10 -7 -12 
19 3 18 -13 3 3 -10 5 16 7 1 3 -6 19 8 6 7 13 2 2 
16 17 3 10 1 15 2 7 -4 5 0 13 2 9 4 -13 9 17 18 -6 
3 -11 -23 -11 12 -10 -2 17 23 15 15 23 17 -2 -10 12 -11 -23 -11 3 
-6 18 17 9 -13 4 9 2 13 0 5 -4 7 2 15 1 10 3 17 16 
2 2 13 7 6 8 19 -6 3 1 7 16 5 -10 3 3 -13 18 3 19 
-12 -7 -10 21 2 -18 22 7 22 7 -21 -13 2 -23 19 2 4 4 14 12 
19 3 15 -16 20 18 23 4 12 23 4 11 23 0 19 10 4 -19 5 1 
-14 -23 3 9 20 21 4 22 22 6 11 12 19 -16 -15 1 11 15 15 23 
22 -22 22 8 17 7 -5 -3 11 15 -9 16 7 2 -21 21 9 1 16 17 
-14 5 4 23 21 0 15 -10 3 16 13 8 -3 23 12 21 17 8 -18 1 
18 11 0 16 8 14 12 8 10 -4 19 10 21 17 19 19 9 11 -4 -5 
2 9 5 18 6 6 11 15 4 19 -4 15 3 -20 12 6 22 3 17 -7 
54
4
16 17
9 14
13 5
12 7
2 2
9 5
5 14
6 12
8
12 15 12
13 16 12
17 0 14
9 1 15
6 4 12
5 3 12
1 19 14
9 18 15
34
8 3
15 2
12 11
0 5
18 19
11 6
8 18
18 8
11 13
16 13
12 3
13 0
2 9
12 16
2 5
14 16
9 16
10 16
3 17
6 8
18 14
0 0
7 13
10 1
0 11
7 6
2 6
6 16
5 19
16 10
6 3
16 14
4 3
9 3
