11 16
5 2 0 0 5 2 5 2 3 -5 -4 4 -3 1 0 1 
0 4 -2 -3 5 2 -2 3 5 -1 -1 2 -5 -4 -3 1 
5 -1 -5 5 2 3 2 1 0 5 -5 5 5 1 1 -2 
5 5 4 -3 -2 0 5 0 0 -3 4 2 5 5 0 1 
4 5 5 1 4 -2 1 -2 3 1 4 0 -1 -5 0 -3 
2 5 4 -5 1 3 1 2 2 1 3 1 -5 4 5 2 
-3 0 -5 -1 0 4 1 3 -2 1 -2 4 1 5 5 4 
1 0 5 5 2 4 -3 0 0 5 0 -2 -3 4 5 5 
-2 1 1 5 5 -5 5 0 1 2 3 2 5 -5 -1 5 
1 -3 -4 -5 2 -1 -1 5 3 -2 2 5 -3 -2 4 0 
1 0 1 -3 4 -4 -5 3 2 5 2 5 0 0 2 5 
48
2
1 0
9 11
9 15
1 4
16
0 6 10
0 13 14
7 10 14
4 14 12
7 4 11
10 6 11
0 8 9
0 7 9
10 9 10
10 2 14
3 5 14
6 1 12
3 11 11
0 9 11
10 7 9
10 8 9
10
10 14
7 11
6 5
10 1
7 0
0 1
3 4
4 10
0 14
3 15
