10 10
16 5 -5 10 16 3 16 19 -9 25 
-7 10 0 13 25 -2 21 -20 -14 1 
17 21 14 -18 19 9 -11 6 16 -8 
8 17 17 23 18 23 17 -21 24 11 
1 -17 24 13 19 -10 12 -4 21 24 
24 21 -4 12 -10 19 13 24 -17 1 
11 24 -21 17 23 18 23 17 17 8 
-8 16 6 -11 9 19 -18 14 21 17 
1 -14 -20 21 -2 25 13 0 10 -7 
25 -9 19 16 3 16 10 -5 5 16 
33
8
5 7
9 1
7 8
1 3
0 3
9 0
4 5
1 7
4 2
0 8
2 1
8 6
9 6
0 9
5 4
8 2
12
6 7 11
6 9 12
7 1 15
6 8 10
9 2 14
3 6 8
3 2 11
3 0 12
2 8 15
3 1 10
0 7 14
6 3 8
10
5 1
0 5
4 7
2 3
1 0
4 8
9 4
5 2
7 6
8 9
