16 20
-1 3 1 0 2 1 3 2 -1 3 1 0 1 0 2 3 -1 0 0 3 
2 -2 2 0 3 0 1 2 -1 -1 0 -1 3 -1 1 2 -1 1 2 1 
0 -3 1 3 0 3 2 -1 2 -3 0 1 -3 0 0 3 2 2 1 -3 
0 1 3 -3 -1 3 -3 1 1 0 1 0 3 2 2 3 2 2 0 0 
3 2 1 3 2 1 -3 1 2 0 0 2 1 -2 3 1 3 3 3 -2 
-3 3 3 3 1 0 2 1 3 1 -2 -2 1 1 2 -1 1 3 -1 0 
1 3 2 1 1 2 -1 -3 1 -2 1 2 2 -2 3 3 3 3 -3 2 
-3 1 0 1 -2 -3 1 2 2 2 -3 3 1 0 3 1 -1 3 -3 0 
0 -3 3 -1 1 3 0 1 3 -3 2 2 2 1 -3 -2 1 0 1 -3 
2 -3 3 3 3 3 -2 2 2 1 -2 1 -3 -1 2 1 1 2 3 1 
0 -1 3 1 -1 2 1 1 -2 -2 1 3 1 2 0 1 3 3 3 -3 
-2 3 3 3 1 3 -2 1 2 0 0 2 1 -3 1 2 3 1 2 3 
0 0 2 2 3 2 2 3 0 1 0 1 1 -3 3 -1 -3 3 1 0 
-3 1 2 2 3 0 0 -3 1 0 -3 2 -1 2 3 0 3 1 -3 0 
1 2 1 -1 2 1 -1 3 -1 0 -1 -1 2 1 0 3 0 2 -2 2 
3 0 0 -1 3 2 0 1 0 1 3 -1 2 3 1 2 0 1 3 -1 
59
7
5 13
15 5
4 18
15 13
3 13
13 4
7 16
10 6
0 14
11 1
0 6
12 6
2 15
8 3
8
13 18 16
2 16 13
14 3 11
9 7 13
2 1 16
13 3 13
1 16 11
6 12 13
30
9 18
1 7
12 14
1 0
6 18
9 14
4 15
0 7
8 9
10 8
9 12
0 11
8 7
10 0
7 1
6 1
14 12
3 5
14 19
9 1
6 5
11 4
15 12
7 10
5 11
6 7
15 8
7 12
5 19
8 18
