12 19
6 3 2 6 4 -1 3 4 -3 -1 -2 -3 3 3 1 7 4 7 6 
2 -1 1 -5 6 7 2 4 6 4 -6 -5 -2 3 7 -1 1 1 -2 
1 0 2 1 1 4 1 1 4 -1 3 3 3 0 5 2 -1 4 0 
0 6 2 6 3 7 -2 -5 5 5 5 2 1 1 6 3 4 2 6 
5 7 4 -7 3 4 1 4 5 1 7 3 2 5 6 1 1 7 7 
4 5 0 2 4 1 6 -2 4 3 6 1 2 6 -4 7 -4 1 6 
6 1 -4 7 -4 6 2 1 6 3 4 -2 6 1 4 2 0 5 4 
7 7 1 1 6 5 2 3 7 1 5 4 1 4 3 -7 4 7 5 
6 2 4 3 6 1 1 2 5 5 5 -5 -2 7 3 6 2 6 0 
0 4 -1 2 5 0 3 3 3 -1 4 1 1 4 1 1 2 0 1 
-2 1 1 -1 7 3 -2 -5 -6 4 6 4 2 7 6 -5 1 -1 2 
6 7 4 7 1 3 3 -3 -2 -1 -3 4 3 -1 4 6 2 3 6 
56
7
2 3
6 2
11 7
2 9
2 18
3 6
2 13
9 15
5 16
0 11
9 9
9 0
8 12
9 5
18
1 6 13
5 13 15
3 16 15
4 5 9
9 10 12
10 9 11
9 6 14
11 0 14
10 14 15
10 12 13
6 5 15
8 2 15
7 13 9
2 8 12
1 9 11
2 12 14
0 18 14
1 4 15
18
10 7
1 14
3 17
0 17
6 9
0 12
11 12
3 12
0 15
1 11
10 4
8 1
11 1
5 9
11 6
0 6
8 6
11 3
