12 20
-20 5 18 2 13 -25 -8 -20 0 6 25 25 24 10 9 -22 19 -20 9 -4 
23 19 -6 24 -18 -25 -26 8 22 -12 22 15 -13 -5 11 -27 0 23 8 6 
20 11 -12 15 -12 6 9 20 -5 -21 1 8 2 -17 20 6 19 26 23 -19 
23 -6 20 -7 -19 14 2 -6 2 -2 0 8 -8 14 6 -6 22 -24 20 24 
14 21 21 -24 1 5 -17 4 12 24 -13 6 17 23 3 24 18 3 9 23 
-11 23 21 25 6 -10 27 7 22 20 -14 3 3 7 -14 18 19 1 -22 -8 
-8 -22 1 19 18 -14 7 3 3 -14 20 22 7 27 -10 6 25 21 23 -11 
23 9 3 18 24 3 23 17 6 -13 24 12 4 -17 5 1 -24 21 21 14 
24 20 -24 22 -6 6 14 -8 8 0 -2 2 -6 2 14 -19 -7 20 -6 23 
-19 23 26 19 6 20 -17 2 8 1 -21 -5 20 9 6 -12 15 -12 11 20 
6 8 23 0 -27 11 -5 -13 15 22 -12 22 8 -26 -25 -18 24 -6 19 23 
-4 9 -20 19 -22 9 10 24 25 25 6 0 -20 -8 -25 13 2 18 5 -20 
30
6
6 8
11 12
1 10
4 5
2 4
2 12
5 11
0 7
10 9
7 14
9 15
9 7
18
7 12 8
7 13 12
7 9 12
9 18 12
0 3 14
9 8 9
7 5 15
6 19 12
8 16 13
4 7 8
4 6 12
4 10 12
2 1 12
11 16 14
2 11 9
4 14 15
5 0 12
3 3 13
24
3 4
10 19
10 13
8 2
9 5
10 18
5 18
1 7
7 19
9 14
8 14
6 7
8 15
1 0
1 6
3 17
2 14
1 1
6 1
10 12
4 0
2 5
3 5
5 12
