20 20
5 2 -6 11 12 6 8 1 -9 9 10 -2 11 0 6 11 -4 5 -7 1 
9 5 8 7 -5 2 -5 0 11 11 2 -8 8 12 1 0 1 -4 -4 2 
8 1 -1 0 9 9 3 8 9 6 2 -12 1 12 9 5 6 6 10 12 
7 4 3 -9 -2 3 -12 5 -9 -8 7 6 3 7 2 9 9 1 6 12 
8 8 8 7 4 -2 -6 12 1 12 2 0 -7 8 3 0 11 12 11 5 
12 11 6 12 7 11 5 2 -8 10 9 8 1 0 12 3 11 4 0 12 
-2 2 10 10 4 6 -9 5 -11 9 -10 2 4 4 -7 -4 3 6 5 -4 
12 11 3 -9 -2 7 5 8 4 4 -6 9 12 -1 6 1 11 -9 6 -3 
6 6 7 11 4 8 0 7 7 5 -12 7 0 -11 11 9 7 12 8 1 
-11 -7 -7 2 1 -6 10 -1 0 0 10 12 -5 9 4 7 6 -8 9 -7 
-7 9 -8 6 7 4 9 -5 12 10 0 0 -1 10 -6 1 2 -7 -7 -11 
1 8 12 7 9 11 -11 0 7 -12 5 7 7 0 8 4 11 7 6 6 
-3 6 -9 11 1 6 -1 12 9 -6 4 4 8 5 7 -2 -9 3 11 12 
-4 5 6 3 -4 -7 4 4 2 -10 9 -11 5 -9 6 4 10 10 2 -2 
12 0 4 11 3 12 0 1 8 9 10 -8 2 5 11 7 12 6 11 12 
5 11 12 11 0 3 8 -7 0 2 12 1 12 -6 -2 4 7 8 8 8 
12 6 1 9 9 2 7 3 6 7 -8 -9 5 -12 3 -2 -9 3 4 7 
12 10 6 6 5 9 12 1 -12 2 6 9 8 3 9 9 0 -1 1 8 
2 -4 -4 1 0 1 12 8 -8 2 11 11 0 -5 2 -5 7 8 5 9 
1 -7 5 -4 11 6 0 11 -2 10 9 -9 1 8 6 12 11 -6 2 5 
55
4
19 15
15 5
14 7
7 16
0 4
4 14
5 12
12 3
6
5 3 10
14 6 12
8 5 9
14 16 10
5 13 12
11 14 9
0
