19 14
4 -12 -8 0 12 1 6 3 1 -5 7 8 -3 -6 
7 8 10 8 -9 11 -8 11 5 7 0 7 2 11 
11 12 7 0 12 0 6 3 3 8 7 2 -11 5 
8 9 1 -3 11 0 8 5 5 6 4 -11 -1 7 
3 0 -3 0 2 1 2 2 -4 3 0 12 7 8 
6 10 6 10 2 -11 -6 12 5 1 2 4 -2 10 
0 3 3 9 4 0 -7 -7 -3 0 -7 1 2 -5 
4 8 -5 7 9 7 4 1 5 8 1 1 10 0 
-12 8 7 6 6 4 5 11 5 2 11 10 4 -5 
5 2 -10 12 11 8 2 2 8 11 12 -10 2 5 
-5 4 10 11 2 5 11 5 4 6 6 7 8 -12 
0 10 1 1 8 5 1 4 7 9 7 -5 8 4 
-5 2 1 -7 0 -3 -7 -7 0 4 9 3 3 0 
10 -2 4 2 1 5 12 -6 -11 2 10 6 10 6 
8 7 12 0 3 -4 2 2 1 2 0 -3 0 3 
7 -1 -11 4 6 5 5 8 0 11 -3 1 9 8 
5 -11 2 7 8 3 3 6 0 12 0 7 12 11 
11 2 7 0 7 5 11 -8 11 -9 8 10 8 7 
-6 -3 8 7 -5 1 3 6 1 12 0 -8 -12 4 
34
5
15 10
6 5
15 8
13 9
14 4
3 3
12 8
3 5
5 4
4 9
6
14 11 8
10 0 8
11 5 12
4 2 8
8 13 8
7 8 12
20
18 7
17 10
1 6
9 4
16 7
2 5
13 7
12 2
0 11
3 4
0 6
1 3
17 7
9 9
2 6
16 8
5 6
6 11
18 2
15 9
