20 13
7 6 5 6 6 7 0 3 4 -6 -3 7 2 
2 4 7 2 5 -5 5 -2 6 0 -1 3 -6 
4 4 6 3 5 -5 4 -2 0 5 4 6 2 
7 3 0 3 7 -6 1 -2 1 7 -5 -4 4 
2 1 -1 3 5 0 1 -2 3 6 0 1 -1 
6 7 4 6 -1 3 -7 0 7 -5 1 0 -3 
-1 1 3 7 3 4 -7 6 6 4 6 -5 1 
-6 7 6 -7 -4 1 3 2 2 3 -1 7 3 
-4 0 5 7 -7 0 4 3 1 6 7 2 0 
6 1 2 6 1 -1 0 6 1 3 -2 -2 4 
4 -2 -2 3 1 6 0 -1 1 6 2 1 6 
0 2 7 6 1 3 4 0 -7 7 5 0 -4 
3 7 -1 3 2 2 3 1 -4 -7 6 7 -6 
1 -5 6 4 6 6 -7 4 3 7 3 1 -1 
-3 0 1 -5 7 0 -7 3 -1 6 4 7 6 
-1 1 0 6 3 -2 1 0 5 3 -1 1 2 
4 -4 -5 7 1 -2 1 -6 7 3 0 3 7 
2 6 4 5 0 -2 4 -5 5 3 6 4 4 
-6 3 -1 0 6 -2 5 -5 5 2 7 4 2 
2 7 -3 -6 4 3 0 7 6 6 5 6 7 
35
3
1 3
6 11
4 10
18 9
13 1
15 2
6
0 7 8
10 6 12
19 12 11
19 5 8
9 6 12
0 0 11
20
19 3
9 7
4 2
6 10
16 7
19 9
0 11
4 6
6 0
17 2
0 9
10 5
15 10
13 2
3 5
0 3
19 1
15 6
13 12
2 10
