20 20
10 9 -1 -6 -2 7 4 0 2 8 6 11 5 0 -6 3 3 7 12 8 
9 3 12 0 7 8 -10 12 5 11 7 5 -8 -8 -6 2 10 1 12 4 
10 10 7 -1 6 -5 9 0 -9 6 7 10 8 3 -3 -5 -8 10 8 8 
10 -12 -2 6 -3 -7 3 11 9 8 -1 3 -10 -11 6 10 1 5 12 4 
8 8 11 3 5 1 3 11 1 10 -11 -1 -1 2 -9 4 2 -2 5 9 
-1 -6 10 1 2 3 -7 11 -1 7 7 -4 7 -6 -10 6 9 4 -11 -3 
9 3 0 1 5 9 2 4 -10 2 11 9 7 -11 1 -6 11 11 -3 -5 
7 -4 7 -11 -12 11 -7 5 -3 -3 -1 11 0 4 -8 11 6 1 -12 8 
3 9 -1 1 8 7 10 10 3 -1 -9 2 7 4 2 6 -5 -8 4 12 
-12 6 -3 -9 -4 9 8 11 2 5 -2 12 -11 1 3 10 -3 -1 2 7 
7 2 -1 -3 10 3 1 -11 12 -2 5 2 11 8 9 -4 -9 -3 6 -12 
12 4 -8 -5 6 2 4 7 2 -9 -1 3 10 10 7 8 1 -1 9 3 
8 -12 1 6 11 -8 4 0 11 -1 -3 -3 5 -7 11 -12 -11 7 -4 7 
-5 -3 11 11 -6 1 -11 7 9 11 2 -10 4 2 9 5 1 0 3 9 
-3 -11 4 9 6 -10 -6 7 -4 7 7 -1 11 -7 3 2 1 10 -6 -1 
9 5 -2 2 4 -9 2 -1 -1 -11 10 1 11 3 1 5 3 11 8 8 
4 12 5 1 10 6 -11 -10 3 -1 8 9 11 3 -7 -3 6 -2 -12 10 
8 8 10 -8 -5 -3 3 8 10 7 6 -9 0 9 -5 6 -1 7 10 10 
4 12 1 10 2 -6 -8 -8 5 7 11 5 12 -10 8 7 0 12 3 9 
8 12 7 3 3 -6 0 5 11 6 8 2 0 4 7 -2 -6 -1 9 10 
58
8
2 6
9 12
18 0
7 10
9 7
9 11
0 14
1 5
17 13
10 7
1 19
12 9
10 12
10 8
19 5
18 14
14
18 10 16
13 7 12
9 10 9
5 16 13
3 16 10
3 0 9
13 3 10
1 9 16
6 12 12
10 9 9
14 3 13
16 3 10
16 19 9
6 16 10
0
