18 15
13 -16 10 10 14 0 3 -20 6 -18 -17 -4 16 18 5 
12 3 16 20 -3 15 9 3 6 -2 4 5 16 15 19 
19 12 13 13 4 16 -11 12 15 3 20 -1 10 -9 2 
5 -6 3 -9 19 20 12 -15 6 2 4 4 9 2 18 
6 9 19 2 17 10 5 13 1 8 -8 -2 -14 -3 13 
5 7 -3 19 19 20 8 9 13 0 3 11 7 15 5 
15 -4 2 15 3 18 -7 5 17 -2 1 19 14 0 -3 
11 17 1 6 -10 -2 -12 4 -13 5 18 6 4 4 -7 
0 13 19 11 3 8 0 12 0 -4 5 17 9 15 -4 
-4 15 9 17 5 -4 0 12 0 8 3 11 19 13 0 
-7 4 4 6 18 5 -13 4 -12 -2 -10 6 1 17 11 
-3 0 14 19 1 -2 17 5 -7 18 3 15 2 -4 15 
5 15 7 11 3 0 13 9 8 20 19 19 -3 7 5 
13 -3 -14 -2 -8 8 1 13 5 10 17 2 19 9 6 
18 2 9 4 4 2 6 -15 12 20 19 -9 3 -6 5 
2 -9 10 -1 20 3 15 12 -11 16 4 13 13 12 19 
19 15 16 5 4 -2 6 3 9 15 -3 20 16 3 12 
5 18 16 -4 -17 -18 6 -20 3 0 14 10 10 -16 13 
31
3
13 2
11 5
7 1
4 12
6 9
10 13
16
14 13 11
2 4 11
7 3 14
8 2 14
1 0 16
13 4 16
11 9 15
12 10 15
3 1 11
15 10 11
10 11 14
9 12 14
16 14 16
4 10 16
6 5 15
5 4 15
20
0 2
16 5
2 6
6 0
17 13
16 11
17 0
4 5
3 8
13 11
17 12
1 9
15 8
11 14
0 1
1 3
0 14
13 9
14 6
4 3
