16 17
7 -17 8 18 16 9 9 10 5 4 18 17 -13 8 -6 -3 1 
3 7 8 11 7 17 4 1 17 16 1 11 16 8 18 10 -13 
6 1 -16 -7 1 8 0 12 15 6 10 6 10 7 8 -3 1 
-4 -15 14 -18 -3 8 -4 14 3 7 18 14 -8 5 6 14 11 
3 10 1 -9 8 2 14 -3 7 17 0 0 9 4 -16 10 -14 
11 9 3 10 -2 6 2 -13 1 11 3 18 -9 7 -14 15 16 
5 -16 -5 0 5 13 7 7 13 5 -5 8 5 15 -5 -11 18 
15 2 5 6 3 7 4 2 -10 15 16 12 4 7 18 1 -12 
-12 1 18 7 4 12 16 15 -10 2 4 7 3 6 5 2 15 
18 -11 -5 15 5 8 -5 5 13 7 7 13 5 0 -5 -16 5 
16 15 -14 7 -9 18 3 11 1 -13 2 6 -2 10 3 9 11 
-14 10 -16 4 9 0 0 17 7 -3 14 2 8 -9 1 10 3 
11 14 6 5 -8 14 18 7 3 14 -4 8 -3 -18 14 -15 -4 
1 -3 8 7 10 6 10 6 15 12 0 8 1 -7 -16 1 6 
-13 10 18 8 16 11 1 16 17 1 4 17 7 11 8 7 3 
1 -3 -6 8 -13 17 18 4 5 10 9 9 16 18 8 -17 7 
40
5
7 1
9 15
4 8
13 16
0 5
8 15
6 1
11 8
2 0
15 11
6
8 14 15
12 0 10
9 5 16
7 2 15
3 16 10
6 11 16
22
12 15
7 11
2 14
15 12
7 0
6 4
5 11
6 8
7 12
4 2
8 12
3 1
8 5
13 2
0 4
8 16
9 12
10 5
9 8
8 4
11 14
7 4
