18 18
4 4 -2 -3 -7 -6 -3 -3 7 5 0 4 1 3 1 3 5 2 
7 1 1 7 3 2 1 4 4 -7 1 4 4 6 3 -7 5 7 
4 2 5 2 6 -4 3 4 2 5 2 3 -5 1 2 2 -2 7 
-3 4 0 3 0 2 4 3 1 6 5 -7 3 2 7 -7 0 -7 
2 4 4 -6 6 4 0 7 4 6 7 2 6 -3 4 2 4 3 
-6 2 4 2 7 6 0 0 2 7 3 -1 4 5 2 2 -5 6 
7 1 4 6 1 4 2 -2 -5 7 -2 -4 0 6 1 6 5 2 
2 5 0 4 7 2 4 4 -4 3 7 1 0 -5 -5 0 -5 3 
6 1 5 5 -6 3 4 0 2 1 -2 3 7 4 -5 7 -4 1 
1 -4 7 -5 4 7 3 -2 1 2 0 4 3 -6 5 5 1 6 
3 -5 0 -5 -5 0 1 7 3 -4 4 4 2 7 4 0 5 2 
2 5 6 1 6 0 -4 -2 7 -5 -2 2 4 1 6 4 1 7 
6 -5 2 2 5 4 -1 3 7 2 0 0 6 7 2 4 2 -6 
3 4 2 4 -3 6 2 7 6 4 7 0 4 6 -6 4 4 2 
-7 0 -7 7 2 3 -7 5 6 1 3 4 2 0 3 0 4 -3 
7 -2 2 2 1 -5 3 2 5 2 4 3 -4 6 2 5 2 4 
7 5 -7 3 6 4 4 1 -7 4 4 1 2 3 7 1 1 7 
2 5 3 1 3 1 4 0 5 7 -3 -3 -6 -7 -3 -2 4 4 
51
3
4 7
12 17
1 17
13 10
5 0
16 0
18
1 0 9
11 7 11
17 15 9
4 2 13
11 2 8
17 9 15
7 1 9
6 5 10
15 12 10
16 17 9
6 10 11
0 2 9
13 15 13
6 15 8
0 8 15
10 16 9
11 12 10
2 5 10
20
5 11
11 10
2 8
8 13
16 4
14 4
15 6
5 12
2 13
13 3
12 6
6 7
15 9
9 4
1 13
3 13
2 11
12 5
15 4
4 14
