20 20
15 7 15 -10 6 2 13 15 15 11 4 5 0 -1 9 10 13 -5 10 12 
13 -13 -3 6 15 0 16 -4 7 8 -14 -4 11 -1 12 11 4 9 11 14 
16 8 8 -10 8 3 5 -7 16 2 12 3 3 4 1 -3 7 -15 9 11 
15 -6 11 0 11 9 -14 12 4 5 8 16 6 15 4 -7 14 5 -7 -1 
1 -12 -16 -4 1 9 16 14 -5 15 -4 11 1 9 11 -1 16 3 2 7 
-10 11 10 5 1 14 5 2 1 -11 4 12 15 8 4 8 -8 0 -11 -2 
3 -12 -5 7 2 2 4 1 7 3 0 -2 12 15 7 5 -10 10 16 2 
9 4 2 -9 7 15 -7 6 2 8 2 15 3 14 -5 -3 13 14 6 14 
16 2 -13 13 -12 -2 12 14 11 10 10 11 16 16 16 0 12 3 11 6 
-13 16 9 -8 15 0 14 8 -2 4 13 -15 15 12 11 0 9 8 16 6 
6 16 8 9 0 11 12 15 -15 13 4 -2 8 14 0 15 -8 9 16 -13 
6 11 3 12 0 16 16 16 11 10 10 11 14 12 -2 -12 13 -13 2 16 
14 6 14 13 -3 -5 14 3 15 2 8 2 6 -7 15 7 -9 2 4 9 
2 16 10 -10 5 7 15 12 -2 0 3 7 1 4 2 2 7 -5 -12 3 
-2 -11 0 -8 8 4 8 15 12 4 -11 1 2 5 14 1 5 10 11 -10 
7 2 3 16 -1 11 9 1 11 -4 15 -5 14 16 9 1 -4 -16 -12 1 
-1 -7 5 14 -7 4 15 6 16 8 5 4 12 -14 9 11 0 11 -6 15 
11 9 -15 7 -3 1 4 3 3 12 2 16 -7 5 3 8 -10 8 8 16 
14 11 9 4 11 12 -1 11 -4 -14 8 7 -4 16 0 15 6 -3 -13 13 
12 10 -5 13 10 9 -1 0 5 4 11 15 15 13 2 6 -10 15 7 15 
45
3
6 9
7 9
5 4
13 10
12 10
14 15
6
8 17 8
12 19 13
17 10 13
11 2 8
7 0 13
2 9 13
34
12 15
3 19
13 12
9 14
3 2
10 3
8 10
13 6
9 8
13 1
19 5
9 11
15 17
9 0
15 5
8 4
17 18
7 4
16 0
6 7
10 5
16 17
9 16
11 9
6 13
10 11
6 18
0 14
10 8
4 2
10 19
4 14
11 15
2 1
