18 20
10 3 -11 3 13 0 7 10 11 13 11 -10 11 -1 7 11 -12 11 6 9 
8 -13 4 4 10 4 5 12 5 11 7 4 4 8 13 6 8 12 -3 -2 
6 -13 -13 9 12 -6 7 4 8 0 11 12 10 -5 0 12 5 -5 -10 9 
-1 3 7 13 -9 0 4 3 -5 2 12 3 -4 7 12 4 2 6 10 0 
7 -1 8 -3 10 -6 -8 5 8 6 11 1 0 11 3 -3 12 -2 2 7 
7 13 -1 8 -7 7 8 6 3 2 4 9 2 -7 12 11 7 4 2 10 
6 0 3 12 11 9 12 12 8 4 0 1 8 12 11 9 0 12 -11 13 
8 4 12 11 7 3 10 12 -7 6 -11 6 9 9 2 -9 -1 -5 -3 13 
6 0 4 -10 12 -1 13 -6 6 7 8 9 13 13 13 -3 10 7 10 6 
6 10 7 10 -3 13 13 13 9 8 7 6 -6 13 -1 12 -10 4 0 6 
13 -3 -5 -1 -9 2 9 9 6 -11 6 -7 12 10 3 7 11 12 4 8 
13 -11 12 0 9 11 12 8 1 0 4 8 12 12 9 11 12 3 0 6 
10 2 4 7 11 12 -7 2 9 4 2 3 6 8 7 -7 8 -1 13 7 
7 2 -2 12 -3 3 11 0 1 11 6 8 5 -8 -6 10 -3 8 -1 7 
0 10 6 2 4 12 7 -4 3 12 2 -5 3 4 0 -9 13 7 3 -1 
9 -10 -5 5 12 0 -5 10 12 11 0 8 4 7 -6 12 9 -13 -13 6 
-2 -3 12 8 6 13 8 4 4 7 11 5 12 5 4 10 4 4 -13 8 
9 6 11 -12 11 7 -1 11 -10 11 13 11 10 7 0 13 3 -11 3 10 
53
7
9 2
0 6
9 7
3 12
6 16
5 16
14 16
8 17
17 13
8 12
14 7
11 3
12 3
3 3
14
1 14 11
16 9 12
0 14 9
7 6 11
17 7 15
14 8 13
10 5 16
16 5 11
1 10 12
17 5 9
10 13 11
0 12 15
3 11 13
7 14 16
24
1 19
17 19
13 15
11 0
11 6
11 8
11 13
12 0
8 10
12 15
2 12
12 6
16 0
0 0
4 4
6 19
6 13
6 11
6 6
5 19
9 9
5 4
15 7
5 13
