16 17
3 -2 -2 4 0 1 3 5 4 1 1 -1 3 4 3 5 3 
-5 5 3 3 3 -1 -1 4 -1 3 -2 0 -3 1 1 0 2 
0 4 5 1 1 2 3 2 -2 1 0 -1 -1 4 0 1 2 
-4 -1 -5 0 -5 3 3 5 -5 1 4 4 -5 4 2 3 -5 
2 -2 2 2 4 2 -5 2 4 -2 3 5 1 -4 5 -3 5 
-4 5 3 -2 4 5 4 5 0 -2 3 -5 -3 -3 1 1 4 
5 -4 5 3 5 3 5 0 -4 4 5 0 2 -2 2 -5 3 
5 1 -2 0 1 2 -3 5 1 -1 1 -3 3 3 -5 -4 3 
3 -4 -5 3 3 -3 1 -1 1 5 -3 2 1 0 -2 1 5 
3 -5 2 -2 2 0 5 4 -4 0 5 3 5 3 5 -4 5 
4 1 1 -3 -3 -5 3 -2 0 5 4 5 4 -2 3 5 -4 
5 -3 5 -4 1 5 3 -2 4 2 -5 2 4 2 2 -2 2 
-5 3 2 4 -5 4 4 1 -5 5 3 3 -5 0 -5 -1 -4 
2 1 0 4 -1 -1 0 1 -2 2 3 2 1 1 5 4 0 
2 0 1 1 -3 0 -2 3 -1 4 -1 -1 3 3 3 5 -5 
3 5 3 4 3 -1 1 1 4 5 3 1 0 4 -2 -2 3 
40
3
7 1
12 6
6 2
8 15
3 10
9 14
12
7 9 10
6 4 15
14 16 16
12 10 13
14 0 11
2 12 10
8 7 10
9 12 15
1 0 16
3 6 13
1 16 11
13 4 10
26
0 13
10 13
11 13
10 0
7 11
10 4
12 8
7 8
5 10
0 10
2 1
7 15
4 15
15 3
5 3
4 3
5 16
8 5
5 12
3 8
8 8
10 6
15 6
13 15
8 1
11 1
