17 17
8 -8 1 -4 1 0 -5 -9 6 4 0 3 8 1 5 0 2 
0 9 8 0 5 8 3 4 9 9 0 9 7 -8 5 0 7 
9 8 3 1 8 9 8 -3 -5 1 7 1 6 5 0 6 4 
8 -1 3 3 -3 8 4 -9 -4 0 -7 8 -6 4 3 1 -8 
-3 3 9 1 -7 -5 -9 2 -1 8 3 -1 8 4 5 8 4 
-7 8 7 3 4 9 1 5 -1 9 -1 -9 3 6 4 6 3 
-1 9 4 6 7 5 0 2 8 5 8 3 -3 8 2 -4 4 
8 9 8 4 2 5 1 1 -2 -2 8 9 -4 3 5 4 9 
3 5 -4 0 2 2 8 5 3 5 8 2 2 0 -4 5 3 
9 4 5 3 -4 9 8 -2 -2 1 1 5 2 4 8 9 8 
4 -4 2 8 -3 3 8 5 8 2 0 5 7 6 4 9 -1 
3 6 4 6 3 -9 -1 9 -1 5 1 9 4 3 7 8 -7 
4 8 5 4 8 -1 3 8 -1 2 -9 -5 -7 1 9 3 -3 
-8 1 3 4 -6 8 -7 0 -4 -9 4 8 -3 3 3 -1 8 
4 6 0 5 6 1 7 1 -5 -3 8 9 8 1 3 8 9 
7 0 5 -8 7 9 0 9 9 4 3 8 5 0 8 9 0 
2 0 5 1 8 3 0 4 6 -9 -5 0 1 -4 1 -8 8 
34
3
5 14
13 10
4 16
11 2
3 6
12 0
6
15 4 13
7 15 8
0 3 12
1 12 13
9 1 8
16 13 12
20
3 7
10 5
2 13
0 7
7 13
9 16
15 14
6 0
13 7
6 1
13 9
6 11
14 3
16 9
9 3
7 0
1 2
10 16
3 9
10 15
