17 12
5 4 6 -1 -7 2 -8 1 3 5 -1 -3 
8 7 -2 6 8 -2 8 7 -5 6 1 6 
-6 2 -8 2 1 1 -6 -7 4 4 8 6 
7 6 0 3 6 -3 2 5 5 7 1 1 
3 -4 -8 5 6 7 0 4 7 7 7 4 
-5 -6 2 1 -4 0 -4 1 2 -7 3 2 
3 4 8 7 4 -6 7 8 7 -4 1 -2 
-2 7 2 1 2 4 4 4 8 5 3 8 
4 8 -2 -7 7 -8 -8 7 -7 -2 8 4 
8 3 5 8 4 4 4 2 1 2 7 -2 
-2 1 -4 7 8 7 -6 4 7 8 4 3 
2 3 -7 2 1 -4 0 -4 1 2 -6 -5 
4 7 7 7 4 0 7 6 5 -8 -4 3 
1 1 7 5 5 2 -3 6 3 0 6 7 
6 8 4 4 -7 -6 1 1 2 -8 2 -6 
6 1 6 -5 7 8 -2 8 6 -2 7 8 
-3 -1 5 3 1 -8 2 -7 -1 6 4 5 
34
6
14 9
15 11
7 0
11 7
12 11
7 6
2 2
1 0
9 11
5 4
4 0
9 5
16
14 11 15
9 3 11
5 9 16
1 6 14
12 4 14
0 9 13
3 4 8
12 2 13
2 0 15
7 8 11
11 2 16
15 5 14
4 7 14
16 2 13
13 7 8
4 9 13
16
12 9
2 9
3 11
6 11
16 6
10 6
3 1
8 0
4 2
14 2
13 0
10 0
0 5
6 5
13 10
8 11
