20 20
-4 -2 1 3 -2 -1 3 -9 7 8 7 10 -8 10 -7 -10 8 -3 3 -8 
5 11 4 4 -9 10 3 7 6 7 11 1 -1 11 -7 7 8 -3 0 1 
6 6 2 2 -5 1 11 1 8 9 4 2 2 11 11 -3 3 0 -11 -10 
5 -4 11 -5 -2 6 1 9 10 -10 -7 -5 9 11 6 -10 11 -3 4 6 
3 -2 6 9 2 -2 8 8 5 11 3 -11 8 6 5 -4 11 4 7 -8 
9 9 3 3 3 5 -3 5 -10 10 -9 -6 9 4 6 -8 -7 -5 1 3 
11 9 3 9 -11 10 3 -8 2 9 -7 -8 10 10 0 11 0 1 4 7 
-8 5 10 5 2 0 -11 0 10 2 7 11 7 8 -10 5 -8 -6 -4 11 
-6 10 8 2 8 10 1 -3 -9 2 3 11 -9 6 4 6 -2 -10 -5 -9 
4 1 -2 8 8 7 7 10 0 -3 3 6 -2 6 3 11 4 1 3 10 
10 3 1 4 11 3 6 -2 6 3 -3 0 10 7 7 8 8 -2 1 4 
-9 -5 -10 -2 6 4 6 -9 11 3 2 -9 -3 1 10 8 2 8 10 -6 
11 -4 -6 -8 5 -10 8 7 11 7 2 10 0 -11 0 2 5 10 5 -8 
7 4 1 0 11 0 10 10 -8 -7 9 2 -8 3 10 -11 9 3 9 11 
3 1 -5 -7 -8 6 4 9 -6 -9 10 -10 5 -3 5 3 3 3 9 9 
-8 7 4 11 -4 5 6 8 -11 3 11 5 8 8 -2 2 9 6 -2 3 
6 4 -3 11 -10 6 11 9 -5 -7 -10 10 9 1 6 -2 -5 11 -4 5 
-10 -11 0 3 -3 11 11 2 2 4 9 8 1 11 1 -5 2 2 6 6 
1 0 -3 8 7 -7 11 -1 1 11 7 6 7 3 10 -9 4 4 11 5 
-8 3 -3 8 -10 -7 10 -8 10 7 8 7 -9 3 -1 -2 3 1 -2 -4 
52
6
13 16
6 13
4 10
7 14
4 17
10 3
6 3
13 6
15 9
12 5
15 2
9 16
18
16 19 15
3 17 16
10 11 8
0 4 11
10 13 16
6 1 14
0 13 9
4 18 9
8 18 14
3 0 15
16 2 16
9 8 8
19 15 11
9 6 16
13 18 14
19 6 9
15 1 9
11 1 14
0
