16 15
24 15 12 14 4 10 -18 5 24 4 -8 3 15 6 13 
-7 24 -3 26 21 13 16 19 7 -18 2 26 6 23 -2 
25 5 5 9 21 18 10 4 0 12 23 -4 4 6 19 
-14 8 12 -23 17 7 0 8 13 13 19 17 9 20 -7 
2 23 14 4 -11 8 -6 -11 19 24 -9 -20 23 26 20 
18 -8 -4 5 -10 22 17 20 26 -1 20 19 17 11 26 
-11 24 13 -22 16 2 8 10 20 3 16 -1 19 6 5 
1 10 -18 21 -14 19 21 15 4 25 12 2 -16 -26 -8 
-8 -26 -16 2 12 25 4 15 21 19 -14 21 -18 10 1 
5 6 19 -1 16 3 20 10 8 2 16 -22 13 24 -11 
26 11 17 19 20 -1 26 20 17 22 -10 5 -4 -8 18 
20 26 23 -20 -9 24 19 -11 -6 8 -11 4 14 23 2 
-7 20 9 17 19 13 13 8 0 7 17 -23 12 8 -14 
19 6 4 -4 23 12 0 4 10 18 21 9 5 5 25 
-2 23 6 26 2 -18 7 19 16 13 21 26 -3 24 -7 
13 6 15 3 -8 4 24 5 -18 10 4 14 12 15 24 
48
8
5 10
4 3
15 2
0 13
6 0
1 14
14 13
0 4
10 4
11 11
0 12
15 1
9 14
14 0
1 1
15 10
10
8 13 9
0 7 12
3 7 16
1 8 8
5 7 15
7 1 9
15 7 12
12 7 16
14 6 8
10 7 15
16
7 3
3 12
14 4
0 6
9 13
1 13
2 9
7 10
8 11
12 2
1 10
15 8
6 1
14 1
13 5
8 4
