18 10
13 5 13 2 -6 10 3 -8 -6 13 
7 -2 -15 8 6 15 6 1 11 11 
0 12 12 -14 15 -15 -12 -5 3 15 
10 4 1 10 1 11 3 0 13 13 
-14 -10 1 3 10 -8 8 4 1 -14 
2 1 1 -12 10 16 -1 12 -10 7 
5 -15 -4 13 12 -10 11 10 2 3 
15 -16 1 7 11 8 9 8 1 13 
-12 -13 8 8 9 9 2 4 10 11 
11 10 4 2 9 9 8 8 -13 -12 
13 1 8 9 8 11 7 1 -16 15 
3 2 10 11 -10 12 13 -4 -15 5 
7 -10 12 -1 16 10 -12 1 1 2 
-14 1 4 8 -8 10 3 1 -10 -14 
13 13 0 3 11 1 10 1 4 10 
15 3 -5 -12 -15 15 -14 12 12 0 
11 11 1 6 15 6 8 -15 -2 7 
13 -6 -8 3 10 -6 2 13 5 13 
35
7
7 1
14 7
11 4
17 7
12 4
9 0
1 0
10 8
3 2
6 5
0 2
5 5
8 9
16 9
12
15 1 12
12 1 14
13 4 9
7 3 10
7 2 16
7 5 9
2 8 12
5 8 14
4 5 9
10 6 10
10 7 16
10 4 9
12
6 9
17 9
10 3
8 5
12 7
16 8
11 0
0 0
7 6
9 4
5 2
1 1
