20 20
3 2 -2 4 -4 3 4 -1 2 3 3 3 -5 -4 1 -3 3 0 2 -3 
4 2 2 3 1 -4 -2 5 0 5 4 2 5 -4 3 0 2 3 4 3 
4 1 4 0 -2 5 2 3 1 -5 -4 -4 0 4 5 0 1 2 4 -5 
2 3 4 -5 5 0 1 5 3 -5 2 4 5 -3 5 4 1 5 -1 3 
-5 -5 4 2 2 4 3 4 5 4 1 5 3 3 -5 2 5 0 -2 1 
3 5 2 -1 2 1 -3 -3 -2 1 4 3 1 1 -3 -5 5 0 1 4 
-2 0 3 5 2 4 4 2 4 -4 2 1 4 0 -3 2 -4 1 4 2 
3 5 3 3 3 4 3 1 3 4 1 1 -3 4 3 -5 0 3 3 2 
-5 -3 4 4 0 0 2 4 3 5 3 5 5 5 0 2 1 5 4 5 
3 2 3 -1 3 1 4 2 1 5 4 0 2 4 0 2 0 2 -3 1 
1 -3 2 0 2 0 4 2 0 4 5 1 2 4 1 3 -1 3 2 3 
5 4 5 1 2 0 5 5 5 3 5 3 4 2 0 0 4 4 -3 -5 
2 3 3 0 -5 3 4 -3 1 1 4 3 1 3 4 3 3 3 5 3 
2 4 1 -4 2 -3 0 4 1 2 -4 4 2 4 4 2 5 3 0 -2 
4 1 0 5 -5 -3 1 1 3 4 1 -2 -3 -3 1 2 -1 2 5 3 
1 -2 0 5 2 -5 3 3 5 1 4 5 4 3 4 2 2 4 -5 -5 
3 -1 5 1 4 5 -3 5 4 2 -5 3 5 1 0 5 -5 4 3 2 
-5 4 2 1 0 5 4 0 -4 -4 -5 1 3 2 5 -2 0 4 1 4 
3 4 3 2 0 3 -4 5 2 4 5 0 5 -2 -4 1 3 2 2 4 
-3 2 0 3 -3 1 -4 -5 3 3 3 2 -1 4 3 -4 4 -2 2 3 
51
7
5 13
5 19
19 15
4 17
3 1
4 5
7 4
14 6
14 0
0 4
15 2
16 18
15 14
12 15
16
16 3 12
9 12 12
15 4 8
11 13 16
15 11 15
13 15 15
8 12 13
9 10 14
3 16 12
10 7 12
4 15 8
8 6 16
4 8 15
6 4 15
11 7 13
10 9 14
40
5 14
2 16
17 14
19 10
12 8
4 18
15 6
2 9
5 11
18 6
17 16
13 9
16 19
3 5
3 12
18 12
6 0
6 18
7 3
17 18
14 5
17 3
2 5
0 9
7 11
15 1
4 13
17 10
14 8
1 13
2 3
6 10
3 0
16 14
16 7
1 7
13 19
13 1
12 16
2 1
