19 10
5 5 1 3 -9 2 8 5 -10 8 
-4 -7 0 -3 2 9 1 -3 -2 5 
8 9 -5 -10 6 4 1 8 6 8 
-6 -1 -4 0 4 10 8 5 3 11 
0 7 9 8 5 -6 8 10 10 8 
-2 1 4 8 -2 -6 11 2 3 2 
3 6 -8 8 4 1 -2 9 -7 -7 
3 9 -2 7 0 -7 6 8 -4 3 
11 5 2 -4 9 10 9 1 -7 1 
9 2 8 10 3 3 10 8 2 9 
1 -7 1 9 10 9 -4 2 5 11 
3 -4 8 6 -7 0 7 -2 9 3 
-7 -7 9 -2 1 4 8 -8 6 3 
2 3 2 11 -6 -2 8 4 1 -2 
8 10 10 8 -6 5 8 9 7 0 
11 3 5 8 10 4 0 -4 -1 -6 
8 6 8 1 4 6 -10 -5 9 8 
5 -2 -3 1 9 2 -3 0 -7 -4 
8 -10 5 8 2 -9 3 1 5 5 
55
6
14 8
9 4
7 2
18 2
2 8
16 2
4 1
9 5
11 7
0 7
16 1
2 7
6
1 4 10
11 5 13
13 8 13
17 5 10
7 4 13
5 1 13
18
2 4
18 1
10 2
12 1
5 4
11 8
10 0
10 3
10 9
16 5
0 8
8 7
6 8
13 5
7 1
8 9
8 6
8 0
