20 20
-16 2 6 14 -14 2 10 6 -12 15 14 13 9 -16 7 14 -14 3 9 5 
9 10 1 -4 8 -11 -15 16 -14 -6 10 5 14 -16 -5 6 -15 12 14 -11 
16 12 2 -3 -2 0 3 3 6 16 13 9 13 4 2 14 -10 13 2 7 
5 0 1 2 -11 5 4 8 -10 3 7 16 8 -10 14 -13 8 7 13 -2 
0 -11 6 7 3 15 14 -14 -6 6 -15 -3 13 4 6 3 5 4 -7 10 
12 16 -7 -4 -4 -10 -11 13 5 16 7 10 5 -5 4 3 11 -15 3 7 
-6 3 4 10 4 12 13 -14 13 -9 4 4 9 9 -2 16 0 -15 12 11 
13 3 4 -9 -2 10 0 13 4 0 11 3 1 5 1 6 -14 4 6 12 
15 -14 7 -15 10 5 10 0 6 14 12 -14 9 -15 -8 12 1 -5 -4 -5 
6 -13 10 13 8 8 5 -14 -13 15 14 11 9 -11 11 12 1 13 4 12 
12 4 13 1 12 11 -11 9 11 14 15 -13 -14 5 8 8 13 10 -13 6 
-5 -4 -5 1 12 -8 -15 9 -14 12 14 6 0 10 5 10 -15 7 -14 15 
12 6 4 -14 6 1 5 1 3 11 0 4 13 0 10 -2 -9 4 3 13 
11 12 -15 0 16 -2 9 9 4 4 -9 13 -14 13 12 4 10 4 3 -6 
7 3 -15 11 3 4 -5 5 10 7 16 5 13 -11 -10 -4 -4 -7 16 12 
10 -7 4 5 3 6 4 13 -3 -15 6 -6 -14 14 15 3 7 6 -11 0 
-2 13 7 8 -13 14 -10 8 16 7 3 -10 8 4 5 -11 2 1 0 5 
7 2 13 -10 14 2 4 13 9 13 16 6 3 3 0 -2 -3 2 12 16 
-11 14 12 -15 6 -5 -16 14 5 10 -6 -14 16 -15 -11 8 -4 1 10 9 
5 9 3 -14 14 7 -16 9 13 14 15 -12 6 10 2 -14 14 6 2 -16 
47
7
17 3
12 8
2 4
12 10
13 10
2 5
2 6
2 16
7 11
17 15
7 9
6 9
17 14
17 13
20
17 18 14
18 2 16
16 12 11
16 14 10
2 14 9
14 18 8
9 18 12
15 11 12
0 5 9
2 3 15
2 1 14
1 17 16
3 7 11
3 5 10
17 5 9
5 1 8
10 1 12
4 8 12
19 14 9
17 16 15
0
