20 20
4 -3 5 5 1 3 7 3 3 3 3 0 4 1 -5 0 4 0 1 0 
0 7 4 6 3 5 5 5 4 7 7 0 7 3 3 2 0 -3 7 5 
1 4 2 2 6 2 -2 5 5 -1 7 5 4 -7 1 -7 -6 3 5 6 
-6 3 6 1 7 -6 -6 -2 1 7 6 7 4 5 -2 1 6 3 1 2 
3 2 6 7 7 1 7 1 5 7 1 5 -2 -5 7 4 1 5 1 7 
3 -2 3 7 -1 2 -3 1 0 6 -5 6 7 7 3 3 3 7 7 5 
-1 7 -5 3 1 4 -7 -2 1 -7 3 4 1 0 4 -3 2 6 2 7 
6 5 7 -6 -5 -1 2 6 5 -2 4 2 6 2 1 0 1 6 4 4 
-7 1 -4 5 -5 3 -4 4 2 -2 5 4 4 -1 0 0 3 -7 6 4 
3 7 7 7 4 6 6 1 1 6 -4 3 7 0 6 5 -5 7 4 7 
7 4 7 -5 5 6 0 7 3 -4 6 1 1 6 6 4 7 7 7 3 
4 6 -7 3 0 0 -1 4 4 5 -2 2 4 -4 3 -5 5 -4 1 -7 
4 4 6 1 0 1 2 6 2 4 -2 5 6 2 -1 -5 -6 7 5 6 
7 2 6 2 -3 4 0 1 4 3 -7 1 -2 -7 4 1 3 -5 7 -1 
5 7 7 3 3 3 7 7 6 -5 6 0 1 -3 2 -1 7 3 -2 3 
7 1 5 1 4 7 -5 -2 5 1 7 5 1 7 1 7 7 6 2 3 
2 1 3 6 1 -2 5 4 7 6 7 1 -2 -6 -6 7 1 6 3 -6 
6 5 3 -6 -7 1 -7 4 5 7 -1 5 5 -2 2 6 2 2 4 1 
5 7 -3 0 2 3 3 7 0 7 7 4 5 5 5 3 6 4 7 0 
0 1 0 4 0 -5 1 4 0 3 3 3 3 7 3 1 5 5 -3 4 
31
5
12 0
13 15
16 5
8 18
5 9
7 19
6 4
3 14
11 1
14 10
6
11 10 14
5 4 8
1 3 14
8 9 14
14 15 8
18 16 14
0
