15 19
11 3 0 -22 16 0 -8 -5 -11 7 17 7 16 5 9 9 10 9 16 
7 16 12 -24 -11 11 17 -14 21 21 -20 11 17 19 15 8 2 20 1 
2 -5 -18 18 6 25 20 24 25 -18 8 19 14 -14 14 -12 6 22 0 
24 2 3 -11 -5 18 23 -18 12 -11 3 11 23 25 4 7 6 9 10 
15 5 16 -9 -15 17 24 22 0 19 -22 2 -15 5 8 -24 18 5 -13 
7 -9 3 25 6 0 -23 17 -19 -25 -15 1 15 -12 2 25 9 10 24 
24 -1 13 -3 -13 -16 2 4 18 -19 17 13 5 -15 5 1 -15 12 18 
11 -8 14 -5 1 18 18 17 13 -16 13 17 18 18 1 -5 14 -8 11 
18 12 -15 1 5 -15 5 13 17 -19 18 4 2 -16 -13 -3 13 -1 24 
24 10 9 25 2 -12 15 1 -15 -25 -19 17 -23 0 6 25 3 -9 7 
-13 5 18 -24 8 5 -15 2 -22 19 0 22 24 17 -15 -9 16 5 15 
10 9 6 7 4 25 23 11 3 -11 12 -18 23 18 -5 -11 3 2 24 
0 22 6 -12 14 -14 14 19 8 -18 25 24 20 25 6 18 -18 -5 2 
1 20 2 8 15 19 17 11 -20 21 21 -14 17 11 -11 -24 12 16 7 
16 9 10 9 9 5 16 7 17 7 -11 -5 -8 0 16 -22 0 3 11 
43
3
6 17
3 8
0 18
8 1
11 10
14 0
20
12 0 16
12 18 10
3 4 16
5 11 16
13 8 12
14 17 13
2 4 8
11 5 9
12 16 14
8 13 15
2 18 16
2 0 10
11 14 16
9 7 16
1 10 12
0 1 13
12 14 8
3 13 9
2 2 14
6 5 15
18
9 4
3 18
7 16
14 1
3 5
11 12
12 5
4 14
8 2
5 14
11 0
7 2
0 17
11 13
3 6
2 13
10 4
6 16
