16 13
-9 3 5 2 1 0 7 7 4 6 12 -10 -9 
11 7 9 -1 10 -5 4 1 2 12 12 10 2 
2 0 10 5 5 -3 7 0 2 8 11 6 12 
5 0 -2 1 9 5 11 6 12 1 11 9 -2 
10 -12 -3 7 -2 4 0 11 9 9 6 11 4 
-9 -1 6 5 8 6 4 3 -9 9 3 -7 9 
5 11 4 7 -10 9 -6 0 7 12 7 1 1 
1 9 0 -9 -5 -11 7 1 12 12 8 7 -7 
-7 7 8 12 12 1 7 -11 -5 -9 0 9 1 
1 1 7 12 7 0 -6 9 -10 7 4 11 5 
9 -7 3 9 -9 3 4 6 8 5 6 -1 -9 
4 11 6 9 9 11 0 4 -2 7 -3 -12 10 
-2 9 11 1 12 6 11 5 9 1 -2 0 5 
12 6 11 8 2 0 7 -3 5 5 10 0 2 
2 10 12 12 2 1 4 -5 10 -1 9 7 11 
-9 -10 12 6 4 7 7 0 1 2 5 3 -9 
45
7
15 12
4 9
4 0
10 9
1 10
15 2
1 6
0 0
11 3
11 12
5 3
14 2
0 10
14 6
8
6 3 12
2 9 13
5 1 14
4 12 9
9 9 12
13 3 13
10 11 14
11 0 9
20
13 11
11 10
14 10
8 10
11 2
5 8
6 10
6 7
2 7
12 11
2 1
4 2
1 2
7 2
4 10
10 4
9 2
9 5
13 5
3 1
