20 20
0 0 8 9 -9 6 8 3 1 14 12 2 11 15 0 2 6 -3 8 8 
0 10 7 4 4 5 1 -6 7 -14 15 11 1 -15 -5 -11 10 -13 9 1 
13 14 15 11 6 2 1 12 -1 10 5 -15 9 1 8 -5 6 9 6 -4 
-9 12 1 14 -4 5 8 14 -14 6 9 1 2 -4 1 5 9 10 6 5 
6 -9 -15 4 1 6 0 -1 -2 12 2 15 5 -11 -4 -6 -8 -1 -6 3 
7 5 10 4 0 -2 2 6 12 1 -3 0 14 1 -13 8 4 -4 15 14 
4 -8 9 10 10 -1 1 13 -5 -6 -7 9 8 1 15 7 -5 4 3 -11 
9 -11 -13 9 13 11 -8 7 6 0 0 -6 13 7 7 -13 7 4 10 6 
11 -7 7 12 4 10 8 8 8 11 -4 14 -10 -4 15 -4 5 14 -2 -2 
13 8 -2 2 8 14 7 14 9 0 -11 9 0 10 11 -3 14 5 2 9 
9 2 5 14 -3 11 10 0 9 -11 0 9 14 7 14 8 2 -2 8 13 
-2 -2 14 5 -4 15 -4 -10 14 -4 11 8 8 8 10 4 12 7 -7 11 
6 10 4 7 -13 7 7 13 -6 0 0 6 7 -8 11 13 9 -13 -11 9 
-11 3 4 -5 7 15 1 8 9 -7 -6 -5 13 1 -1 10 10 9 -8 4 
14 15 -4 4 8 -13 1 14 0 -3 1 12 6 2 -2 0 4 10 5 7 
3 -6 -1 -8 -6 -4 -11 5 15 2 12 -2 -1 0 6 1 4 -15 -9 6 
5 6 10 9 5 1 -4 2 1 9 6 -14 14 8 5 -4 14 1 12 -9 
-4 6 9 6 -5 8 1 9 -15 5 10 -1 12 1 2 6 11 15 14 13 
1 9 -13 10 -11 -5 -15 1 11 15 -14 7 -6 1 5 4 4 7 10 0 
8 8 -3 6 2 0 15 11 2 12 14 1 3 8 6 -9 9 8 0 0 
58
6
7 19
6 14
3 9
8 13
17 13
12 10
12 0
13 5
16 10
11 6
2 6
7 9
16
4 5 12
4 10 15
19 9 13
16 3 8
13 1 16
15 4 12
3 14 12
19 17 14
15 14 12
15 9 15
0 10 13
3 16 8
6 18 16
4 15 12
16 5 12
0 2 14
0
