20 20
6 2 5 -9 1 -1 2 10 -2 1 -2 -8 8 11 3 4 9 4 3 0 
6 4 -3 1 6 5 -11 10 6 9 4 1 9 6 -5 2 6 7 9 -8 
3 9 7 -7 -3 2 9 6 8 2 3 -3 -3 4 5 -9 -5 -10 10 -10 
1 -4 11 5 1 -1 5 -11 11 9 0 11 3 6 5 7 6 6 2 4 
11 11 7 1 9 0 1 -10 10 -4 2 1 2 0 11 6 0 5 11 3 
6 9 -10 2 1 -8 4 10 0 1 3 0 -1 10 -9 10 9 4 2 10 
9 7 11 -9 -3 6 5 -1 -4 9 9 11 1 11 2 -6 5 6 7 0 
-9 0 8 2 -8 6 4 7 5 4 9 -8 5 3 1 4 -7 6 6 3 
-1 -9 -2 5 6 0 -10 6 6 4 4 -1 -5 11 1 1 -4 3 11 1 
8 -1 -9 2 8 -11 11 -10 6 7 -3 1 11 7 5 5 -4 9 -4 -4 
-4 -4 9 -4 5 5 7 11 1 -3 7 6 -10 11 -11 8 2 -9 -1 8 
1 11 3 -4 1 1 11 -5 -1 4 4 6 6 -10 0 6 5 -2 -9 -1 
3 6 6 -7 4 1 3 5 -8 9 4 5 7 4 6 -8 2 8 0 -9 
0 7 6 5 -6 2 11 1 11 9 9 -4 -1 5 6 -3 -9 11 7 9 
10 2 4 9 10 -9 10 -1 0 3 1 0 10 4 -8 1 2 -10 9 6 
3 11 5 0 6 11 0 2 1 2 -4 10 -10 1 0 9 1 7 11 11 
4 2 6 6 7 5 6 3 11 0 9 11 -11 5 -1 1 5 11 -4 1 
-10 10 -10 -5 -9 5 4 -3 -3 3 2 8 6 9 2 -3 -7 7 9 3 
-8 9 7 6 2 -5 6 9 1 4 9 6 10 -11 5 6 1 -3 4 6 
0 3 4 9 4 3 11 8 -8 -2 1 -2 10 2 -1 1 -9 5 2 6 
32
2
7 8
1 16
12 11
18 3
6
14 11 13
16 11 14
13 8 14
5 8 13
3 8 14
6 11 14
0
