20 14
-8 -2 5 -2 -6 9 0 -4 0 1 7 -8 6 -2 
6 6 2 8 9 7 6 5 0 8 -2 -5 9 -4 
7 5 9 -3 4 2 -9 2 3 -6 5 2 4 2 
6 2 7 2 -6 1 2 4 9 4 3 3 5 2 
1 -2 8 5 2 -9 4 4 5 3 8 6 6 -8 
9 5 -4 2 9 9 4 -3 1 9 4 8 9 8 
3 8 -4 -2 7 1 0 4 8 2 0 4 4 8 
5 7 -4 -9 7 6 6 0 4 3 3 3 0 -8 
7 2 -1 2 8 6 7 1 9 8 5 4 -7 9 
-2 3 1 4 3 3 -4 3 5 2 -4 -7 2 3 
3 2 -7 -4 2 5 3 -4 3 3 4 1 3 -2 
9 -7 4 5 8 9 1 7 6 8 2 -1 2 7 
-8 0 3 3 3 4 0 6 6 7 -9 -4 7 5 
8 4 4 0 2 8 4 0 1 7 -2 -4 8 3 
8 9 8 4 9 1 -3 4 9 9 2 -4 5 9 
-8 6 6 8 3 5 4 4 -9 2 5 8 -2 1 
2 5 3 3 4 9 4 2 1 -6 2 7 2 6 
2 4 2 5 -6 3 2 -9 2 4 -3 9 5 7 
-4 9 -5 -2 8 0 5 6 7 9 8 2 6 6 
-2 6 -8 7 1 0 -4 0 9 -6 -2 5 -2 -8 
59
6
5 7
0 5
9 6
0 7
10 2
5 12
14 6
19 8
10 7
19 6
9 11
14 1
12
19 9 11
18 5 8
6 11 14
6 1 13
11 8 15
19 10 11
0 4 11
1 8 8
13 2 14
13 12 13
8 5 15
0 3 11
18
14 12
2 1
16 13
4 5
3 5
18 0
4 13
6 4
12 9
5 1
17 12
3 0
15 8
16 8
1 13
15 0
13 9
7 4
