13 12
1 -5 2 3 6 2 2 -6 9 9 0 8 
-3 -2 6 0 6 1 -8 8 3 6 0 7 
-7 4 9 9 4 9 -4 8 0 -2 9 4 
-7 0 1 1 8 -2 7 -2 1 1 8 -2 
5 -6 -3 8 3 4 8 3 3 6 5 2 
4 7 -2 3 8 7 -4 3 9 7 -8 -5 
3 6 4 2 4 3 3 4 2 4 6 3 
-5 -8 7 9 3 -4 7 8 3 -2 7 4 
2 5 6 3 3 8 4 3 8 -3 -6 5 
-2 8 1 1 -2 7 -2 8 1 1 0 -7 
4 9 -2 0 8 -4 9 4 9 9 4 -7 
7 0 6 3 8 -8 1 6 0 6 -2 -3 
8 0 9 9 -6 2 2 6 3 2 -5 1 
55
3
11 0
10 2
5 11
1 11
2 9
7 0
20
3 8 15
4 2 10
8 1 14
6 8 12
5 4 13
7 5 8
6 5 11
2 10 9
2 4 12
1 7 14
9 3 15
8 9 10
4 10 14
6 3 12
7 7 13
5 6 8
6 6 11
10 1 9
10 7 12
11 4 14
10
5 0
4 0
6 7
10 0
1 5
7 11
8 11
6 4
2 11
11 6
