20 20
8 2 -4 -8 3 7 8 7 2 10 5 -5 5 2 4 8 4 4 -1 -1 
2 4 10 -2 9 3 10 11 5 8 1 -2 11 -5 2 4 1 6 9 0 
9 1 -8 7 9 1 5 4 9 9 7 11 0 -3 6 7 9 -6 6 -9 
8 -4 11 -3 -5 11 10 4 6 -3 5 11 -11 8 5 -3 9 8 7 5 
9 -6 -4 8 -5 10 9 4 5 10 9 4 9 -6 3 0 1 9 5 -11 
9 11 1 5 -11 -1 7 8 2 2 7 4 4 9 4 11 0 10 8 1 
9 8 -5 -10 11 2 -3 6 8 -4 -1 1 11 -5 4 -6 6 9 7 -3 
-2 11 5 2 6 -1 10 0 5 9 8 8 6 7 11 7 5 3 3 11 
7 3 4 6 6 4 10 3 0 0 9 4 2 -3 4 0 11 8 2 -6 
4 7 -8 3 5 8 -5 -7 9 6 6 9 9 -3 -9 5 0 4 10 -5 
-5 10 4 0 5 -9 -3 9 9 6 6 9 -7 -5 8 5 3 -8 7 4 
-6 2 8 11 0 4 -3 2 4 9 0 0 3 10 4 6 6 4 3 7 
11 3 3 5 7 11 7 6 8 8 9 5 0 10 -1 6 2 5 11 -2 
-3 7 9 6 -6 4 -5 11 1 -1 -4 8 6 -3 2 11 -10 -5 8 9 
1 8 10 0 11 4 9 4 4 7 2 2 8 7 -1 -11 5 1 11 9 
-11 5 9 1 0 3 -6 9 4 9 10 5 4 9 10 -5 8 -4 -6 9 
5 7 8 9 -3 5 8 -11 11 5 -3 6 4 10 11 -5 -3 11 -4 8 
-9 6 -6 9 7 6 -3 0 11 7 9 9 4 5 1 9 7 -8 1 9 
0 9 6 1 4 2 -5 11 -2 1 8 5 11 10 3 9 -2 10 4 2 
-1 -1 4 4 8 4 2 5 -5 5 10 2 7 8 7 3 -8 -4 2 8 
46
5
0 12
14 6
3 8
15 17
13 9
19 7
5 13
16 11
4 2
6 10
12
19 2 13
0 18 12
12 16 8
8 5 11
15 7 15
15 18 11
0 17 13
19 1 12
7 3 8
11 14 11
4 12 15
4 1 11
0
