17 10
-14 10 -9 4 -3 -13 5 13 1 3 
-12 -14 -12 -13 -10 13 -12 -5 11 10 
4 6 -12 10 2 5 1 2 -11 12 
12 8 8 -14 6 12 11 -6 -8 4 
5 -8 12 -9 4 -4 13 7 14 10 
2 8 9 11 5 -11 -14 -2 14 -10 
6 2 8 -8 3 0 2 8 11 6 
-6 -13 7 13 7 6 8 2 8 0 
12 10 -10 3 14 14 3 -10 10 12 
0 8 2 8 6 7 13 7 -13 -6 
6 11 8 2 0 3 -8 8 2 6 
-10 14 -2 -14 -11 5 11 9 8 2 
10 14 7 13 -4 4 -9 12 -8 5 
4 -8 -6 11 12 6 -14 8 8 12 
12 -11 2 1 5 2 10 -12 6 4 
10 11 -5 -12 13 -10 -13 -12 -14 -12 
3 1 13 5 -13 -3 4 -9 10 -14 
48
5
15 6
9 5
4 3
1 8
4 6
1 3
7 4
12 6
15 1
12 3
8
5 6 8
3 1 9
11 2 9
10 0 10
11 3 8
13 8 9
5 7 9
6 9 10
16
9 2
16 7
0 4
14 6
10 6
8 6
12 1
5 0
7 7
0 2
16 5
2 3
6 3
8 3
4 8
11 9
