16 17
-4 4 5 -7 -3 4 0 1 2 6 1 2 6 -5 2 -6 1 
5 2 -1 -1 6 7 6 4 3 7 7 -7 6 3 -5 4 -7 
4 7 -1 7 0 5 3 0 3 1 -5 7 7 5 6 3 7 
1 3 7 -7 -7 3 7 -4 7 7 -4 4 1 -4 2 2 7 
-1 5 2 7 6 1 -1 3 1 0 -3 -6 2 7 1 -4 1 
-3 -1 2 6 6 1 4 -3 4 -2 0 6 -7 -3 0 6 -5 
2 -3 7 -7 0 -4 0 1 4 -6 6 6 0 -4 6 3 5 
6 6 6 -2 4 -4 5 -3 -1 0 0 5 -4 7 -4 -3 0 
0 -3 -4 7 -4 5 0 0 -1 -3 5 -4 4 -2 6 6 6 
5 3 6 -4 0 6 6 -6 4 1 0 -4 0 -7 7 -3 2 
-5 6 0 -3 -7 6 0 -2 4 -3 4 1 6 6 2 -1 -3 
1 -4 1 7 2 -6 -3 0 1 3 -1 1 6 7 2 5 -1 
7 2 2 -4 1 4 -4 7 7 -4 7 3 -7 -7 7 3 1 
7 3 6 5 7 7 -5 1 3 0 3 5 0 7 -1 7 4 
-7 4 -5 3 6 -7 7 7 3 4 6 7 6 -1 -1 2 5 
1 -6 2 -5 6 2 1 6 2 1 0 4 -3 -7 5 4 -4 
38
8
0 3
3 7
11 6
15 0
11 9
3 5
2 14
7 3
15 13
12 9
4 10
0 16
4 7
12 11
13 2
8 13
6
0 8 15
2 12 8
8 0 15
15 8 15
13 4 8
7 16 15
20
13 15
3 9
14 8
11 8
1 5
11 16
4 1
5 12
3 2
9 12
2 1
12 7
1 8
4 8
14 11
4 0
11 15
10 4
12 14
6 4
