16 17
-7 10 7 2 -9 -10 2 6 2 1 2 3 7 8 6 8 -7 
1 5 6 2 7 4 -6 5 7 3 2 10 1 9 2 2 0 
4 -10 6 -3 -7 8 10 10 -7 4 6 1 6 -6 1 2 -7 
6 5 9 -9 5 8 3 -2 9 4 2 -3 4 -2 7 1 10 
9 6 2 8 8 3 8 1 1 3 2 2 6 6 3 5 7 
-3 -2 7 9 8 7 6 -5 -4 -9 -5 8 5 3 -1 -9 -9 
5 4 6 7 10 -8 -4 3 3 5 9 8 -2 -10 9 -9 -5 
1 -5 9 -5 -3 6 10 2 -1 1 -2 0 -8 8 5 5 3 
3 5 5 8 -8 0 -2 1 -1 2 10 6 -3 -5 9 -5 1 
-5 -9 9 -10 -2 8 9 5 3 3 -4 -8 10 7 6 4 5 
-9 -9 -1 3 5 8 -5 -9 -4 -5 6 7 8 9 7 -2 -3 
7 5 3 6 6 2 2 3 1 1 8 3 8 8 2 6 9 
10 1 7 -2 4 -3 2 4 9 -2 3 8 5 -9 9 5 6 
-7 2 1 -6 6 1 6 4 -7 10 10 8 -7 -3 6 -10 4 
0 2 2 9 1 10 2 3 7 5 -6 4 7 2 6 5 1 
-7 8 6 8 7 3 2 1 2 6 2 -10 -9 2 7 10 -7 
53
5
9 10
13 1
11 13
8 10
12 0
6 6
2 15
4 3
7 6
3 16
8
11 1 11
14 16 8
15 12 11
5 12 16
4 15 11
1 0 8
0 4 11
10 4 16
26
2 9
0 7
3 7
0 8
10 8
3 2
0 6
5 15
8 5
9 7
5 16
5 4
6 5
13 7
15 9
12 9
15 8
5 8
12 14
15 10
10 1
7 11
6 9
10 0
10 12
9 11
