20 20
-11 -5 5 10 5 1 2 -7 10 -11 11 9 10 9 1 -9 -1 -3 -10 11 
-4 5 9 11 7 2 2 6 10 10 -4 11 2 10 5 11 4 4 -6 4 
-8 6 -5 2 -10 3 9 -3 10 -8 -7 0 2 6 9 7 6 4 7 1 
11 10 11 -9 -8 9 11 0 1 9 8 3 2 8 -3 -9 1 9 8 11 
10 9 11 -10 7 -7 4 6 2 9 11 7 8 9 -1 1 6 2 9 4 
-5 -1 -5 7 7 -3 8 8 3 6 5 2 6 -8 4 -2 6 6 5 3 
4 2 4 8 0 4 4 -6 1 4 -3 10 -9 -8 -7 5 -7 -8 5 3 
-1 -1 7 9 0 9 0 7 6 8 5 7 -5 5 10 -2 0 -11 5 5 
-4 1 1 7 2 2 -3 3 1 5 7 1 9 8 3 10 7 5 7 11 
3 5 11 0 2 7 11 -3 1 3 8 -4 10 -3 6 0 0 1 1 2 
2 1 1 0 0 6 -3 10 -4 8 3 1 -3 11 7 2 0 11 5 3 
11 7 5 7 10 3 8 9 1 7 5 1 3 -3 2 2 7 1 1 -4 
5 5 -11 0 -2 10 5 -5 7 5 8 6 7 0 9 0 9 7 -1 -1 
3 5 -8 -7 5 -7 -8 -9 10 -3 4 1 -6 4 4 0 8 4 2 4 
3 5 6 6 -2 4 -8 6 2 5 6 3 8 8 -3 7 7 -5 -1 -5 
4 9 2 6 1 -1 9 8 7 11 9 2 6 4 -7 7 -10 11 9 10 
11 8 9 1 -9 -3 8 2 3 8 9 1 0 11 9 -8 -9 11 10 11 
1 7 4 6 7 9 6 2 0 -7 -8 10 -3 9 3 -10 2 -5 6 -8 
4 -6 4 4 11 5 10 2 11 -4 10 10 6 2 2 7 11 9 5 -4 
11 -10 -3 -1 -9 1 9 10 9 11 -11 10 -7 2 1 5 10 5 -5 -11 
53
6
4 12
16 7
12 18
3 13
8 9
18 1
15 7
3 12
7 1
16 6
11 10
1 18
10
11 12 9
14 4 9
4 8 14
0 1 12
17 4 11
8 7 9
5 15 9
15 11 14
19 18 12
2 15 11
0
