20 20
8 -16 6 10 15 16 4 16 15 2 6 9 -3 9 0 -11 -16 13 5 -5 
8 -15 -2 1 3 9 -10 4 14 -6 12 -7 0 1 3 6 5 -14 13 6 
11 10 12 14 1 8 -15 12 5 15 16 15 -9 6 -14 10 13 13 12 12 
14 -8 16 4 5 -3 1 0 8 7 13 -1 3 7 10 14 13 6 13 2 
11 6 -16 4 9 -7 -6 4 0 15 6 12 11 -6 1 11 10 13 7 8 
1 -4 9 0 15 0 2 7 -4 -15 2 6 -9 16 13 -14 15 -13 8 11 
15 13 -7 5 -1 -15 10 -8 11 14 8 0 2 9 0 15 -9 12 -4 -3 
-12 -1 5 -1 16 10 14 7 11 5 4 0 3 5 5 12 2 10 -8 11 
6 15 1 16 -9 10 -14 10 3 -15 13 3 2 -2 10 0 12 4 7 15 
-5 2 1 10 -4 11 8 -7 4 16 -13 -14 4 0 12 14 13 -1 5 12 
12 5 -1 13 14 12 0 4 -14 -13 16 4 -7 8 11 -4 10 1 2 -5 
15 7 4 12 0 10 -2 2 3 13 -15 3 10 -14 10 -9 16 1 15 6 
11 -8 10 2 12 5 5 3 0 4 5 11 7 14 10 16 -1 5 -1 -12 
-3 -4 12 -9 15 0 9 2 0 8 14 11 -8 10 -15 -1 5 -7 13 15 
11 8 -13 15 -14 13 16 -9 6 2 -15 -4 7 2 0 15 0 9 -4 1 
8 7 13 10 11 1 -6 11 12 6 15 0 4 -6 -7 9 4 -16 6 11 
2 13 6 13 14 10 7 3 -1 13 7 8 0 1 -3 5 4 16 -8 14 
12 12 13 13 10 -14 6 -9 15 16 15 5 12 -15 8 1 14 12 10 11 
6 13 -14 5 6 3 1 0 -7 12 -6 14 4 -10 9 3 1 -2 -15 8 
-5 5 13 -16 -11 0 9 -3 9 6 2 15 16 4 16 15 10 6 -16 8 
38
5
19 14
14 3
11 19
10 0
17 0
0 5
5 16
8 0
9 19
2 19
16
9 10 9
16 6 11
9 4 14
10 7 8
5 14 14
5 11 8
7 16 15
12 19 9
10 9 9
3 13 11
10 15 14
9 12 8
14 5 14
14 8 8
12 3 15
7 0 9
0
