10 14
12 9 11 4 -10 14 8 13 5 -4 3 -11 7 9 
3 10 12 -2 14 -9 2 14 6 5 12 4 3 5 
4 12 6 2 -8 7 4 11 -7 -3 12 7 8 5 
-9 2 8 8 6 13 6 -5 -8 12 -7 14 10 -12 
-7 2 -9 10 -7 -1 9 10 2 -4 1 6 11 7 
7 11 6 1 -4 2 10 9 -1 -7 10 -9 2 -7 
-12 10 14 -7 12 -8 -5 6 13 6 8 8 2 -9 
5 8 7 12 -3 -7 11 4 7 -8 2 6 12 4 
5 3 4 12 5 6 14 2 -9 14 -2 12 10 3 
9 7 -11 3 -4 5 13 8 14 -10 4 11 9 12 
38
7
3 11
6 5
3 5
2 4
9 4
1 9
4 13
6 2
3 8
6 8
7 9
0 9
8 4
5 0
8
1 7 16
4 6 11
4 12 12
2 11 9
8 6 16
5 7 11
5 1 12
7 2 9
14
8 0
3 1
4 3
9 6
2 0
3 4
6 11
1 13
6 12
5 10
0 7
7 13
6 9
3 2
