14 17
-5 6 4 -8 -10 7 -3 2 6 6 1 8 6 2 6 4 7 
3 1 -11 8 5 10 11 1 3 6 3 2 9 1 -5 5 -5 
10 11 7 10 8 5 7 6 6 6 3 -5 8 11 8 8 9 
3 2 5 3 11 5 10 6 11 -5 3 -6 -2 11 -1 1 6 
0 0 -2 6 4 5 2 8 9 2 8 -5 10 9 7 10 8 
-10 6 -11 -3 4 5 4 0 -11 11 4 8 1 9 -4 9 10 
11 10 -9 2 10 10 4 -5 0 6 6 -8 10 9 -6 8 -8 
-8 8 -6 9 10 -8 6 6 0 -5 4 10 10 2 -9 10 11 
10 9 -4 9 1 8 4 11 -11 0 4 5 4 -3 -11 6 -10 
8 10 7 9 10 -5 8 2 9 8 2 5 4 6 -2 0 0 
6 1 -1 11 -2 -6 3 -5 11 6 10 5 11 3 5 2 3 
9 8 8 11 8 -5 3 6 6 6 7 5 8 10 7 11 10 
-5 5 -5 1 9 2 3 6 3 1 11 10 5 8 -11 1 3 
7 4 6 2 6 8 1 6 6 2 -3 7 -10 -8 4 6 -5 
45
6
2 12
11 6
8 14
13 5
1 16
3 7
11 4
2 10
5 2
0 11
12 0
10 9
10
5 9 14
8 2 13
10 12 9
7 4 10
1 2 10
8 7 14
5 14 13
3 4 9
6 12 10
12 14 10
18
12 1
5 13
5 1
0 16
0 14
1 8
7 16
10 7
11 7
1 15
8 3
8 15
13 0
13 2
12 8
6 0
3 9
2 9
