16 17
2 6 4 -5 2 -1 4 4 -4 3 -3 0 6 5 -6 -2 1 
2 -1 4 6 2 2 2 0 1 -2 2 -2 6 3 -4 2 -5 
-1 2 1 -6 3 -3 -2 4 6 6 1 -1 2 5 3 1 4 
-5 1 5 -5 4 4 2 0 6 -1 -3 0 3 -5 -5 2 6 
6 4 -3 2 5 6 4 5 4 5 3 5 0 0 -4 1 -1 
-2 2 2 5 6 6 -6 5 3 4 6 6 5 -2 1 2 6 
1 3 5 2 4 -5 2 1 4 4 2 6 5 4 6 2 2 
0 2 3 3 2 6 0 0 0 1 1 2 3 5 4 6 4 
4 6 4 5 3 2 1 1 0 0 0 6 2 3 3 2 0 
2 2 6 4 5 6 2 4 4 1 2 -5 4 2 5 3 1 
6 2 1 -2 5 6 6 4 3 5 -6 6 6 5 2 2 -2 
-1 1 -4 0 0 5 3 5 4 5 4 6 5 2 -3 4 6 
6 2 -5 -5 3 0 -3 -1 6 0 2 4 4 -5 5 1 -5 
4 1 3 5 2 -1 1 6 6 4 -2 -3 3 -6 1 2 -1 
-5 2 -4 3 6 -2 2 -2 1 0 2 2 2 6 4 -1 2 
1 -2 -6 5 6 0 -3 3 -4 4 4 -1 2 -5 4 6 2 
58
4
1 0
2 4
7 13
6 8
14 16
13 12
8 3
9 8
12
4 6 15
1 11 10
5 11 8
4 7 12
6 4 11
5 3 8
11 10 15
14 5 10
10 5 8
11 9 12
9 12 11
10 13 8
20
14 0
0 6
10 16
7 15
12 9
9 0
10 11
12 7
8 10
10 15
1 16
15 10
5 0
8 1
3 7
6 16
5 5
3 9
7 6
5 1
