20 20
4 7 7 10 -10 -12 7 1 -11 9 7 -3 12 9 7 -5 -10 -7 -12 11 
9 5 3 1 7 11 7 -9 5 3 8 -3 7 2 4 -8 12 -10 -2 7 
3 -3 12 -11 9 7 -2 -12 4 7 8 11 7 4 -1 3 12 2 1 10 
5 -7 11 -12 7 3 -7 0 12 -11 10 -6 12 6 -1 1 2 5 1 3 
10 -8 -2 -10 0 2 10 5 -4 8 -7 -2 8 5 9 -11 -1 11 10 -1 
-8 -12 -6 -4 -4 9 7 4 2 11 8 7 -2 0 -5 10 5 12 -1 -6 
3 5 7 7 2 8 -3 2 2 -1 6 9 11 0 7 5 8 -8 5 -6 
4 9 -4 12 0 -10 -5 8 -8 11 -12 8 8 12 11 9 5 2 -6 -4 
-5 9 4 3 5 -8 0 6 11 2 3 3 6 0 -7 2 3 -4 -10 5 
-11 2 8 12 3 7 -12 5 8 4 6 12 -12 11 10 8 7 7 11 9 
9 11 7 7 8 10 11 -12 12 6 4 8 5 -12 7 3 12 8 2 -11 
5 -10 -4 3 2 -7 0 6 3 3 2 11 6 0 -8 5 3 4 9 -5 
-4 -6 2 5 9 11 12 8 8 -12 11 -8 8 -5 -10 0 12 -4 9 4 
-6 5 -8 8 5 7 0 11 9 6 -1 2 2 -3 8 2 7 7 5 3 
-6 -1 12 5 10 -5 0 -2 7 8 11 2 4 7 9 -4 -4 -6 -12 -8 
-1 10 11 -1 -11 9 5 8 -2 -7 8 -4 5 10 2 0 -10 -2 -8 10 
3 1 5 2 1 -1 6 12 -6 10 -11 12 0 -7 3 7 -12 11 -7 5 
10 1 2 12 3 -1 4 7 11 8 7 4 -12 -2 7 9 -11 12 -3 3 
7 -2 -10 12 -8 4 2 7 -3 8 3 5 -9 7 11 7 1 3 5 9 
11 -12 -7 -10 -5 7 9 12 -3 7 9 -11 1 7 -12 -10 10 7 7 4 
37
4
0 5
12 16
4 19
10 19
19 14
7 3
15 0
9 0
14
7 19 11
12 2 14
7 8 8
0 18 16
13 4 8
13 6 13
11 17 9
12 0 11
7 17 14
12 11 8
19 1 16
6 15 8
6 13 13
8 2 9
0
