13 13
13 13 4 5 1 15 13 12 1 11 11 -13 3 
-15 14 9 8 9 -8 4 14 7 4 8 7 -3 
9 11 8 -5 -10 2 -16 16 9 7 15 10 14 
4 -6 -15 14 -2 5 3 -1 3 5 -4 10 -2 
11 15 -1 11 -13 14 8 12 1 3 -4 -12 1 
14 10 4 14 4 -11 -8 -2 4 0 10 15 -12 
12 -3 10 9 4 -9 8 -9 4 9 10 -3 12 
-12 15 10 0 4 -2 -8 -11 4 14 4 10 14 
1 -12 -4 3 1 12 8 14 -13 11 -1 15 11 
-2 10 -4 5 3 -1 3 5 -2 14 -15 -6 4 
14 10 15 7 9 16 -16 2 -10 -5 8 11 9 
-3 7 8 4 7 14 4 -8 9 8 9 14 -15 
3 -13 11 11 1 12 13 15 1 5 4 13 13 
48
2
6 1
2 9
6 11
10 3
8
8 7 16
0 2 8
5 4 13
0 5 13
4 5 16
12 10 8
7 8 13
12 7 13
14
5 12
5 7
6 8
10 0
1 6
5 11
8 0
7 0
7 5
6 4
2 12
11 6
7 1
4 12
