10 15
1 2 -5 6 6 0 -1 -3 3 1 -2 -6 4 5 0 
2 5 0 -6 6 2 4 2 3 1 4 4 4 -3 -1 
-2 5 5 -6 -4 3 6 4 6 -4 -5 -4 1 2 6 
4 2 2 3 -3 -6 0 5 5 1 6 1 2 6 5 
5 -4 -2 -5 -1 1 5 3 -6 1 -5 3 5 1 4 
4 1 5 3 -5 1 -6 3 5 1 -1 -5 -2 -4 5 
5 6 2 1 6 1 5 5 0 -6 -3 3 2 2 4 
6 2 1 -4 -5 -4 6 4 6 3 -4 -6 5 5 -2 
-1 -3 4 4 4 1 3 2 4 2 6 -6 0 5 2 
0 5 4 -6 -2 1 3 -3 -1 0 6 6 -5 2 1 
48
5
5 6
0 1
3 11
0 12
4 10
4 8
9 13
6 3
9 2
5 4
20
9 14 16
8 0 16
5 1 8
3 13 16
3 5 13
7 2 8
9 1 11
9 12 9
4 0 10
4 1 12
0 0 16
1 14 16
4 13 8
6 1 16
6 9 13
2 12 8
0 13 11
0 2 9
5 14 10
5 13 12
10
2 11
4 7
7 14
8 2
8 1
7 3
5 7
2 0
1 12
1 13
