11 20
9 6 2 3 -7 -12 12 8 13 -9 2 -13 5 -12 3 7 2 14 -12 -12 
15 10 6 10 5 0 -12 7 -12 2 15 8 0 3 3 9 15 8 12 2 
5 2 -13 -3 13 5 7 12 12 7 -12 -5 5 8 15 -9 2 -11 12 12 
2 5 4 1 13 2 13 15 3 3 3 -5 15 14 9 0 -10 14 -6 9 
6 4 -5 5 -5 2 5 0 0 15 13 2 5 13 -1 8 9 7 8 4 
1 4 6 3 -1 7 0 5 13 5 5 13 5 0 7 -1 3 6 4 1 
4 8 7 9 8 -1 13 5 2 13 15 0 0 5 2 -5 5 -5 4 6 
9 -6 14 -10 0 9 14 15 -5 3 3 3 15 13 2 13 1 4 5 2 
12 12 -11 2 -9 15 8 5 -5 -12 7 12 12 7 5 13 -3 -13 2 5 
2 12 8 15 9 3 3 0 8 15 2 -12 7 -12 0 5 10 6 10 15 
-12 -12 14 2 7 3 -12 5 -13 2 -9 13 8 12 -12 -7 3 2 6 9 
57
4
5 8
1 10
9 3
0 1
5 11
9 9
1 16
10 18
6
0 4 8
0 18 15
1 5 10
10 15 8
10 1 15
9 14 10
20
10 17
6 14
10 16
5 0
3 13
2 14
0 14
10 4
5 18
9 11
0 2
4 5
0 3
5 19
7 6
8 5
10 5
0 15
5 1
1 8
