19 17
-5 4 3 4 5 4 5 3 4 2 1 -5 3 5 2 2 -2 
2 -4 0 0 -5 2 -3 -5 -4 0 -5 -5 -2 3 5 -1 -3 
2 3 0 3 -2 -5 4 -5 3 1 4 1 2 -1 5 5 -3 
-3 -4 -5 -3 0 -1 3 5 -1 5 4 5 3 -3 4 4 4 
5 0 -5 2 4 2 -2 -1 4 2 1 4 -3 3 2 0 4 
5 -4 4 3 0 5 4 5 0 -1 -2 0 1 -1 1 1 -1 
2 3 3 5 3 1 -4 3 2 1 -4 3 4 2 -5 5 -5 
2 0 2 -2 -1 5 5 -4 2 3 -1 0 3 -1 5 5 2 
2 -5 -4 2 5 1 1 -3 0 2 2 3 -3 -3 2 2 2 
0 4 -2 5 0 0 2 4 4 4 2 0 0 5 -2 4 0 
2 2 2 -3 -3 3 2 2 0 -3 1 1 5 2 -4 -5 2 
2 5 5 -1 3 0 -1 3 2 -4 5 5 -1 -2 2 0 2 
-5 5 -5 2 4 3 -4 1 2 3 -4 1 3 5 3 3 2 
-1 1 1 -1 1 0 -2 -1 0 5 4 5 0 3 4 -4 5 
4 0 2 3 -3 4 1 2 4 -1 -2 2 4 2 -5 0 5 
4 4 4 -3 3 5 4 5 -1 5 3 -1 0 -3 -5 -4 -3 
-3 5 5 -1 2 1 4 1 3 -5 4 -5 -2 3 0 3 2 
-3 -1 5 3 -2 -5 -5 0 -4 -5 -3 2 -5 0 0 -4 2 
-2 2 2 5 3 -5 1 2 4 3 5 4 5 4 3 4 -5 
57
6
8 15
12 15
2 9
2 7
16 4
18 7
10 1
6 1
16 7
16 9
2 12
0 9
8
16 14 13
2 5 9
4 3 9
5 4 9
2 2 13
16 11 9
14 13 9
13 12 9
22
16 8
17 12
9 8
15 12
18 14
2 11
12 16
7 15
14 7
0 5
17 6
2 8
1 4
9 8
3 4
0 2
16 5
6 0
11 1
4 9
18 11
1 10
