20 20
9 4 -5 -5 1 0 0 5 0 2 6 -4 0 7 6 -1 8 -9 9 4 
1 -2 4 1 -5 -4 6 3 2 0 5 2 8 2 -5 9 6 7 6 8 
1 2 3 6 6 6 7 7 5 7 4 6 3 9 0 3 -2 6 2 9 
-3 4 4 6 2 4 2 6 -4 5 8 9 7 9 6 9 1 4 7 0 
5 4 2 -8 4 4 3 4 -9 -8 -2 3 2 5 -6 2 6 4 8 0 
8 8 8 4 1 2 6 -6 -7 7 3 -9 -4 -6 -8 1 1 4 6 7 
1 1 9 9 -9 0 9 5 -6 -2 8 4 9 3 8 6 -2 2 1 7 
8 8 7 1 6 7 -5 6 -5 6 9 -7 2 -3 8 9 6 1 -8 1 
3 3 -3 -8 3 8 3 2 3 2 0 1 3 9 7 9 1 -8 -7 5 
-6 3 0 7 4 3 4 -4 7 7 0 5 6 1 6 8 1 6 8 0 
0 8 6 1 8 6 1 6 5 0 7 7 -4 4 3 4 7 0 3 -6 
5 -7 -8 1 9 7 9 3 1 0 2 3 2 3 8 3 -8 -3 3 3 
1 -8 1 6 9 8 -3 2 -7 9 6 -5 6 -5 7 6 1 7 8 8 
7 1 2 -2 6 8 3 9 4 8 -2 -6 5 9 0 -9 9 9 1 1 
7 6 4 1 1 -8 -6 -4 -9 3 7 -7 -6 6 2 1 4 8 8 8 
0 8 4 6 2 -6 5 2 3 -2 -8 -9 4 3 4 4 -8 2 4 5 
0 7 4 1 9 6 9 7 9 8 5 -4 6 2 4 2 6 4 4 -3 
9 2 6 -2 3 0 9 3 6 4 7 5 7 7 6 6 6 3 2 1 
8 6 7 6 9 -5 2 8 2 5 0 2 3 6 -4 -5 1 4 -2 1 
4 9 -9 8 -1 6 7 0 -4 6 2 0 5 0 0 1 -5 -5 4 9 
37
8
1 2
17 10
17 18
17 12
19 15
6 17
15 19
16 6
18 17
2 9
2 1
2 7
0 4
13 2
4 0
3 13
18
3 1 14
13 6 8
4 7 16
0 12 16
7 6 10
5 18 10
12 2 10
3 17 15
4 5 16
16 18 14
6 13 8
15 12 16
19 7 16
12 13 10
14 1 10
7 17 10
16 2 15
15 14 16
0
