18 13
4 4 3 4 -2 3 -3 1 4 -3 4 4 3 
2 -2 1 1 0 3 1 0 0 -3 -4 3 -3 
-3 1 4 3 1 3 4 3 1 2 -3 3 0 
-3 -2 1 -3 4 -3 3 2 -4 2 3 0 3 
1 0 -1 3 3 1 -1 1 -1 0 2 -2 4 
3 3 3 1 2 0 -3 -1 -3 4 2 2 0 
-3 2 3 2 3 2 -3 3 1 3 -4 3 1 
0 -4 1 -1 -2 4 3 -3 2 -1 4 -4 0 
-2 -1 2 -2 0 -3 -3 3 0 0 4 -4 -1 
-1 -4 4 0 0 3 -3 -3 0 -2 2 -1 -2 
0 -4 4 -1 2 -3 3 4 -2 -1 1 -4 0 
1 3 -4 3 1 3 -3 2 3 2 3 2 -3 
0 2 2 4 -3 -1 -3 0 2 1 3 3 3 
4 -2 2 0 -1 1 -1 1 3 3 -1 0 1 
3 0 3 2 -4 2 3 -3 4 -3 1 -2 -3 
0 3 -3 2 1 3 4 3 1 3 4 1 -3 
-3 3 -4 -3 0 0 1 3 0 1 1 -2 2 
3 4 4 -3 4 1 -3 3 -2 4 3 4 4 
57
3
13 7
14 4
4 2
4 5
3 8
13 10
8
0 4 10
15 5 13
10 6 12
0 6 10
17 8 10
2 7 13
7 6 12
17 6 10
16
9 10
16 10
13 1
1 4
6 9
10 12
7 1
4 12
8 2
1 2
4 11
16 8
11 3
7 0
10 11
13 0
