20 20
13 0 8 8 -8 13 9 -12 3 1 9 7 3 14 2 2 3 -11 10 1 
7 10 -12 -8 12 15 -14 8 6 0 0 -7 15 9 9 -6 4 -4 -1 4 
-1 12 15 15 -4 14 7 -10 5 6 -4 0 4 6 11 9 7 15 13 1 
7 8 7 5 13 7 -3 12 10 -15 1 3 15 -2 -4 12 14 2 12 -7 
9 0 1 5 15 2 13 -13 15 -5 -14 7 10 15 3 -3 12 9 -11 -5 
12 1 -14 8 4 14 -3 6 15 1 10 10 12 -10 6 6 1 10 10 10 
-3 10 9 7 1 4 3 1 15 15 11 13 2 3 11 -6 15 4 13 2 
-14 -12 -3 11 8 9 12 10 3 -10 10 4 5 8 9 9 6 8 -12 -3 
9 -2 -15 -11 6 6 15 -5 13 -9 3 9 7 9 3 11 11 15 -6 -1 
8 -6 9 8 -7 7 7 5 10 5 -4 15 -12 9 13 1 7 15 -5 7 
7 -5 15 7 1 13 9 -12 15 -4 5 10 5 7 7 -7 8 9 -6 8 
-1 -6 15 11 11 3 9 7 9 3 -9 13 -5 15 6 6 -11 -15 -2 9 
-3 -12 8 6 9 9 8 5 4 10 -10 3 10 12 9 8 11 -3 -12 -14 
2 13 4 15 -6 11 3 2 13 11 15 15 1 3 4 1 7 9 10 -3 
10 10 10 1 6 6 -10 12 10 10 1 15 6 -3 14 4 8 -14 1 12 
-5 -11 9 12 -3 3 15 10 7 -14 -5 15 -13 13 2 15 5 1 0 9 
-7 12 2 14 12 -4 -2 15 3 1 -15 10 12 -3 7 13 5 7 8 7 
1 13 15 7 9 11 6 4 0 -4 6 5 -10 7 14 -4 15 15 12 -1 
4 -1 -4 4 -6 9 9 15 -7 0 0 6 8 -14 15 12 -8 -12 10 7 
1 10 -11 3 2 2 14 3 7 9 1 3 -12 9 13 -8 8 8 0 13 
32
8
14 1
9 12
16 6
12 8
16 12
7 16
8 3
7 9
5 18
10 7
3 13
7 11
3 7
12 3
11 16
12 10
8
15 19 8
10 2 8
9 19 8
6 4 11
4 0 8
9 17 8
10 0 8
13 15 11
0
