20 20
4 6 -8 -1 8 10 4 8 2 1 -7 -4 9 6 2 -4 -4 5 8 -9 
0 7 6 1 2 3 2 1 -9 9 3 1 6 -2 10 9 4 8 2 10 
3 5 1 4 8 -2 -3 -9 8 -10 -10 5 0 10 1 -6 9 -2 -8 9 
7 6 8 5 10 0 5 2 4 -10 8 4 -10 1 -5 1 4 7 -2 5 
-3 2 6 6 7 7 2 -3 0 8 2 -1 6 -8 5 5 4 8 2 -2 
9 -10 -5 3 6 4 3 -4 0 8 -10 0 1 6 5 3 6 9 2 3 
-10 7 10 9 -6 2 2 -2 1 -5 3 -5 -7 1 3 1 8 7 7 -1 
-4 -4 10 10 5 6 0 1 6 -5 2 -4 8 5 4 -10 8 0 0 9 
10 4 -7 4 -8 2 -8 9 10 0 9 10 10 10 0 5 7 9 6 -5 
7 6 7 3 7 5 10 7 6 9 0 7 -9 -8 8 6 9 3 6 6 
6 6 3 9 6 8 -8 -9 7 0 9 6 7 10 5 7 3 7 6 7 
-5 6 9 7 5 0 10 10 10 9 0 10 9 -8 2 -8 4 -7 4 10 
9 0 0 8 -10 4 5 8 -4 2 -5 6 1 0 6 5 10 10 -4 -4 
-1 7 7 8 1 3 1 -7 -5 3 -5 1 -2 2 2 -6 9 10 7 -10 
3 2 9 6 3 5 6 1 0 -10 8 0 -4 3 4 6 3 -5 -10 9 
-2 2 8 4 5 5 -8 6 -1 2 8 0 -3 2 7 7 6 6 2 -3 
5 -2 7 4 1 -5 1 -10 4 8 -10 4 2 5 0 10 5 8 6 7 
9 -8 -2 9 -6 1 10 0 5 -10 -10 8 -9 -3 -2 8 4 1 5 3 
10 2 8 4 9 10 -2 6 1 3 9 -9 1 2 3 2 1 6 7 0 
-9 8 5 -4 -4 2 6 9 -4 -7 1 2 8 4 10 8 -1 -8 6 4 
50
8
2 12
12 5
5 13
15 10
7 18
18 14
7 12
16 0
17 7
7 14
14 6
4 9
12 1
1 5
12 7
3 19
6
7 9 13
11 13 15
8 18 14
12 10 13
8 6 15
11 1 14
0
