16 12
2 1 -3 4 -3 1 -4 2 4 3 4 4 
1 -3 -2 2 4 2 4 3 0 1 3 4 
1 2 0 4 3 4 4 1 1 -1 -4 3 
4 -4 4 1 1 1 3 3 -2 1 2 0 
1 2 4 3 4 -2 3 -2 -3 2 3 4 
4 -1 1 0 -2 2 3 -1 4 -1 4 3 
4 0 -4 -4 -1 -3 4 1 3 1 -1 4 
-3 0 0 2 2 1 0 1 3 2 1 2 
2 1 2 3 1 0 1 2 2 0 0 -3 
4 -1 1 3 1 4 -3 -1 -4 -4 0 4 
3 4 -1 4 -1 3 2 -2 0 1 -1 4 
4 3 2 -3 -2 3 -2 4 3 4 2 1 
0 2 1 -2 3 3 1 1 1 4 -4 4 
3 -4 -1 1 1 4 4 3 4 0 2 1 
4 3 1 0 3 4 2 4 2 -2 -3 1 
4 4 3 4 2 -4 1 -3 4 -3 1 2 
50
5
6 2
12 8
5 8
0 10
15 2
9 9
3 3
10 3
15 1
0 9
20
15 7 15
13 4 16
9 1 16
0 2 9
0 1 10
2 11 10
2 1 16
1 2 14
0 8 13
7 10 11
0 4 15
2 7 16
6 10 16
15 9 9
15 10 10
13 0 10
13 10 16
14 9 14
15 3 13
8 1 11
14
11 7
10 5
1 11
7 11
7 2
9 6
8 3
4 4
5 6
14 0
8 0
8 9
6 5
7 8
