11 17
-3 4 1 1 4 4 1 2 -1 1 -1 4 -3 4 2 2 0 
4 3 3 4 -1 3 2 1 -2 -4 4 3 -4 1 0 -1 2 
0 0 -1 4 -1 3 0 4 2 4 3 4 1 4 4 1 4 
-3 4 1 -3 3 3 2 2 0 3 3 0 0 4 -2 4 3 
2 1 3 1 -4 4 1 1 -4 1 3 3 1 -3 4 3 2 
-1 -1 3 0 -1 2 1 3 2 3 1 2 -1 0 3 -1 -1 
2 3 4 -3 1 3 3 1 -4 1 1 4 -4 1 3 1 2 
3 4 -2 4 0 0 3 3 0 2 2 3 3 -3 1 4 -3 
4 1 4 4 1 4 3 4 2 4 0 3 -1 4 -1 0 0 
2 -1 0 1 -4 3 4 -4 -2 1 2 3 -1 4 3 3 4 
0 2 2 4 -3 4 -1 1 -1 2 1 4 4 1 1 4 -3 
47
5
10 4
7 10
2 10
0 15
3 1
0 12
3 6
8 6
10 1
7 15
20
1 11 14
1 9 10
6 3 9
6 11 10
2 0 8
7 4 8
10 3 9
2 7 16
0 9 11
1 16 13
9 5 14
9 7 10
4 13 9
4 5 10
8 16 8
3 12 8
0 13 9
8 9 16
10 7 11
9 0 13
16
2 6
7 9
10 12
7 5
4 10
0 16
7 2
8 7
8 10
3 7
0 4
3 11
6 6
10 0
3 14
2 9
