10 20
0 0 5 -7 -1 0 1 7 7 8 10 5 5 -6 -10 1 -3 2 -5 2 
-7 10 3 2 7 1 5 1 4 1 0 1 -3 3 1 9 8 9 0 3 
5 5 8 8 3 3 6 4 10 8 3 -1 -2 -3 2 -5 10 -5 6 7 
6 -6 2 3 3 -8 1 -2 4 3 2 10 10 -5 1 0 8 0 1 6 
7 -10 1 8 1 4 6 8 -10 0 -9 5 -1 4 10 5 4 7 4 0 
0 4 7 4 5 10 4 -1 5 -9 0 -10 8 6 4 1 8 1 -10 7 
6 1 0 8 0 1 -5 10 10 2 3 4 -2 1 -8 3 3 2 -6 6 
7 6 -5 10 -5 2 -3 -2 -1 3 8 10 4 6 3 3 8 8 5 5 
3 0 9 8 9 1 3 -3 1 0 1 4 1 5 1 7 2 3 10 -7 
2 -5 2 -3 1 -10 -6 5 5 10 8 7 7 1 0 -1 -7 5 0 0 
41
4
5 7
3 14
3 4
8 9
4 12
6 5
6 15
1 10
20
6 17 14
2 17 10
9 19 13
5 13 12
1 3 14
2 0 15
8 6 9
5 4 14
8 2 12
0 5 10
3 2 14
7 2 10
0 0 13
4 6 12
8 16 14
7 19 15
1 13 9
4 15 14
1 17 12
9 14 10
16
7 12
7 11
9 16
5 14
1 7
2 13
3 0
0 8
2 7
2 8
0 3
4 5
8 12
7 6
6 19
9 11
