20 20
8 15 0 10 14 8 -9 -3 2 9 14 6 7 11 -12 13 -8 1 1 1 
14 5 8 2 -14 7 -7 3 13 0 2 6 -5 3 2 -13 -7 4 7 14 
13 11 -9 13 -9 5 12 12 2 6 3 -7 14 -10 15 5 8 6 6 15 
-7 -5 13 -6 -15 10 -4 -6 8 11 5 5 7 -9 12 14 14 16 14 1 
13 -13 11 -1 -6 7 -6 7 -13 -10 9 4 6 6 14 8 -12 2 -16 -8 
10 -11 11 6 7 16 6 12 11 15 11 -6 -1 -12 10 0 -9 2 -13 -9 
-11 8 -12 14 3 12 10 8 5 9 6 2 1 -11 7 -16 14 -8 8 16 
-10 2 16 14 14 6 4 8 13 16 16 2 15 4 8 13 9 0 -3 1 
7 -12 2 8 6 7 5 -11 4 9 9 16 7 13 -13 12 14 5 -13 -7 
12 15 -6 14 -4 -1 10 2 -8 -14 10 8 -11 6 9 6 13 -13 8 6 
6 8 -13 13 6 9 6 -11 8 10 -14 -8 2 10 -1 -4 14 -6 15 12 
-7 -13 5 14 12 -13 13 7 16 9 9 4 -11 5 7 6 8 2 -12 7 
1 -3 0 9 13 8 4 15 2 16 16 13 8 4 6 14 14 16 2 -10 
16 8 -8 14 -16 7 -11 1 2 6 9 5 8 10 12 3 14 -12 8 -11 
-9 -13 2 -9 0 10 -12 -1 -6 11 15 11 12 6 16 7 6 11 -11 10 
-8 -16 2 -12 8 14 6 6 4 9 -10 -13 7 -6 7 -6 -1 11 -13 13 
1 14 16 14 14 12 -9 7 5 5 11 8 -6 -4 10 -15 -6 13 -5 -7 
15 6 6 8 5 15 -10 14 -7 3 6 2 12 12 5 -9 13 -9 11 13 
14 7 4 -7 -13 2 3 -5 6 2 0 13 3 -7 7 -14 2 8 5 14 
1 1 1 -8 13 -12 11 7 6 14 9 2 -3 -9 8 14 10 0 15 8 
50
6
18 9
2 16
6 9
13 2
1 2
8 9
1 10
17 3
13 10
6 17
18 17
11 10
18
10 18 15
12 10 15
1 8 11
14 12 13
15 12 15
14 4 12
10 8 15
11 4 9
14 3 16
9 1 15
7 9 15
18 11 11
5 7 13
4 7 15
5 15 12
9 11 15
8 15 9
5 16 16
0
