18 14
4 4 8 -8 7 1 6 -1 -3 -2 5 5 3 3 
-7 5 -2 2 1 -6 7 -1 3 4 6 5 -5 7 
-4 -8 -3 7 -3 4 7 -6 6 2 6 4 5 4 
-8 -1 4 0 0 7 1 -4 -3 2 2 1 8 5 
8 8 8 6 1 8 4 7 5 -4 -4 2 2 7 
3 2 -6 3 1 4 -2 4 0 1 0 -1 5 5 
4 7 8 8 -1 1 5 -6 -2 -6 2 3 -1 2 
-7 7 6 -8 2 -2 4 7 3 2 2 3 7 5 
5 -8 -8 -7 -3 4 4 -7 0 6 6 3 8 -7 
-7 8 3 6 6 0 -7 4 4 -3 -7 -8 -8 5 
5 7 3 2 2 3 7 4 -2 2 -8 6 7 -7 
2 -1 3 2 -6 -2 -6 5 1 -1 8 8 7 4 
5 5 -1 0 1 0 4 -2 4 1 3 -6 2 3 
7 2 2 -4 -4 5 7 4 8 1 6 8 8 8 
5 8 1 2 2 -3 -4 1 7 0 0 4 -1 -8 
4 5 4 6 2 6 -6 7 4 -3 7 -3 -8 -4 
7 -5 5 6 4 3 -1 7 -6 1 2 -2 5 -7 
3 3 5 5 -2 -3 -1 6 1 7 -8 8 4 4 
34
7
5 13
1 6
12 8
3 6
9 4
6 13
1 10
12 0
16 7
5 5
14 7
8 9
11 0
16 3
20
4 13 12
14 11 11
10 0 15
16 5 13
9 0 10
3 13 12
0 7 12
3 12 11
14 12 15
17 9 14
13 0 12
3 2 11
7 13 15
1 8 13
8 13 10
14 0 12
17 6 12
14 1 11
3 1 15
0 4 14
20
7 6
9 6
1 9
2 11
8 12
7 1
11 13
17 0
11 12
6 11
10 7
8 7
16 4
15 2
9 1
10 12
6 0
0 13
6 1
11 2
