13 16
-5 -1 1 5 6 6 3 6 6 2 4 4 0 1 0 3 
6 2 1 4 3 5 -6 -1 4 4 0 2 3 3 3 4 
1 3 0 3 -4 1 3 4 2 -6 5 0 1 3 -1 6 
1 4 3 2 -3 0 -1 6 -6 3 6 5 -1 5 1 -6 
0 6 4 2 -6 1 1 6 2 -4 -2 -4 -6 2 1 1 
2 1 -3 1 2 1 6 2 6 -5 5 0 -4 4 0 6 
6 4 5 -3 -2 0 -5 3 3 -5 0 -2 -3 5 4 6 
6 0 4 -4 0 5 -5 6 2 6 1 2 1 -3 1 2 
1 1 2 -6 -4 -2 -4 2 6 1 1 -6 2 4 6 0 
-6 1 5 -1 5 6 3 -6 6 -1 0 -3 2 3 4 1 
6 -1 3 1 0 5 -6 2 4 3 1 -4 3 0 3 1 
4 3 3 3 2 0 4 4 -1 -6 5 3 4 1 2 6 
3 0 1 0 4 4 2 6 6 3 6 6 5 1 -1 -5 
50
6
4 9
12 14
5 7
11 13
9 11
5 8
8 6
0 1
7 8
1 2
3 4
7 7
10
10 9 8
7 12 12
6 11 16
11 6 16
8 10 9
2 6 8
5 3 12
6 4 16
1 9 16
4 5 9
20
6 1
8 15
7 3
4 11
6 5
12 15
4 2
5 11
8 12
9 14
6 14
4 0
5 12
8 4
6 10
0 0
8 13
7 4
4 3
3 1
