16 17
5 -10 5 9 6 0 6 4 9 -4 4 12 -10 0 10 7 2 
6 -10 10 -10 2 4 3 2 4 6 9 8 -3 0 -8 -12 3 
6 4 -12 1 7 12 6 7 5 0 10 4 -7 2 10 12 0 
10 11 12 1 11 11 5 10 4 5 0 6 6 5 12 10 4 
12 -12 4 3 5 -11 -8 -9 1 -4 -3 2 3 -7 8 10 -4 
7 7 11 -7 9 9 8 -4 -5 6 9 6 2 6 -11 12 7 
9 9 10 -2 10 -1 9 -10 10 -6 10 3 0 2 7 -1 -5 
8 1 6 -8 -11 11 -1 11 7 6 6 6 6 6 4 8 5 
5 8 4 6 6 6 6 6 7 11 -1 11 -11 -8 6 1 8 
-5 -1 7 2 0 3 10 -6 10 -10 9 -1 10 -2 10 9 9 
7 12 -11 6 2 6 9 6 -5 -4 8 9 9 -7 11 7 7 
-4 10 8 -7 3 2 -3 -4 1 -9 -8 -11 5 3 4 -12 12 
4 10 12 5 6 6 0 5 4 10 5 11 11 1 12 11 10 
0 12 10 2 -7 4 10 0 5 7 6 12 7 1 -12 4 6 
3 -12 -8 0 -3 8 9 6 4 2 3 4 2 -10 10 -10 6 
2 7 10 0 -10 12 4 -4 9 4 6 0 6 9 5 -10 5 
51
2
7 14
0 4
8 2
15 12
20
13 11 12
14 15 16
3 5 15
2 14 8
6 0 8
5 9 16
5 14 14
3 15 13
0 16 9
7 0 8
2 5 12
1 1 16
12 11 15
13 2 8
9 16 8
10 7 16
10 2 14
12 1 13
15 0 9
8 16 8
18
6 7
0 2
9 14
9 12
5 3
8 4
15 11
1 8
7 1
9 9
15 14
6 2
6 4
10 13
7 12
0 5
14 8
8 15
