13 13
3 17 3 14 12 15 -13 5 17 -15 0 8 15 
6 -12 6 -9 -17 1 8 0 4 13 6 -3 -1 
-11 -5 16 5 10 -5 -15 0 6 -10 3 15 11 
1 11 9 -11 -13 12 9 14 16 1 5 13 12 
11 2 3 1 12 5 6 15 -9 -8 9 10 17 
5 -1 11 8 13 3 11 4 13 7 -5 -17 16 
-7 -1 17 -1 15 4 -3 4 15 -1 17 -1 -7 
16 -17 -5 7 13 4 11 3 13 8 11 -1 5 
17 10 9 -8 -9 15 6 5 12 1 3 2 11 
12 13 5 1 16 14 9 12 -13 -11 9 11 1 
11 15 3 -10 6 0 -15 -5 10 5 16 -5 -11 
-1 -3 6 13 4 0 8 1 -17 -9 6 -12 6 
15 8 0 -15 17 5 -13 15 12 14 3 17 3 
46
2
4 10
0 12
8 2
12 0
6
11 12 8
0 2 12
8 9 16
1 0 8
12 10 12
4 3 16
10
5 6
0 11
10 7
8 11
2 12
7 6
12 1
2 5
4 1
10 0
