20 20
-1 -3 6 6 3 1 6 1 -2 6 -1 5 5 2 -2 5 3 1 -3 4 
3 -2 -6 -5 5 1 -3 1 5 -3 -2 5 1 4 2 4 2 3 5 3 
2 -2 3 -2 5 -5 0 2 -5 0 3 4 -1 -2 2 6 4 3 5 4 
3 -6 1 -2 -6 6 3 6 -6 0 4 3 1 1 3 4 -6 1 2 1 
-5 -1 5 -2 6 3 1 5 -1 2 0 1 3 -2 1 6 1 2 4 2 
4 2 2 3 6 3 2 3 0 -1 3 2 2 4 -5 6 -5 6 5 5 
3 3 6 5 -2 5 -6 5 4 -5 1 6 -6 4 3 -5 -6 5 -3 0 
0 0 2 -3 0 5 0 4 -2 3 3 1 6 -2 3 0 -5 5 1 3 
-1 4 -1 6 2 6 1 6 -2 5 -1 1 1 1 4 6 5 0 4 -1 
5 4 1 1 1 -1 2 -3 2 -4 2 -5 4 4 -3 6 -4 -1 4 6 
6 4 -1 -4 6 -3 4 4 -5 2 -4 2 -3 2 -1 1 1 1 4 5 
-1 4 0 5 6 4 1 1 1 -1 5 -2 6 1 6 2 6 -1 4 -1 
3 1 5 -5 0 3 -2 6 1 3 3 -2 4 0 5 0 -3 2 0 0 
0 -3 5 -6 -5 3 4 -6 6 1 -5 4 5 -6 5 -2 5 6 3 3 
5 5 6 -5 6 -5 4 2 2 3 -1 0 3 2 3 6 3 2 2 4 
2 4 2 1 6 1 -2 3 1 0 2 -1 5 1 3 6 -2 5 -1 -5 
1 2 1 -6 4 3 1 1 3 4 0 -6 6 3 6 -6 -2 1 -6 3 
4 5 3 4 6 2 -2 -1 4 3 0 -5 2 0 -5 5 -2 3 -2 2 
3 5 3 2 4 2 4 1 5 -2 -3 5 1 -3 1 5 -5 -6 -2 3 
4 -3 1 3 5 -2 2 5 5 -1 6 -2 1 6 1 3 6 6 -3 -1 
59
8
0 16
12 7
16 19
17 16
15 2
9 0
15 4
6 10
19 3
7 12
3 0
2 3
4 17
10 19
4 15
13 9
14
1 4 9
9 18 13
8 4 9
6 17 16
3 11 12
16 13 16
10 2 13
18 15 9
10 1 13
11 15 9
13 2 16
16 8 12
3 6 16
9 17 13
0
