20 20
8 9 1 11 2 1 -10 0 5 -3 3 -10 8 10 3 -3 8 6 -3 6 
11 13 -8 0 13 3 5 9 4 6 2 11 3 9 1 5 -3 7 12 1 
12 10 -13 4 1 1 8 -8 7 11 6 6 9 -9 -10 6 4 -4 10 4 
6 12 8 3 6 8 11 -6 1 -10 2 1 3 9 5 3 -5 11 -6 2 
2 0 7 6 13 13 11 -13 11 -12 13 -10 7 -9 2 9 -4 -7 9 -11 
6 4 9 -6 -11 8 13 8 1 -5 5 1 11 8 10 5 5 -8 11 -2 
5 13 6 -10 -7 8 2 0 5 -8 6 13 3 1 4 9 1 -3 9 2 
3 -11 8 2 -11 6 -2 7 5 -3 -12 7 -12 12 -2 0 5 -13 2 10 
3 2 -9 5 13 7 2 7 3 2 1 10 4 4 -10 1 1 5 3 -4 
9 5 3 5 3 3 1 2 7 11 6 -12 10 7 13 -11 13 -12 9 10 
10 9 -12 13 -11 13 7 10 -12 6 11 7 2 1 3 3 5 3 5 9 
-4 3 5 1 1 -10 4 4 10 1 2 3 7 2 7 13 5 -9 2 3 
10 2 -13 5 0 -2 12 -12 7 -12 -3 5 7 -2 6 -11 2 8 -11 3 
2 9 -3 1 9 4 1 3 13 6 -8 5 0 2 8 -7 -10 6 13 5 
-2 11 -8 5 5 10 8 11 1 5 -5 1 8 13 8 -11 -6 9 4 6 
-11 9 -7 -4 9 2 -9 7 -10 13 -12 11 -13 11 13 13 6 7 0 2 
2 -6 11 -5 3 5 9 3 1 2 -10 1 -6 11 8 6 3 8 12 6 
4 10 -4 4 6 -10 -9 9 6 6 11 7 -8 8 1 1 4 -13 10 12 
1 12 7 -3 5 1 9 3 11 2 6 4 9 5 3 13 0 -8 13 11 
6 -3 6 8 -3 3 10 8 -10 3 -3 5 0 -10 1 2 11 1 9 8 
60
8
19 8
15 5
9 5
6 5
17 8
18 1
11 19
1 12
0 11
4 14
10 14
13 14
2 11
1 18
8 0
18 7
16
16 11 13
13 0 16
6 2 15
12 15 12
13 8 10
14 4 12
16 3 13
1 10 13
3 8 13
6 19 16
13 17 15
7 4 12
6 11 10
5 15 12
3 16 13
18 9 13
0
