20 20
4 4 4 0 4 4 5 1 0 -2 2 4 1 4 1 3 4 2 2 4 
5 -1 3 3 3 3 5 1 -4 -4 -3 2 3 4 1 5 3 2 -2 4 
5 3 4 1 -3 1 2 4 5 2 2 2 -1 4 1 -3 0 3 0 3 
-2 4 -4 2 -5 1 1 -5 0 -3 3 -3 5 0 2 4 -2 4 1 1 
-4 -5 1 -3 1 -4 -1 -2 0 2 3 2 -4 4 5 -4 4 4 4 3 
4 4 3 -1 2 4 4 0 0 3 4 1 2 3 3 0 3 5 -2 3 
3 2 4 0 -5 0 5 2 -1 3 -2 5 2 4 4 1 3 -5 3 3 
5 0 2 5 3 0 -4 1 1 -1 3 2 5 -4 -2 0 1 2 1 5 
1 5 2 2 1 2 3 2 5 -1 5 -2 3 -2 3 -1 -4 3 5 -1 
2 -4 4 4 3 4 4 2 4 -2 1 -1 -5 -1 4 4 0 -1 1 -5 
-5 1 -1 0 4 4 -1 -5 -1 1 -2 4 2 4 4 3 4 4 -4 2 
-1 5 3 -4 -1 3 -2 3 -2 5 -1 5 2 3 2 1 2 2 5 1 
5 1 2 1 0 -2 -4 5 2 3 -1 1 1 -4 0 3 5 2 0 5 
3 3 -5 3 1 4 4 2 5 -2 3 -1 2 5 0 -5 0 4 2 3 
3 -2 5 3 0 3 3 2 1 4 3 0 0 4 4 2 -1 3 4 4 
3 4 4 4 -4 5 4 -4 2 3 2 0 -2 -1 -4 1 -3 1 -5 -4 
1 1 4 -2 4 2 0 5 -3 3 -3 0 -5 1 1 -5 2 -4 4 -2 
3 0 3 0 -3 1 4 -1 2 2 2 5 4 2 1 -3 1 4 3 5 
4 -2 2 3 5 1 4 3 2 -3 -4 -4 1 5 3 3 3 3 -1 5 
4 2 2 4 3 1 4 1 4 2 -2 0 1 5 4 4 0 4 4 4 
37
6
18 19
9 1
7 13
1 8
7 18
10 15
1 0
10 18
12 6
18 11
12 1
9 4
10
1 9 15
12 18 12
17 5 10
14 7 13
5 3 12
18 10 15
7 1 12
2 14 10
5 12 13
14 16 12
0
