20 20
-4 -4 -4 2 0 3 -4 -3 0 0 2 4 0 2 2 0 0 3 4 3 
0 3 1 2 1 3 3 4 3 2 0 2 3 2 1 3 4 0 -4 4 
4 3 -3 0 -4 2 4 -4 4 2 4 1 4 -2 -2 1 1 3 4 2 
-4 2 -1 -2 3 4 -4 4 1 -1 4 -4 -3 -2 3 1 0 0 2 -3 
1 3 3 3 -1 2 0 0 -1 -4 3 -3 3 2 -2 -4 4 3 -2 1 
-2 -3 4 4 1 3 -2 4 2 2 -4 4 3 4 4 0 1 2 4 1 
-4 3 4 0 2 2 -4 4 3 0 0 2 4 -4 1 2 -4 4 3 0 
-4 -3 3 4 1 3 -4 2 2 1 2 3 3 3 4 0 2 -3 -4 2 
-3 4 3 3 0 3 3 3 -4 3 4 1 3 2 3 -4 4 -2 2 -4 
2 4 3 4 1 4 3 0 0 2 4 2 -2 2 3 4 1 4 -4 -3 
-3 -4 4 1 4 3 2 -2 2 4 2 0 0 3 4 1 4 3 4 2 
-4 2 -2 4 -4 3 2 3 1 4 3 -4 3 3 3 0 3 3 4 -3 
2 -4 -3 2 0 4 3 3 3 2 1 2 2 -4 3 1 4 3 -3 -4 
0 3 4 -4 2 1 -4 4 2 0 0 3 4 -4 2 2 0 4 3 -4 
1 4 2 1 0 4 4 3 4 -4 2 2 4 -2 3 1 4 4 -3 -2 
1 -2 3 4 -4 -2 2 3 -3 3 -4 -1 0 0 2 -1 3 3 3 1 
-3 2 0 0 1 3 -2 -3 -4 4 -1 1 4 -4 4 3 -2 -1 2 -4 
2 4 3 1 1 -2 -2 4 1 4 2 4 -4 4 2 -4 0 -3 3 4 
4 -4 0 4 3 1 2 3 2 0 2 3 4 3 3 1 2 1 3 0 
3 4 3 0 0 2 2 0 4 2 0 0 -3 -4 3 0 2 -4 -4 -4 
36
6
14 5
2 6
16 18
12 6
15 8
0 15
5 14
17 13
3 1
7 13
4 11
19 4
6
18 7 15
13 6 9
2 8 14
1 12 15
6 13 9
17 11 14
0
