17 17
4 -9 -5 11 8 6 -9 2 11 6 2 1 1 7 0 -12 3 
7 7 13 12 -3 12 -6 1 11 -2 6 13 7 11 9 12 11 
-12 10 3 7 -6 9 7 4 11 13 -3 -2 7 10 11 12 -6 
-11 2 3 10 12 -8 -9 12 11 0 13 -2 4 -10 -9 -10 7 
0 -10 -10 8 11 -6 3 6 -4 -13 8 2 3 3 5 0 6 
10 -12 5 2 10 2 -9 1 4 13 -8 5 -8 12 3 3 5 
8 1 7 10 10 7 8 -11 9 11 13 12 1 12 2 6 10 
-6 7 6 2 12 2 -8 9 12 1 8 13 -9 5 -5 12 11 
9 1 -10 -13 1 -2 0 2 8 2 0 -2 1 -13 -10 1 9 
11 12 -5 5 -9 13 8 1 12 9 -8 2 12 2 6 7 -6 
10 6 2 12 1 12 13 11 9 -11 8 7 10 10 7 1 8 
5 3 3 12 -8 5 -8 13 4 1 -9 2 10 2 5 -12 10 
6 0 5 3 3 2 8 -13 -4 6 3 -6 11 8 -10 -10 0 
7 -10 -9 -10 4 -2 13 0 11 12 -9 -8 12 10 3 2 -11 
-6 12 11 10 7 -2 -3 13 11 4 7 9 -6 7 3 10 -12 
11 12 9 11 7 13 6 -2 11 1 -6 12 -3 12 13 7 7 
3 -12 0 7 1 1 2 6 11 2 -9 6 8 11 -5 -9 4 
38
8
1 3
9 0
4 1
0 5
5 8
13 3
3 15
14 6
15 13
7 16
12 15
16 11
11 8
3 13
13 1
2 10
14
0 13 11
12 7 15
8 4 15
2 6 14
5 2 10
4 6 13
6 4 16
16 3 11
4 9 15
8 12 15
14 10 14
11 14 10
12 10 13
10 12 16
20
1 5
14 15
9 15
8 2
8 9
10 2
4 2
3 2
7 2
12 3
15 11
2 1
7 1
8 14
8 7
6 14
12 14
13 14
9 14
4 13
