13 10
-12 10 3 14 14 10 -16 -8 -16 8 
13 13 15 14 11 10 14 11 5 7 
6 5 0 9 11 6 13 12 7 1 
15 4 6 7 -7 -15 1 7 5 -4 
2 5 0 7 -3 7 -16 -14 12 8 
6 9 2 -11 12 6 6 1 -1 8 
9 16 3 16 -13 -13 16 3 16 9 
8 -1 1 6 6 12 -11 2 9 6 
8 12 -14 -16 7 -3 7 0 5 2 
-4 5 7 1 -15 -7 7 6 4 15 
1 7 12 13 6 11 9 0 5 6 
7 5 11 14 10 11 14 15 13 13 
8 -16 -8 -16 10 14 14 3 10 -12 
49
2
3 2
7 8
9 7
5 1
14
9 6 16
4 2 13
2 3 15
8 5 15
5 2 10
2 7 8
6 4 11
3 3 16
8 7 13
10 6 15
4 4 15
7 7 10
10 2 8
6 5 11
8
3 7
12 0
7 3
7 1
9 2
0 9
5 6
5 8
