20 20
5 1 9 -5 -10 7 9 10 11 -6 1 13 12 8 5 7 9 -12 2 0 
8 -10 2 -13 11 0 7 8 -11 4 9 2 7 -4 1 12 13 0 7 11 
10 -9 3 3 9 7 9 2 -5 9 -5 5 -1 -13 4 -2 8 -8 9 6 
0 9 12 -1 9 9 1 5 -4 11 -6 -2 9 1 13 -6 9 7 9 -7 
9 -13 10 -6 2 4 13 -8 -10 10 9 13 -6 7 -6 5 5 9 -12 -9 
-13 3 11 13 13 -5 11 3 4 4 4 3 6 -7 4 4 13 -6 -9 9 
-10 4 13 10 -3 6 -9 2 5 9 8 12 7 5 12 4 -11 12 -5 7 
4 5 7 5 4 -11 13 10 4 7 -5 -10 8 12 10 8 9 6 5 7 
-2 -1 7 -6 8 8 3 11 9 12 6 0 -1 -5 13 -2 9 13 0 -6 
2 3 9 6 3 4 10 13 -3 1 8 9 8 0 -9 4 -2 13 5 2 
2 5 13 -2 4 -9 0 8 9 8 1 -3 13 10 4 3 6 9 3 2 
-6 0 13 9 -2 13 -5 -1 0 6 12 9 11 3 8 8 -6 7 -1 -2 
7 5 6 9 8 10 12 8 -10 -5 7 4 10 13 -11 4 5 7 5 4 
7 -5 12 -11 4 12 5 7 12 8 9 5 2 -9 6 -3 10 13 4 -10 
9 -9 -6 13 4 4 -7 6 3 4 4 4 3 11 -5 13 13 11 3 -13 
-9 -12 9 5 5 -6 7 -6 13 9 10 -10 -8 13 4 2 -6 10 -13 9 
-7 9 7 9 -6 13 1 9 -2 -6 11 -4 5 1 9 9 -1 12 9 0 
6 9 -8 8 -2 4 -13 -1 5 -5 9 -5 2 9 7 9 3 3 -9 10 
11 7 0 13 12 1 -4 7 2 9 4 -11 8 7 0 11 -13 2 -10 8 
0 2 -12 9 7 5 8 12 13 1 -6 11 10 9 7 -10 -5 9 1 5 
54
4
15 19
19 12
1 12
6 17
4 0
0 7
18 7
13 2
16
13 6 14
1 10 10
11 4 11
18 14 9
18 13 11
5 13 8
7 12 16
17 1 8
6 13 14
18 9 10
8 15 11
1 5 9
1 6 11
14 6 8
12 7 16
2 18 8
0
