20 20
-2 1 -1 1 4 0 3 5 4 -3 2 1 2 4 -1 4 5 2 5 5 
4 5 1 -5 4 4 -4 3 4 -5 1 -3 2 -1 4 -2 3 3 1 5 
1 -2 5 -3 -2 2 -3 5 -3 4 5 5 3 4 0 1 -5 4 5 0 
2 -5 -2 3 5 4 2 0 -2 2 3 5 1 5 -2 2 3 5 5 1 
4 1 3 5 2 5 -4 4 0 3 1 3 4 -5 1 4 1 4 1 -1 
0 2 1 -1 4 2 -3 -5 1 3 0 3 -5 5 0 0 3 4 0 1 
4 0 1 -1 5 -2 2 -4 4 5 4 0 -5 4 2 5 4 3 2 -1 
3 3 4 -4 3 3 2 -4 5 2 5 5 -5 3 1 -1 3 5 4 1 
1 1 4 5 -2 5 1 -4 0 2 5 2 3 -1 4 5 -1 -4 1 4 
4 -1 0 5 1 -4 4 -4 2 5 5 4 2 3 -5 -4 -3 2 1 2 
2 1 2 -3 -4 -5 3 2 4 5 5 2 -4 4 -4 1 5 0 -1 4 
4 1 -4 -1 5 4 -1 3 2 5 2 0 -4 1 5 -2 5 4 1 1 
1 4 5 3 -1 1 3 -5 5 5 2 5 -4 2 3 3 -4 4 3 3 
-1 2 3 4 5 2 4 -5 0 4 5 4 -4 2 -2 5 -1 1 0 4 
1 0 4 3 0 0 5 -5 3 0 3 1 -5 -3 2 4 -1 1 2 0 
-1 1 4 1 4 1 -5 4 3 1 3 0 4 -4 5 2 5 3 1 4 
1 5 5 3 2 -2 5 1 5 3 2 -2 0 2 4 5 3 -2 -5 2 
0 5 4 -5 1 0 4 3 5 5 4 -3 5 -3 2 -2 -3 5 -2 1 
5 1 3 3 -2 4 -1 2 -3 1 -5 4 3 -4 4 4 -5 1 5 4 
5 5 2 5 4 -1 4 2 1 2 -3 4 5 3 0 4 1 -1 1 -2 
44
7
16 10
0 11
7 9
0 3
7 15
17 0
15 18
3 9
19 8
12 10
19 16
12 4
2 19
4 1
14
14 18 8
10 18 8
5 3 8
15 6 16
8 17 9
7 19 12
16 12 10
5 1 8
9 1 8
14 16 8
4 13 16
11 2 9
12 0 12
3 7 10
0
