12 13
4 7 -11 6 16 -10 28 10 30 7 20 2 -2 
-26 -10 28 26 -1 11 2 9 19 -24 14 -15 -13 
-28 12 13 12 26 1 19 -9 -18 9 -15 7 -5 
5 -12 19 6 18 -6 28 24 16 25 11 28 20 
-19 -15 19 -2 11 28 -15 0 12 20 20 28 14 
-30 23 19 2 17 -17 30 -6 0 13 7 9 26 
26 9 7 13 0 -6 30 -17 17 2 19 23 -30 
14 28 20 20 12 0 -15 28 11 -2 19 -15 -19 
20 28 11 25 16 24 28 -6 18 6 19 -12 5 
-5 7 -15 9 -18 -9 19 1 26 12 13 12 -28 
-13 -15 14 -24 19 9 2 11 -1 26 28 -10 -26 
-2 2 20 7 30 10 28 -10 16 6 -11 7 4 
59
2
8 2
8 3
3 10
3 9
10
7 10 10
10 3 15
5 10 15
6 9 15
10 11 15
4 2 10
1 9 15
6 2 15
5 3 15
1 1 15
12
2 1
2 3
8 1
7 6
0 9
9 1
9 11
9 9
3 11
4 6
11 3
2 11
