20 20
3 -3 3 -2 3 -3 1 1 3 2 -1 1 1 -3 -4 -3 2 4 2 3 
4 4 3 2 2 3 -3 3 0 4 4 0 -4 -4 4 -1 1 -4 4 0 
0 -1 0 -4 4 4 -4 1 2 3 3 4 2 0 -3 3 3 2 2 0 
3 2 3 -3 -4 -3 0 3 0 3 0 2 2 3 2 -1 -4 1 3 2 
3 -1 -2 4 3 -4 2 -4 4 -3 -4 -4 2 0 -1 -3 4 1 2 0 
4 4 -2 4 1 2 -2 4 4 -3 2 -4 0 -4 2 0 1 2 4 -2 
2 0 3 1 3 4 3 3 1 -1 3 1 4 4 2 3 4 -3 1 -4 
1 -2 4 0 1 -2 3 2 0 4 3 3 2 4 -4 -2 1 -1 3 -4 
4 2 3 -2 4 1 2 2 0 1 3 3 -1 1 3 0 2 4 3 2 
0 3 4 2 2 4 3 2 4 1 1 1 -4 -1 -3 4 3 -4 1 1 
1 1 -4 3 4 -3 -1 -4 1 1 1 4 2 3 4 2 2 4 3 0 
2 3 4 2 0 3 1 -1 3 3 1 0 2 2 1 4 -2 3 2 4 
-4 3 -1 1 -2 -4 4 2 3 3 4 0 2 3 -2 1 0 4 -2 1 
-4 1 -3 4 3 2 4 4 1 3 -1 1 3 3 4 3 1 3 0 2 
-2 4 2 1 0 2 -4 0 -4 2 -3 4 4 -2 2 1 4 -2 4 4 
0 2 1 4 -3 -1 0 2 -4 -4 -3 4 -4 2 -4 3 4 -2 -1 3 
2 3 1 -4 -1 2 3 2 2 0 3 0 3 0 -3 -4 -3 3 2 3 
0 2 2 3 3 -3 0 2 4 3 3 2 1 -4 4 4 -4 0 -1 0 
0 4 -4 1 -1 4 -4 -4 0 4 4 0 3 -3 3 2 2 3 4 4 
3 2 4 2 -3 -4 -3 1 1 -1 2 3 1 1 -3 3 -2 3 -3 3 
32
7
3 0
11 14
8 0
11 2
1 12
6 2
2 4
16 19
8 5
11 19
8 17
18 7
13 17
17 15
20
13 11 8
16 17 13
4 0 15
13 18 14
5 15 9
9 10 12
18 19 13
10 5 13
9 3 15
10 6 9
6 8 8
3 2 13
15 19 15
6 1 14
14 4 9
10 9 12
1 0 13
9 14 13
10 16 15
9 13 9
0
