10 20
2 -8 3 -1 -6 3 4 2 6 -7 -7 5 0 2 -1 -3 8 7 1 -5 
-5 9 0 0 -2 4 5 -8 7 1 3 5 6 -1 2 -4 2 5 5 7 
3 -3 2 4 -1 -9 -4 6 3 8 4 4 5 6 9 9 3 -9 4 1 
9 9 6 3 -5 5 2 3 6 5 0 8 0 -9 4 2 -9 5 -3 8 
-1 8 6 2 6 2 7 2 -4 4 0 2 1 7 -6 8 0 6 -2 9 
9 -2 6 0 8 -6 7 1 2 0 4 -4 2 7 2 6 2 6 8 -1 
8 -3 5 -9 2 4 -9 0 8 0 5 6 3 2 5 -5 3 6 9 9 
1 4 -9 3 9 9 6 5 4 4 8 3 6 -4 -9 -1 4 2 -3 3 
7 5 5 2 -4 2 -1 6 5 3 1 7 -8 5 4 -2 0 0 9 -5 
-5 1 7 8 -3 -1 2 0 5 -7 -7 6 2 4 3 -6 -1 3 -8 2 
43
7
8 10
1 11
4 18
9 17
0 5
4 19
1 12
1 9
8 8
5 1
0 2
9 14
5 0
8 7
12
4 1 9
9 10 11
7 1 11
9 1 8
1 5 11
5 15 9
5 18 9
0 9 11
2 18 11
0 18 8
8 14 11
4 4 9
18
1 17
5 8
3 11
3 14
2 10
6 9
4 3
4 15
1 10
8 2
4 11
6 8
6 5
7 9
3 10
5 16
5 4
8 9
