14 12
3 1 2 2 2 1 -2 2 2 1 0 0 
-3 0 2 1 -3 1 2 1 3 2 -3 -1 
3 3 2 -2 2 3 1 -1 3 2 1 -3 
1 3 -1 -2 1 -3 0 2 0 0 0 -2 
0 2 3 3 3 1 -3 1 -1 0 3 -2 
1 2 -2 0 3 -2 3 0 1 3 3 3 
3 0 -3 0 1 1 1 3 2 3 3 2 
2 3 3 2 3 1 1 1 0 -3 0 3 
3 3 3 1 0 3 -2 3 0 -2 2 1 
-2 3 0 -1 1 -3 1 3 3 3 2 0 
-2 0 0 0 2 0 -3 1 -2 -1 3 1 
-3 1 2 3 -1 1 3 2 -2 2 3 3 
-1 -3 2 3 1 2 1 -3 1 2 0 -3 
0 0 1 2 2 -2 1 2 2 2 1 3 
48
6
12 3
4 1
12 9
0 11
10 0
10 4
1 8
9 10
1 2
13 0
3 11
3 7
16
5 10 15
13 6 16
12 2 12
8 4 11
4 5 15
2 7 16
11 2 9
6 11 16
8 1 15
0 5 16
1 9 12
5 7 11
9 6 15
11 4 16
2 9 9
7 0 16
10
9 8
1 0
13 2
6 7
7 1
4 3
12 11
0 9
7 4
6 10
