15 13
-3 4 19 2 25 8 21 27 1 -1 14 5 16 
4 3 24 11 1 -1 4 -12 9 26 12 5 23 
25 7 -18 17 8 1 -1 -3 9 25 -12 9 13 
-18 27 7 4 12 18 28 7 -15 2 4 13 -12 
11 23 28 21 13 12 17 5 4 27 19 -12 13 
6 -6 15 11 16 15 20 -19 25 19 10 25 -26 
16 9 -7 13 -4 13 13 3 13 -19 15 16 23 
27 -2 20 20 -6 26 12 26 -6 20 20 -2 27 
23 16 15 -19 13 3 13 13 -4 13 -7 9 16 
-26 25 10 19 25 -19 20 15 16 11 15 -6 6 
13 -12 19 27 4 5 17 12 13 21 28 23 11 
-12 13 4 2 -15 7 28 18 12 4 7 27 -18 
13 9 -12 25 9 -3 -1 1 8 17 -18 7 25 
23 5 12 26 9 -12 4 -1 1 11 24 3 4 
16 5 14 -1 1 27 21 8 25 2 19 4 -3 
39
8
13 11
12 3
3 2
13 9
1 4
13 0
1 5
7 6
1 1
2 9
11 10
1 3
13 8
1 12
13 7
7 6
8
7 3 10
3 0 13
7 12 9
14 8 10
7 9 10
11 12 13
7 0 9
0 4 10
16
8 1
12 0
14 5
1 8
3 8
4 12
7 1
3 11
6 11
2 12
0 7
13 4
11 4
10 0
7 11
11 1
