16 17
-13 5 3 4 9 4 12 -10 11 1 11 -3 -4 13 11 6 13 
11 1 8 7 4 1 9 -4 3 -13 10 8 4 -1 10 6 2 
12 8 2 6 -9 0 -12 12 1 2 9 5 -4 -7 -13 10 -7 
10 3 9 3 8 6 1 -6 13 7 9 8 7 10 3 -9 3 
11 10 3 3 -8 13 -10 -9 1 4 5 -5 8 8 -11 5 -1 
-11 10 10 6 1 2 11 0 9 -9 1 8 -6 2 9 10 10 
-11 1 13 4 -6 6 -10 5 12 10 1 13 -8 -1 -11 6 1 
2 2 10 -13 4 -7 4 1 6 5 11 12 -1 5 13 13 1 
1 13 13 5 -1 12 11 5 6 1 4 -7 4 -13 10 2 2 
1 6 -11 -1 -8 13 1 10 12 5 -10 6 -6 4 13 1 -11 
10 10 9 2 -6 8 1 -9 9 0 11 2 1 6 10 10 -11 
-1 5 -11 8 8 -5 5 4 1 -9 -10 13 -8 3 3 10 11 
3 -9 3 10 7 8 9 7 13 -6 1 6 8 3 9 3 10 
-7 10 -13 -7 -4 5 9 2 1 12 -12 0 -9 6 2 8 12 
2 6 10 -1 4 8 10 -13 3 -4 9 1 4 7 8 1 11 
13 6 11 13 -4 -3 11 1 11 -10 12 4 9 4 3 5 -13 
46
2
13 12
2 16
2 4
13 0
18
9 12 8
2 9 11
7 12 13
12 0 12
8 14 10
3 11 15
13 14 10
14 16 14
15 16 12
6 4 8
13 7 11
8 4 13
3 16 12
7 2 10
12 5 15
2 2 10
1 0 14
0 0 12
26
14 5
12 3
3 15
6 15
2 1
4 0
9 5
6 2
8 0
12 4
15 4
0 15
4 1
1 11
3 13
12 1
9 1
13 15
11 16
6 11
9 14
7 16
3 12
0 12
15 1
11 15
