10 15
2 20 7 13 6 19 2 17 0 14 -20 11 -4 17 1 
15 -11 -4 13 19 17 17 16 14 16 11 19 -15 19 -3 
10 17 20 4 -17 4 10 17 -6 -18 6 2 -19 -17 9 
6 17 1 -2 -4 6 16 16 -14 8 -6 4 -13 10 20 
3 1 3 1 -19 6 18 -4 1 -11 -6 1 13 2 14 
14 2 13 1 -6 -11 1 -4 18 6 -19 1 3 1 3 
20 10 -13 4 -6 8 -14 16 16 6 -4 -2 1 17 6 
9 -17 -19 2 6 -18 -6 17 10 4 -17 4 20 17 10 
-3 19 -15 19 11 16 14 16 17 17 19 13 -4 -11 15 
1 17 -4 11 -20 14 0 17 2 19 6 13 7 20 2 
57
6
9 3
3 5
8 14
8 9
9 1
8 4
0 11
6 9
1 0
1 5
0 13
1 10
20
6 1 13
1 9 9
2 6 15
2 1 15
7 10 8
1 4 11
2 14 10
8 1 8
5 7 8
5 2 10
3 13 13
8 5 9
7 8 15
7 13 15
2 4 8
8 10 11
7 0 10
1 13 8
4 7 8
4 12 10
10
7 1
5 14
5 10
9 4
1 12
2 13
4 0
4 4
0 10
8 2
