14 15
-15 19 10 1 18 -11 1 -18 5 10 -11 10 15 -9 12 
0 18 2 -6 -5 4 11 18 11 15 -7 8 -16 15 15 
13 -17 -15 1 -15 17 12 7 16 12 14 11 0 18 17 
9 15 -5 6 -5 18 5 12 -11 -13 -9 9 10 2 -1 
16 -16 4 -14 8 18 16 -4 1 -11 10 -4 19 15 16 
16 15 15 14 19 12 5 15 19 7 16 -10 -13 -12 8 
18 14 1 6 10 4 18 0 2 2 9 -5 14 7 0 
0 7 14 -5 9 2 2 0 18 4 10 6 1 14 18 
8 -12 -13 -10 16 7 19 15 5 12 19 14 15 15 16 
16 15 19 -4 10 -11 1 -4 16 18 8 -14 4 -16 16 
-1 2 10 9 -9 -13 -11 12 5 18 -5 6 -5 15 9 
17 18 0 11 14 12 16 7 12 17 -15 1 -15 -17 13 
15 15 -16 8 -7 15 11 18 11 4 -5 -6 2 18 0 
12 -9 15 10 -11 10 5 -18 1 -11 18 1 10 19 -15 
40
2
10 2
5 6
3 12
8 8
14
2 5 11
8 9 10
10 11 8
10 3 12
13 9 10
7 8 9
2 3 16
11 9 11
5 5 10
3 3 8
3 11 12
0 5 10
6 6 9
11 11 16
18
2 7
1 14
2 12
5 12
8 13
11 12
5 9
11 14
7 0
11 7
12 0
11 2
8 2
5 1
2 2
8 5
2 0
6 14
