20 20
2 2 2 -3 1 3 3 1 -1 1 -3 1 0 0 1 -1 -4 3 3 0 
0 0 -4 1 0 3 3 0 0 4 0 -2 4 4 4 4 0 3 4 1 
3 0 -2 4 1 1 -1 4 4 4 -3 0 -3 4 0 3 3 -2 -1 4 
3 4 0 2 0 3 1 -3 0 -3 4 4 -3 3 3 4 2 -2 3 -2 
3 2 0 4 1 3 4 3 4 -2 2 1 1 1 0 2 1 3 3 2 
1 4 -2 4 4 -2 3 1 4 0 0 2 4 3 2 4 2 4 3 2 
4 -1 2 2 -4 4 0 2 1 2 3 1 3 3 3 4 -2 1 1 -1 
4 -4 3 2 -4 -1 0 3 4 1 0 -1 -4 3 4 3 1 3 -3 -2 
1 1 0 -2 3 4 3 4 -3 -4 1 2 4 1 1 2 2 1 4 0 
3 3 1 -3 1 2 1 3 3 3 3 0 0 -4 2 2 3 1 -4 2 
2 -4 1 3 2 2 -4 0 0 3 3 3 3 1 2 1 -3 1 3 3 
0 4 1 2 2 1 1 4 2 1 -4 -3 4 3 4 3 -2 0 1 1 
-2 -3 3 1 3 4 3 -4 -1 0 1 4 3 0 -1 -4 2 3 -4 4 
-1 1 1 -2 4 3 3 3 1 3 2 1 2 0 4 -4 2 2 -1 4 
2 3 4 2 4 2 3 4 2 0 0 4 1 3 -2 4 4 -2 4 1 
2 3 3 1 2 0 1 1 1 2 -2 4 3 4 3 1 4 0 2 3 
-2 3 -2 2 4 3 3 -3 4 4 -3 0 -3 1 3 0 2 0 4 3 
4 -1 -2 3 3 0 4 -3 0 -3 4 4 4 -1 1 1 4 -2 0 3 
1 4 3 0 4 4 4 4 -2 0 4 0 0 3 3 0 1 -4 0 0 
0 3 3 -4 -1 1 0 0 1 -3 1 -1 1 3 3 1 -3 2 2 2 
56
3
10 12
3 13
10 17
9 7
16 6
9 2
14
3 8 9
6 11 9
16 3 15
15 6 12
3 9 12
3 4 9
7 19 10
16 11 9
13 8 9
3 16 15
4 13 12
16 10 12
16 15 9
12 0 10
0
