10 20
2 -1 2 5 4 4 0 -4 4 3 3 2 3 2 2 4 0 3 4 3 
1 4 5 0 2 3 5 2 4 4 4 2 2 1 0 4 5 5 1 -4 
0 0 5 -3 0 4 1 3 3 -1 4 1 -4 -1 0 2 3 4 0 2 
1 2 1 5 4 3 2 2 5 -4 0 -2 -3 4 4 0 -4 5 2 4 
1 -4 3 2 1 0 4 3 1 4 5 4 2 3 5 3 0 -5 3 -4 
-4 3 -5 0 3 5 3 2 4 5 4 1 3 4 0 1 2 3 -4 1 
4 2 5 -4 0 4 4 -3 -2 0 -4 5 2 2 3 4 5 1 2 1 
2 0 4 3 2 0 -1 -4 1 4 -1 3 3 1 4 0 -3 5 0 0 
-4 1 5 5 4 0 1 2 2 4 4 4 2 5 3 2 0 5 4 1 
3 4 3 0 4 2 2 3 2 3 3 4 -4 0 4 4 5 2 -1 2 
46
5
4 19
2 14
4 7
7 3
1 13
5 0
7 5
5 12
2 16
8 6
12
8 16 14
9 7 12
3 5 14
3 17 12
4 16 8
0 19 14
1 3 14
0 12 12
6 14 14
6 2 12
5 3 8
9 0 14
14
8 4
2 4
9 3
9 15
8 13
3 18
5 9
1 15
7 15
0 16
0 4
1 6
6 1
4 10
