12 18
-1 -2 2 -3 3 -3 -2 3 -1 0 3 0 1 2 3 0 3 2 
2 1 2 -1 1 -2 1 3 2 1 1 0 -3 1 2 3 3 3 
3 3 1 -2 1 -1 1 1 1 2 -1 3 2 3 1 3 1 2 
3 2 1 1 2 2 3 -3 1 3 2 2 0 3 2 1 0 1 
1 3 3 -2 0 3 1 3 -2 2 1 2 3 0 -1 1 2 -2 
1 2 1 0 1 -1 -1 2 -1 -3 0 0 0 1 1 3 3 2 
2 3 3 1 1 0 0 0 -3 -1 2 -1 -1 1 0 1 2 1 
-2 2 1 -1 0 3 2 1 2 -2 3 1 3 0 -2 3 3 1 
1 0 1 2 3 0 2 2 3 1 -3 3 2 2 1 1 2 3 
2 1 3 1 3 2 3 -1 2 1 1 1 -1 1 -2 1 3 3 
3 3 3 2 1 -3 0 1 1 2 3 1 -2 1 -1 2 1 2 
2 3 0 3 2 1 0 3 0 -1 3 -2 -3 3 -3 2 -2 -1 
32
8
0 17
5 6
2 12
1 16
8 1
0 3
0 6
0 11
11 0
6 11
9 5
10 1
3 16
11 14
11 11
11 6
12
4 0 12
10 15 9
11 8 11
0 16 8
9 10 8
5 8 11
7 17 12
1 2 9
0 9 11
11 1 8
2 7 8
6 9 11
18
3 6
5 17
4 1
11 4
1 14
5 14
3 9
4 17
4 13
8 11
6 0
7 16
0 13
10 3
6 3
8 8
7 0
7 4
