20 20
3 8 8 -8 -11 3 5 11 7 -10 2 2 9 10 8 2 5 11 6 11 
7 -7 9 3 -10 8 8 8 3 8 5 6 3 -1 9 -4 9 5 11 1 
-9 7 2 4 1 11 8 -2 -9 5 -3 3 9 9 10 -9 11 0 0 11 
0 -8 2 7 9 9 9 11 9 5 4 11 4 -2 9 3 11 7 4 3 
-2 11 10 10 0 11 2 4 -8 3 -4 7 8 -6 6 -4 9 10 8 6 
7 9 -2 11 7 8 2 -10 5 2 10 -5 -9 0 4 -7 11 6 3 -9 
1 -8 10 -5 6 1 10 -1 -2 3 10 2 4 3 11 0 -9 8 7 -7 
10 -7 5 11 11 6 -5 9 1 11 1 3 9 1 -9 0 -9 7 1 1 
7 4 2 1 2 7 5 -6 -1 9 9 9 1 4 7 3 5 11 3 5 
9 4 -5 6 7 -2 7 -2 6 6 1 2 -11 -11 1 3 -6 -2 -10 6 
6 -10 -2 -6 3 1 -11 -11 2 1 6 6 -2 7 -2 7 6 -5 4 9 
5 3 11 5 3 7 4 1 9 9 9 -1 -6 5 7 2 1 2 4 7 
1 1 7 -9 0 -9 1 9 3 1 11 1 9 -5 6 11 11 5 -7 10 
-7 7 8 -9 0 11 3 4 2 10 3 -2 -1 10 1 6 -5 10 -8 1 
-9 3 6 11 -7 4 0 -9 -5 10 2 5 -10 2 8 7 11 -2 9 7 
6 8 10 9 -4 6 -6 8 7 -4 3 -8 4 2 11 0 10 10 11 -2 
3 4 7 11 3 9 -2 4 11 4 5 9 11 9 9 9 7 2 -8 0 
11 0 0 11 -9 10 9 9 3 -3 5 -9 -2 8 11 1 4 2 7 -9 
1 11 5 9 -4 9 -1 3 6 5 8 3 8 8 8 -10 3 9 -7 7 
11 6 11 5 2 8 10 9 2 2 -10 7 11 5 3 -11 -8 8 8 3 
40
6
12 7
7 8
6 19
16 2
18 14
17 16
7 12
12 11
13 0
3 17
1 5
2 3
16
14 18 14
16 3 14
2 6 16
14 17 11
5 9 14
4 1 10
4 13 16
18 5 8
5 1 14
3 16 14
17 13 16
5 2 11
14 10 14
15 18 10
15 6 16
1 14 8
0
