20 20
12 0 10 2 1 12 -3 3 5 -12 2 3 4 9 3 5 4 -11 5 -10 
5 12 5 -2 6 -3 1 6 2 -2 9 6 -2 6 11 7 5 7 9 7 
2 0 2 6 10 8 -1 -6 12 3 3 12 -1 -6 2 3 4 11 9 7 
12 12 10 10 1 2 9 -6 -4 9 5 0 2 10 8 3 1 -11 4 9 
6 11 -12 11 -7 7 12 4 -11 5 -6 4 8 6 7 6 6 -9 12 9 
4 -8 2 8 9 5 -6 9 7 9 0 9 -9 3 -7 -8 -3 11 11 11 
4 11 10 9 7 3 11 0 9 11 1 1 -1 -9 12 -7 2 -4 4 3 
-2 0 4 7 7 10 0 4 3 3 -7 10 9 7 8 12 2 8 12 8 
12 12 4 -9 5 12 3 12 -6 3 -2 8 0 4 2 9 9 -8 7 -11 
-11 -11 8 1 3 9 0 11 1 -6 12 1 4 9 -6 3 10 11 -4 7 
7 -4 11 10 3 -6 9 4 1 12 -6 1 11 0 9 3 1 8 -11 -11 
-11 7 -8 9 9 2 4 0 8 -2 3 -6 12 3 12 5 -9 4 12 12 
8 12 8 2 12 8 7 9 10 -7 3 3 4 0 10 7 7 4 0 -2 
3 4 -4 2 -7 12 -9 -1 1 1 11 9 0 11 3 7 9 10 11 4 
11 11 11 -3 -8 -7 3 -9 9 0 9 7 9 -6 5 9 8 2 -8 4 
9 12 -9 6 6 7 6 8 4 -6 5 -11 4 12 7 -7 11 -12 11 6 
9 4 -11 1 3 8 10 2 0 5 9 -4 -6 9 2 1 10 10 12 12 
7 9 11 4 3 2 -6 -1 12 3 3 12 -6 -1 8 10 6 2 0 2 
7 9 7 5 7 11 6 -2 6 9 -2 2 6 1 -3 6 -2 5 12 5 
-10 5 -11 4 5 3 9 4 3 2 -12 5 3 -3 12 1 2 10 0 12 
39
6
3 7
18 16
15 10
9 11
10 16
12 18
16 12
1 3
4 9
10 8
9 3
7 1
16
15 13 11
6 11 13
18 2 14
1 19 14
17 0 13
0 1 15
0 12 14
17 14 14
4 6 11
13 8 13
1 17 14
18 0 14
2 19 13
19 18 15
19 7 14
2 5 14
0
