20 14
2 4 2 -3 0 10 9 11 13 8 -4 2 7 4 
7 -4 11 9 -5 -7 9 10 -5 9 14 0 3 14 
8 3 10 -4 -7 13 14 12 8 -6 9 14 3 9 
4 -1 -11 7 -14 6 11 8 7 -3 6 10 10 9 
11 -14 -1 14 14 3 8 2 -4 3 11 -1 12 -9 
9 -11 13 6 7 -5 10 11 5 8 10 13 6 -11 
0 9 7 2 1 -5 10 10 -4 12 14 9 2 4 
4 10 13 2 2 -5 9 13 4 3 4 9 10 7 
13 6 4 9 14 8 -3 3 6 -14 -2 5 -12 12 
-2 -11 10 10 -6 5 13 2 -11 8 1 8 4 10 
10 4 8 1 8 -11 2 13 5 -6 10 10 -11 -2 
12 -12 5 -2 -14 6 3 -3 8 14 9 4 6 13 
7 10 9 4 3 4 13 9 -5 2 2 13 10 4 
4 2 9 14 12 -4 10 10 -5 1 2 7 9 0 
-11 6 13 10 8 5 11 10 -5 7 6 13 -11 9 
-9 12 -1 11 3 -4 2 8 3 14 14 -1 -14 11 
9 10 10 6 -3 7 8 11 6 -14 7 -11 -1 4 
9 3 14 9 -6 8 12 14 13 -7 -4 10 3 8 
14 3 0 14 9 -5 10 9 -7 -5 9 11 -4 7 
4 7 2 -4 8 13 11 9 10 0 -3 2 4 2 
52
5
4 5
6 3
2 7
1 3
18 1
15 8
13 10
17 6
18 10
1 12
6
15 9 9
11 12 16
1 5 10
4 4 9
8 1 16
18 8 10
24
10 2
2 9
6 13
8 12
4 2
16 13
19 11
14 2
3 9
6 12
18 3
12 3
9 11
17 4
13 0
11 1
15 11
3 0
0 2
5 11
16 4
13 1
1 10
7 10
