13 11
6 4 0 1 -7 3 -6 7 0 0 5 
-2 3 1 3 -3 1 0 0 2 6 1 
3 -4 -3 3 4 7 0 6 -5 5 6 
0 6 6 -2 -3 6 5 7 6 -2 4 
7 3 4 6 2 6 1 -3 0 -1 1 
1 1 4 3 -4 3 -4 -6 6 6 1 
2 -1 6 3 0 0 0 3 6 -1 2 
1 6 6 -6 -4 3 -4 3 4 1 1 
1 -1 0 -3 1 6 2 6 4 3 7 
4 -2 6 7 5 6 -3 -2 6 6 0 
6 5 -5 6 0 7 4 3 -3 -4 3 
1 6 2 0 0 1 -3 3 1 3 -2 
5 0 0 7 -6 3 -7 1 0 4 6 
53
2
2 10
5 4
10 0
7 6
18
1 6 11
8 3 8
12 6 11
1 4 13
1 7 12
4 6 10
10 5 14
10 6 10
3 8 16
11 4 11
4 7 8
0 4 11
11 6 13
11 3 12
8 4 10
2 5 14
2 4 10
9 2 16
10
6 0
9 6
12 8
11 9
8 9
6 10
3 4
0 2
1 1
4 1
