11 19
6 -5 -4 -3 5 4 16 14 15 -11 1 -4 2 14 13 7 12 10 8 
10 -14 3 -9 -13 15 -6 14 -9 -7 13 12 8 4 -6 -3 6 9 8 
-6 15 -5 14 7 4 -6 4 -11 8 13 10 6 -12 -16 0 1 13 10 
-10 16 7 7 1 -6 5 7 9 2 9 -16 2 13 -3 5 8 13 16 
-16 1 6 8 2 -2 -14 -5 16 13 -15 -3 7 -10 -12 14 1 2 1 
-4 12 0 -7 -5 8 4 1 12 -8 12 1 4 8 -5 -7 0 12 -4 
1 2 1 14 -12 -10 7 -3 -15 13 16 -5 -14 -2 2 8 6 1 -16 
16 13 8 5 -3 13 2 -16 9 2 9 7 5 -6 1 7 7 16 -10 
10 13 1 0 -16 -12 6 10 13 8 -11 4 -6 4 7 14 -5 15 -6 
8 9 6 -3 -6 4 8 12 13 -7 -9 14 -6 15 -13 -9 3 -14 10 
8 10 12 7 13 14 2 -4 1 -11 15 14 16 4 5 -3 -4 -5 6 
31
3
0 12
6 13
0 16
10 6
4 5
10 2
20
10 15 9
3 11 16
4 18 13
8 7 11
7 6 13
3 1 13
1 14 8
0 13 11
5 1 13
5 11 8
0 3 9
7 7 16
6 0 13
2 11 11
3 12 13
7 17 13
9 4 8
10 5 11
5 17 13
5 7 8
20
4 14
10 16
8 5
8 0
10 12
7 2
4 3
5 9
3 4
6 14
6 4
0 2
2 13
2 18
0 6
3 16
6 15
5 9
7 14
4 4
