13 16
5 -3 9 5 -17 11 -9 13 5 0 15 -5 2 0 -3 4 
-19 6 4 -9 17 5 19 19 17 13 11 17 16 9 8 1 
-8 1 11 7 1 -12 2 4 0 10 3 -18 16 6 1 -8 
13 -14 -4 16 10 9 10 -3 11 -9 -13 -7 14 3 8 17 
11 18 17 -15 13 -14 18 14 19 -7 13 -14 -8 8 5 1 
1 -19 6 17 5 -12 18 2 0 15 0 8 15 -10 13 15 
0 19 11 14 10 -18 15 14 14 15 -18 10 14 11 19 0 
15 13 -10 15 8 0 15 0 2 18 -12 5 17 6 -19 1 
1 5 8 -8 -14 13 -7 19 14 18 -14 13 -15 17 18 11 
17 8 3 14 -7 -13 -9 11 -3 10 9 10 16 -4 -14 13 
-8 1 6 16 -18 3 10 0 4 2 -12 1 7 11 1 -8 
1 8 9 16 17 11 13 17 19 19 5 17 -9 4 6 -19 
4 -3 0 2 -5 15 0 5 13 -9 11 -17 5 9 -3 5 
40
6
7 13
2 1
11 9
5 11
11 7
0 9
5 2
10 14
1 6
7 4
1 8
12 6
6
4 14 15
1 13 10
1 14 13
8 1 15
11 2 10
11 1 13
14
2 12
4 2
4 13
7 12
7 3
0 14
12 7
10 3
8 13
8 2
5 3
5 12
12 1
0 8
