19 19
22 5 -6 6 6 5 8 -14 17 3 -6 -8 -18 13 6 3 -15 -10 17 
1 4 19 5 19 9 -6 20 20 15 15 4 -15 0 18 23 20 -2 21 
17 18 12 15 8 5 3 -22 -18 20 10 -23 10 14 7 20 3 7 -11 
-1 -20 14 -1 11 11 3 13 6 17 19 -22 -14 -19 16 11 -3 -20 6 
13 16 7 -4 19 -22 -2 -4 12 -22 -15 11 20 -8 12 19 20 4 18 
12 -20 6 7 14 14 -22 9 21 18 19 17 11 -15 2 -19 3 6 1 
0 22 2 9 14 -5 15 13 11 21 16 7 15 9 -12 1 7 21 7 
9 17 11 13 13 -20 9 6 6 -13 1 3 11 18 22 9 -17 -10 10 
16 -6 1 17 22 21 16 19 -9 16 5 -13 -4 -20 5 20 2 17 12 
18 4 -11 0 10 4 -7 15 -17 9 -17 15 -7 4 10 0 -11 4 18 
12 17 2 20 5 -20 -4 -13 5 16 -9 19 16 21 22 17 1 -6 16 
10 -10 -17 9 22 18 11 3 1 -13 6 6 9 -20 13 13 11 17 9 
7 21 7 1 -12 9 15 7 16 21 11 13 15 -5 14 9 2 22 0 
1 6 3 -19 2 -15 11 17 19 18 21 9 -22 14 14 7 6 -20 12 
18 4 20 19 12 -8 20 11 -15 -22 12 -4 -2 -22 19 -4 7 16 13 
6 -20 -3 11 16 -19 -14 -22 19 17 6 13 3 11 11 -1 14 -20 -1 
-11 7 3 20 7 14 10 -23 10 20 -18 -22 3 5 8 15 12 18 17 
21 -2 20 23 18 0 -15 4 15 15 20 20 -6 9 19 5 19 4 1 
17 -10 -15 3 6 13 -18 -8 -6 3 17 -14 8 5 6 6 -6 5 22 
53
6
2 4
15 13
9 3
1 10
6 14
15 16
16 14
3 5
9 15
17 8
12 4
3 2
18
3 8 13
9 8 13
13 12 14
1 13 13
11 4 15
5 12 13
17 4 14
1 3 16
3 17 8
15 10 13
9 10 13
5 6 14
17 5 13
7 14 15
13 6 13
1 14 14
17 15 16
15 1 8
32
16 8
4 15
4 3
11 15
15 0
2 3
2 17
4 2
17 10
6 3
7 2
5 4
4 16
11 1
17 13
5 7
2 10
14 3
14 15
7 3
3 18
16 15
16 1
14 16
1 8
12 15
11 16
13 14
14 2
7 17
1 5
13 11
