13 19
10 -17 15 17 9 -2 6 15 4 14 -5 16 9 5 11 7 -7 25 12 
7 -13 10 4 7 4 -22 8 -13 10 -26 19 3 -15 18 -18 -3 6 6 
20 6 26 19 25 -9 -7 -9 16 7 7 -8 8 20 18 -26 -1 13 0 
3 10 8 22 -20 4 -9 17 -3 26 12 17 26 -7 -12 8 -3 19 3 
-19 8 6 24 12 15 19 25 23 -12 2 26 8 2 -12 10 -3 20 -2 
4 9 -10 10 -26 22 15 6 12 -1 20 6 -3 14 21 3 14 16 24 
5 15 16 24 19 14 23 -13 -3 8 -3 -13 23 14 19 24 16 15 5 
24 16 14 3 21 14 -3 6 20 -1 12 6 15 22 -26 10 -10 9 4 
-2 20 -3 10 -12 2 8 26 2 -12 23 25 19 15 12 24 6 8 -19 
3 19 -3 8 -12 -7 26 17 12 26 -3 17 -9 4 -20 22 8 10 3 
0 13 -1 -26 18 20 8 -8 7 7 16 -9 -7 -9 25 19 26 6 20 
6 6 -3 -18 18 -15 3 19 -26 10 -13 8 -22 4 7 4 10 -13 7 
12 25 -7 7 11 5 9 16 -5 14 4 15 6 -2 9 17 15 -17 10 
50
5
10 11
6 14
8 17
3 7
4 13
2 7
6 4
4 1
9 11
8 5
10
10 2 13
11 7 13
2 8 11
8 3 10
9 6 14
2 16 13
1 11 13
10 10 11
4 15 10
3 12 14
20
1 10
5 10
5 2
1 13
9 16
2 0
5 4
3 8
11 16
8 18
11 8
7 8
7 16
11 5
3 2
10 18
7 14
9 10
1 2
4 0
