17 17
-14 19 4 -6 4 13 -21 9 18 -1 8 -1 15 13 -8 1 8 
1 -16 11 14 3 -19 0 19 6 -10 0 14 0 3 14 3 9 
18 12 3 10 -20 14 -4 18 18 14 11 0 15 1 17 6 14 
17 18 15 8 16 18 6 16 0 12 -19 -5 16 11 -19 11 -6 
12 -20 0 4 4 1 3 18 1 5 14 9 4 9 -6 -2 5 
13 13 10 18 14 12 3 -14 -16 4 -8 11 12 10 -19 -16 18 
14 -1 6 8 8 -1 -6 8 15 -10 -1 -13 10 19 18 -12 16 
8 -5 11 17 4 17 -16 21 -5 -5 -4 -15 17 -15 1 8 -7 
-11 -4 17 19 17 1 -7 5 2 5 -7 1 17 19 17 -4 -11 
-7 8 1 -15 17 -15 -4 -5 -5 21 -16 17 4 17 11 -5 8 
16 -12 18 19 10 -13 -1 -10 15 8 -6 -1 8 8 6 -1 14 
18 -16 -19 10 12 11 -8 4 -16 -14 3 12 14 18 10 13 13 
5 -2 -6 9 4 9 14 5 1 18 3 1 4 4 0 -20 12 
-6 11 -19 11 16 -5 -19 12 0 16 6 18 16 8 15 18 17 
14 6 17 1 15 0 11 14 18 18 -4 14 -20 10 3 12 18 
9 3 14 3 0 14 0 -10 6 19 0 -19 3 14 11 -16 1 
8 1 -8 13 15 -1 8 -1 18 9 -21 13 4 -6 4 19 -14 
34
8
14 10
15 7
13 15
6 2
0 2
13 5
14 4
14 12
2 6
1 9
3 1
10 14
16 14
3 11
2 12
2 4
18
13 3 9
10 15 15
1 15 16
3 2 8
14 8 15
1 13 11
7 0 11
13 1 10
7 6 13
3 13 9
6 1 15
15 1 16
13 14 8
2 8 15
15 3 11
9 16 11
3 15 10
9 10 13
24
10 1
4 9
7 4
3 9
1 11
4 1
3 12
10 11
1 10
7 9
14 13
1 16
6 15
12 7
9 12
13 7
15 5
12 15
13 4
6 5
15 6
9 7
2 3
15 0
