18 17
10 7 9 -3 -1 9 5 5 -11 -9 10 4 4 -2 11 12 2 
-3 9 7 -10 13 11 6 13 12 -8 2 6 -3 12 13 2 -12 
2 1 1 6 -6 -5 -2 -9 -4 1 10 6 -2 -11 -12 11 -7 
12 2 -8 11 4 4 -8 10 12 9 8 9 7 -2 0 11 7 
5 10 -11 13 -11 11 9 8 10 6 2 -13 -3 8 10 -1 -6 
5 -5 10 7 12 3 -9 -6 8 3 0 3 7 -4 10 7 1 
11 10 9 -13 3 3 7 6 10 -8 7 1 1 6 2 -12 9 
10 13 4 -1 -2 -5 3 9 0 1 12 9 0 11 10 -8 8 
-11 3 -1 3 4 3 6 -8 7 1 10 7 6 0 11 -3 3 
3 -3 11 0 6 7 10 1 7 -8 6 3 4 3 -1 3 -11 
8 -8 10 11 0 9 12 1 0 9 3 -5 -2 -1 4 13 10 
9 -12 2 6 1 1 7 -8 10 6 7 3 3 -13 9 10 11 
1 7 10 -4 7 3 0 3 8 -6 -9 3 12 7 10 -5 5 
-6 -1 10 8 -3 -13 2 6 10 8 9 11 -11 13 -11 10 5 
7 11 0 -2 7 9 8 9 12 10 -8 4 4 11 -8 2 12 
-7 11 -12 -11 -2 6 10 1 -4 -9 -2 -5 -6 6 1 1 2 
-12 2 13 12 -3 6 2 -8 12 13 6 11 13 -10 7 9 -3 
2 12 11 -2 4 4 10 -9 -11 5 5 9 -1 -3 9 7 10 
38
6
12 10
9 5
10 16
10 7
10 5
6 5
5 6
8 11
7 0
7 9
7 11
11 11
8
14 3 9
3 9 13
13 1 9
16 10 10
3 13 9
14 7 13
4 15 9
1 6 10
24
12 16
6 12
16 7
11 6
17 6
2 5
8 15
7 12
8 12
10 11
9 13
14 2
5 0
11 4
1 9
6 10
0 10
15 11
9 1
10 4
9 4
7 5
8 3
3 14
