12 12
1 1 2 1 2 0 2 -2 3 3 -1 3 
3 1 0 3 1 0 1 1 1 2 1 1 
2 3 0 2 -1 2 1 1 -1 2 3 2 
1 3 3 2 2 2 1 -2 2 0 -3 -3 
3 3 3 3 2 -1 2 -3 -3 -3 0 3 
3 2 0 2 2 -2 3 1 -2 2 3 -1 
-1 3 2 -2 1 3 -2 2 2 0 2 3 
3 0 -3 -3 -3 2 -1 2 3 3 3 3 
-3 -3 0 2 -2 1 2 2 2 3 3 1 
2 3 2 -1 1 1 2 -1 2 0 3 2 
1 1 2 1 1 1 0 1 3 0 1 3 
3 -1 3 3 -2 2 0 2 1 2 1 1 
30
7
5 7
3 11
9 11
2 10
3 10
10 6
3 9
6 4
8 0
2 0
9 1
8 1
1 5
8 2
20
4 6 8
1 0 9
5 0 15
1 10 13
0 10 9
9 2 11
0 3 11
4 9 16
1 9 11
10 8 9
7 5 8
10 11 9
6 11 15
10 1 13
11 1 9
2 9 11
11 8 11
7 2 16
10 2 11
1 3 9
8
1 7
10 5
9 0
3 8
10 4
1 6
2 11
8 3
