11 19
3 4 -3 -8 3 3 11 1 7 6 -8 -3 6 1 1 3 -12 14 6 
14 -10 7 2 -7 8 6 2 6 9 -9 13 13 5 9 6 4 11 7 
-10 14 9 14 4 6 9 3 5 12 6 14 12 -3 4 -8 8 12 -5 
-13 13 11 14 14 6 5 14 5 13 8 14 9 9 11 6 3 0 0 
-14 -13 3 14 1 8 9 11 4 -11 1 4 8 -6 6 13 8 1 1 
8 6 4 -8 12 14 -2 11 -12 3 -12 11 -2 14 12 -8 4 6 8 
1 1 8 13 6 -6 8 4 1 -11 4 11 9 8 1 14 3 -13 -14 
0 0 3 6 11 9 9 14 8 13 5 14 5 6 14 14 11 13 -13 
-5 12 8 -8 4 -3 12 14 6 12 5 3 9 6 4 14 9 14 -10 
7 11 4 6 9 5 13 13 -9 9 6 2 6 8 -7 2 7 -10 14 
6 14 -12 3 1 1 6 -3 -8 6 7 1 11 3 3 -8 -3 4 3 
33
8
5 12
4 3
8 14
0 7
8 7
7 8
8 9
10 5
5 6
6 15
2 4
10 11
2 11
3 10
2 9
0 13
12
1 18 9
9 10 8
3 2 12
8 0 16
9 3 13
8 13 15
9 0 9
1 8 8
7 16 12
2 18 16
1 15 13
2 5 15
18
10 17
3 18
3 4
2 10
4 11
3 11
4 6
9 16
0 16
0 1
7 0
7 14
8 8
6 7
7 7
6 12
1 2
10 2
