18 15
8 0 4 6 -5 -2 1 0 3 6 1 7 8 8 5 
7 -8 5 -7 -7 4 -5 5 -7 4 8 4 8 -1 2 
7 7 8 7 -5 -3 3 3 6 4 -7 -5 3 4 -6 
-6 7 4 4 1 6 7 5 7 6 6 8 1 -8 0 
0 3 3 -3 1 0 7 2 2 -1 -3 1 1 1 2 
3 -6 -5 -4 1 7 6 3 4 -6 2 8 5 -7 -8 
-2 -7 8 5 -5 5 5 5 2 6 4 -1 -5 -4 1 
6 -2 -7 -4 6 -2 6 -2 6 1 -3 4 8 7 -8 
1 1 -5 7 3 1 6 2 5 0 -8 5 1 1 2 
2 1 1 5 -8 0 5 2 6 1 3 7 -5 1 1 
-8 7 8 4 -3 1 6 -2 6 -2 6 -4 -7 -2 6 
1 -4 -5 -1 4 6 2 5 5 5 -5 5 8 -7 -2 
-8 -7 5 8 2 -6 4 3 6 7 1 -4 -5 -6 3 
2 1 1 1 -3 -1 2 2 7 0 1 -3 3 3 0 
0 -8 1 8 6 6 7 5 7 6 1 4 4 7 -6 
-6 4 3 -5 -7 4 6 3 3 -3 -5 7 8 7 7 
2 -1 8 4 8 4 -7 5 -5 4 -7 -7 5 -8 7 
5 8 8 7 1 6 3 0 1 -2 -5 6 4 0 8 
40
5
9 0
10 4
13 0
5 12
13 14
8 14
7 10
4 14
12 2
4 0
20
14 11 15
11 4 8
0 2 10
17 8 15
4 9 14
9 14 11
10 0 13
14 8 10
8 4 13
3 9 15
3 3 15
6 10 8
17 12 10
0 6 15
13 5 14
8 0 11
7 14 13
3 6 10
9 10 13
14 5 15
26
10 13
12 14
8 1
3 2
12 3
12 6
10 2
9 7
10 12
10 11
0 4
12 7
10 5
7 1
5 0
9 13
14 12
5 11
5 8
7 12
8 7
7 2
7 3
17 10
5 7
7 9
