13 16
-11 11 10 -15 21 22 7 10 22 16 -6 4 -1 9 17 -17 
10 -20 5 7 18 -23 21 17 -21 4 1 18 7 9 -9 -6 
18 21 4 17 13 -8 18 17 0 -10 5 9 -14 6 9 17 
13 4 20 13 10 2 10 11 2 15 4 21 -2 -15 -9 1 
-23 13 -18 23 -3 2 4 8 -1 1 2 1 -3 11 6 1 
17 5 9 17 23 13 14 -1 -3 -9 -4 18 -22 -16 15 5 
-3 20 2 22 8 -6 22 20 20 22 -6 8 22 2 20 -3 
5 15 -16 -22 18 -4 -9 -3 -1 14 13 23 17 9 5 17 
1 6 11 -3 1 2 1 -1 8 4 2 -3 23 -18 13 -23 
1 -9 -15 -2 21 4 15 2 11 10 2 10 13 20 4 13 
17 9 6 -14 9 5 -10 0 17 18 -8 13 17 4 21 18 
-6 -9 9 7 18 1 4 -21 17 21 -23 18 7 5 -20 10 
-17 17 9 -1 4 -6 16 22 10 7 22 21 -15 10 11 -11 
50
4
0 10
8 3
1 9
7 0
12 5
4 12
11 6
5 15
12
2 11 10
2 15 13
7 12 12
11 4 10
0 6 9
1 10 16
10 4 10
10 0 13
5 3 12
1 11 10
12 9 9
11 5 16
14
11 15
6 5
5 13
7 8
10 5
12 13
9 5
1 0
6 10
7 2
5 7
2 10
0 2
3 10
