10 11
2 7 16 10 5 6 22 6 1 21 -1 
18 20 1 0 12 3 16 1 9 8 7 
1 20 13 17 11 7 -22 2 10 16 3 
-12 21 2 -5 3 5 14 -22 16 18 5 
1 -8 19 4 11 16 8 3 -4 17 18 
18 17 -4 3 8 16 11 4 19 -8 1 
5 18 16 -22 14 5 3 -5 2 21 -12 
3 16 10 2 -22 7 11 17 13 20 1 
7 8 9 1 16 3 12 0 1 20 18 
-1 21 1 6 22 6 5 10 16 7 2 
48
8
4 6
8 4
7 6
5 7
1 3
2 1
3 1
9 3
5 4
1 6
2 4
4 3
8 7
7 9
6 9
0 7
18
9 10 13
4 5 16
4 9 14
9 0 11
9 7 8
4 7 16
6 2 15
7 0 16
9 1 11
0 0 13
5 5 16
5 1 14
0 10 11
0 3 8
5 3 16
3 8 15
2 10 16
0 9 11
6
8 5
1 10
8 2
1 5
8 0
1 8
