15 11
-11 -10 9 4 5 5 11 -3 1 -11 1 
-7 0 8 6 -11 6 10 11 9 8 7 
-2 -2 -11 10 -2 9 -10 6 5 1 5 
4 7 6 1 8 -3 3 0 10 -9 -10 
6 -5 11 3 3 -3 7 9 10 9 -2 
11 1 9 -3 2 7 -6 12 0 0 4 
12 1 5 8 2 6 12 1 8 11 6 
-2 -9 11 3 8 10 8 3 11 -9 -2 
6 11 8 1 12 6 2 8 5 1 12 
4 0 0 12 -6 7 2 -3 9 1 11 
-2 9 10 9 7 -3 3 3 11 -5 6 
-10 -9 10 0 3 -3 8 1 6 7 4 
5 1 5 6 -10 9 -2 10 -11 -2 -2 
7 8 9 11 10 6 -11 6 8 0 -7 
1 -11 1 -3 11 5 5 4 9 -10 -11 
45
5
13 2
1 6
8 9
1 7
11 0
1 8
13 4
6 1
13 3
3 10
20
9 2 11
12 1 9
2 5 15
0 5 9
12 0 8
5 9 11
14 0 14
6 5 13
0 2 15
6 9 8
5 8 11
2 9 9
12 5 15
14 5 9
2 10 8
9 1 11
0 10 14
8 5 13
14 8 15
8 1 8
14
7 4
14 9
8 10
7 5
0 9
9 6
1 2
7 6
0 1
6 0
7 5
14 1
5 4
13 8
