20 20
2 5 1 3 -1 4 5 -1 4 5 -3 -1 5 4 3 1 -4 -1 4 4 
-1 0 4 1 -3 1 1 5 4 3 2 5 0 -4 2 5 3 5 -1 4 
4 -2 4 4 3 2 5 1 4 -4 -1 -4 3 5 -2 5 -4 4 3 4 
3 1 1 -1 2 5 3 -5 2 -5 1 4 4 -3 2 3 0 3 3 -1 
5 1 2 -3 2 3 5 2 1 3 -5 1 5 3 0 -3 2 3 5 2 
2 3 1 1 5 1 3 5 1 -1 -3 1 -3 -3 4 -5 1 4 5 5 
1 -5 4 1 1 0 1 2 0 5 3 1 5 5 -2 2 3 -2 5 1 
5 3 -5 -2 3 -2 4 1 3 3 1 1 4 1 3 3 -2 4 -3 1 
1 3 -4 0 5 5 0 -2 4 -4 -3 1 0 1 -1 4 -5 -3 5 5 
0 2 5 5 0 5 5 2 0 4 1 3 1 1 4 3 4 2 -3 -4 
-4 -3 2 4 3 4 1 1 3 1 4 0 2 5 5 0 5 5 2 0 
5 5 -3 -5 4 -1 1 0 1 -3 -4 4 -2 0 5 5 0 -4 3 1 
1 -3 4 -2 3 3 1 4 1 1 3 3 1 4 -2 3 -2 -5 3 5 
1 5 -2 3 2 -2 5 5 1 3 5 0 2 1 0 1 1 4 -5 1 
5 5 4 1 -5 4 -3 -3 1 -3 -1 1 5 3 1 5 1 1 3 2 
2 5 3 2 -3 0 3 5 1 -5 3 1 2 5 3 2 -3 2 1 5 
-1 3 3 0 3 2 -3 4 4 1 -5 2 -5 3 5 2 -1 1 1 3 
4 3 4 -4 5 -2 5 3 -4 -1 -4 4 1 5 2 3 4 4 -2 4 
4 -1 5 3 5 2 -4 0 5 2 3 4 5 1 1 -3 1 4 0 -1 
4 4 -1 -4 1 3 4 5 -1 -3 5 4 -1 5 4 -1 3 1 5 2 
44
4
14 11
7 4
9 5
19 0
5 8
12 15
10 14
0 19
14
12 19 16
8 19 12
4 2 13
17 4 11
7 16 9
13 1 9
13 4 15
7 0 16
11 0 12
15 17 13
2 15 11
12 3 9
6 18 9
6 15 15
0
