14 11
2 12 8 10 -7 12 12 3 9 12 3 
11 4 3 5 11 5 10 1 1 -7 1 
3 -11 12 -11 6 4 0 -5 6 3 -2 
11 0 8 4 -5 6 11 3 9 9 7 
-10 -12 10 4 4 3 12 10 -12 11 8 
8 3 -5 2 2 11 -8 -3 6 3 7 
10 -3 9 9 7 12 12 3 11 7 12 
12 7 11 3 12 12 7 9 9 -3 10 
7 3 6 -3 -8 11 2 2 -5 3 8 
8 11 -12 10 12 3 4 4 10 -12 -10 
7 9 9 3 11 6 -5 4 8 0 11 
-2 3 6 -5 0 4 6 -11 12 -11 3 
1 -7 1 1 10 5 11 5 3 4 11 
3 12 9 3 12 12 -7 10 8 12 2 
55
2
4 2
8 6
9 8
5 4
16
8 4 8
13 10 15
5 10 10
7 8 8
4 9 12
6 4 12
5 1 14
2 7 10
5 6 8
0 0 15
8 0 10
6 2 8
9 1 12
7 6 12
8 9 14
11 3 10
14
13 3
7 10
7 0
6 5
3 2
5 3
13 5
0 7
6 0
6 10
7 5
10 8
8 7
0 5
