16 18
-22 8 27 18 24 8 15 22 1 7 25 -22 6 -18 11 -5 -15 25 
21 18 16 16 17 8 4 14 20 16 21 23 2 -4 7 -5 5 17 
7 7 3 -17 8 8 23 -16 16 5 24 5 -21 -11 25 3 -20 6 
-4 16 -8 27 12 18 7 8 -6 6 3 17 14 17 -18 8 13 20 
-23 15 10 22 6 0 -20 21 20 -15 24 -15 21 10 11 25 17 5 
3 4 -22 25 -25 21 -15 10 10 1 20 17 25 13 7 11 23 20 
-8 7 17 26 14 16 17 6 17 -12 12 -15 14 17 27 19 -14 20 
17 8 -15 14 -13 2 -1 11 21 -4 13 3 8 18 22 1 -6 22 
22 -6 1 22 18 8 3 13 -4 21 11 -1 2 -13 14 -15 8 17 
20 -14 19 27 17 14 -15 12 -12 17 6 17 16 14 26 17 7 -8 
20 23 11 7 13 25 17 20 1 10 10 -15 21 -25 25 -22 4 3 
5 17 25 11 10 21 -15 24 -15 20 21 -20 0 6 22 10 15 -23 
20 13 8 -18 17 14 17 3 6 -6 8 7 18 12 27 -8 16 -4 
6 -20 3 25 -11 -21 5 24 5 16 -16 23 8 8 -17 3 7 7 
17 5 -5 7 -4 2 23 21 16 20 14 4 8 17 16 16 18 21 
25 -15 -5 11 -18 6 -22 25 7 1 22 15 8 24 18 27 8 -22 
34
4
13 12
2 13
12 2
1 13
2 5
13 4
3 15
14 4
16
4 15 16
5 0 13
9 6 10
12 9 9
0 16 11
7 12 10
9 10 8
9 3 12
11 2 16
10 17 13
6 11 10
3 8 9
15 1 11
8 5 10
6 7 8
6 14 12
18
6 17
8 3
14 11
10 14
15 8
6 4
8 17
4 3
2 14
9 0
7 14
1 6
5 3
0 9
9 13
7 0
11 14
13 3
