15 12
-1 2 0 4 0 5 -4 1 3 -3 -2 1 
-4 4 0 -5 5 2 4 0 -2 4 -3 3 
1 5 5 5 5 1 4 4 3 -2 5 1 
-3 2 5 5 0 1 3 1 2 -5 -2 0 
-1 -4 5 3 1 5 -2 -3 4 1 5 -5 
1 2 5 2 -3 2 3 2 0 -1 5 3 
3 5 5 -5 -2 -1 -2 -3 3 4 3 -4 
-2 3 2 1 2 2 2 2 1 2 3 -2 
-4 3 4 3 -3 -2 -1 -2 -5 5 5 3 
3 5 -1 0 2 3 2 -3 2 5 2 1 
-5 5 1 4 -3 -2 5 1 3 5 -4 -1 
0 -2 -5 2 1 3 1 0 5 5 2 -3 
1 5 -2 3 4 4 1 5 5 5 5 1 
3 -3 4 -2 0 4 2 5 -5 0 4 -4 
1 -2 -3 3 1 -4 5 0 4 0 2 -1 
52
3
12 2
9 7
12 5
2 9
5 4
2 6
18
14 2 14
12 6 10
9 10 13
0 7 12
4 1 10
14 0 16
3 11 13
14 7 13
9 6 12
0 9 14
2 5 10
5 1 13
14 4 12
10 10 10
0 11 16
11 0 13
0 4 13
5 5 12
12
14 6
10 3
5 9
11 10
10 8
1 11
0 5
4 8
9 2
3 1
4 3
13 0
