16 17
2 3 1 2 0 0 -3 3 0 2 1 2 -1 2 2 1 0 
1 -1 1 -3 2 2 -3 2 3 2 3 -2 -1 1 1 1 3 
3 1 0 3 0 1 -2 3 3 0 -2 2 0 1 0 -1 -3 
-3 -3 -1 0 3 2 3 3 0 0 -2 3 -1 1 2 3 -3 
-2 3 0 1 -1 1 3 1 2 0 -2 0 2 -1 -3 2 2 
3 1 1 2 -3 3 0 1 1 3 0 2 0 1 -3 -2 3 
1 1 2 1 -1 2 3 3 1 1 3 0 0 2 0 -3 2 
2 0 3 2 3 3 1 3 2 0 2 2 1 2 1 -2 2 
2 -2 1 2 1 2 2 0 2 3 1 3 3 2 3 0 2 
2 -3 0 2 0 0 3 1 1 3 3 2 -1 1 2 1 1 
3 -2 -3 1 0 2 0 3 1 1 0 3 -3 2 1 1 3 
2 2 -3 -1 2 0 -2 0 2 1 3 1 -1 1 0 3 -2 
-3 3 2 1 -1 3 -2 0 0 3 3 2 3 0 -1 -3 -3 
-3 -1 0 1 0 2 -2 0 3 3 -2 1 0 3 0 1 3 
3 1 1 1 -1 -2 3 2 3 2 -3 2 2 -3 1 -1 1 
0 1 2 2 -1 2 1 2 0 3 -3 0 0 2 1 3 2 
35
5
15 6
10 0
4 0
0 16
11 15
0 10
5 16
11 16
15 0
4 1
12
12 15 16
11 12 14
10 6 13
9 8 14
10 15 15
12 2 14
3 1 16
4 4 14
5 10 13
6 8 14
5 1 15
3 14 14
18
3 12
10 14
14 8
1 9
1 10
8 15
8 3
10 1
6 3
12 4
5 2
1 8
14 7
14 6
7 1
7 13
5 15
9 13
