12 11
2 1 2 -8 1 0 3 7 15 14 -13 
-7 14 9 1 -4 15 -13 13 9 -10 9 
13 2 11 1 -3 -2 8 14 10 9 10 
14 11 11 -6 2 16 14 14 -10 11 8 
8 5 -1 -3 -4 -13 10 -1 -13 4 -14 
12 9 13 -15 12 -13 6 16 16 -7 5 
5 -7 16 16 6 -13 12 -15 13 9 12 
-14 4 -13 -1 10 -13 -4 -3 -1 5 8 
8 11 -10 14 14 16 2 -6 11 11 14 
10 9 10 14 8 -2 -3 1 11 2 13 
9 -10 9 13 -13 15 -4 1 9 14 -7 
-13 14 15 7 3 0 1 -8 2 1 2 
53
3
9 5
1 0
8 3
2 5
10 10
3 7
18
4 2 8
2 8 12
0 8 10
7 3 12
7 10 12
3 5 12
9 1 10
3 2 14
7 6 11
7 8 8
9 2 12
11 2 10
4 7 12
4 0 12
8 5 12
2 9 10
8 8 14
4 4 11
8
0 5
3 8
0 3
11 9
11 5
8 2
11 7
0 1
