11 19
-9 17 -11 16 -18 -9 17 9 26 -25 28 3 22 -17 27 14 -26 -1 20 
21 -17 -8 8 18 3 -16 24 15 -10 1 -4 17 -4 -13 15 -7 -14 26 
12 9 4 -27 -16 -3 -18 -7 4 22 19 -3 20 -6 23 19 19 20 -20 
21 8 12 24 20 3 7 5 7 3 -18 9 7 -2 -12 14 19 25 -15 
2 3 -16 27 14 26 11 -26 3 22 23 -28 -1 -13 15 5 27 26 23 
16 -25 3 3 -1 21 26 -6 -9 21 -9 -6 26 21 -1 3 3 -25 16 
23 26 27 5 15 -13 -1 -28 23 22 3 -26 11 26 14 27 -16 3 2 
-15 25 19 14 -12 -2 7 9 -18 3 7 5 7 3 20 24 12 8 21 
-20 20 19 19 23 -6 20 -3 19 22 4 -7 -18 -3 -16 -27 4 9 12 
26 -14 -7 15 -13 -4 17 -4 1 -10 15 24 -16 3 18 8 -8 -17 21 
20 -1 -26 14 27 -17 22 3 28 -25 26 9 17 -9 -18 16 -11 17 -9 
51
5
2 0
0 14
5 6
2 18
3 9
8 18
10 4
5 12
8 0
7 9
14
4 15 12
9 12 15
5 2 9
8 6 10
2 16 11
3 13 14
9 14 13
6 3 12
1 6 15
5 16 9
2 12 10
8 2 11
7 5 14
1 4 13
16
5 8
3 5
0 12
6 2
0 17
9 8
8 11
4 0
5 10
7 13
10 6
4 16
10 1
1 10
2 7
6 18
