20 20
11 6 12 -10 3 0 -4 -4 4 3 11 0 -4 1 2 9 8 -11 -13 8 
12 3 15 9 6 14 6 8 -14 14 15 12 9 0 5 15 -4 7 8 1 
5 11 -14 7 14 3 13 -1 8 9 10 -5 13 14 12 -1 6 10 8 9 
3 -11 11 -1 3 8 1 12 4 -4 15 8 0 6 -11 1 12 11 11 1 
8 1 14 11 13 8 3 4 5 -14 15 13 -14 13 4 13 12 -8 -9 3 
13 0 14 1 -6 -5 9 12 -5 6 8 7 -13 4 9 0 12 9 5 7 
4 5 11 -9 -14 15 4 9 10 0 -8 4 1 8 -13 11 8 8 4 2 
2 -2 10 -8 1 9 9 9 -1 -5 6 4 1 3 1 11 13 5 3 6 
15 3 6 11 -5 6 -12 4 9 2 -2 6 -3 5 4 1 2 -11 4 6 
10 -11 6 -1 0 12 8 6 9 11 -11 1 14 14 14 10 5 5 -6 -6 
-6 -6 5 5 10 14 14 14 1 -11 11 9 6 8 12 0 -1 6 -11 10 
6 4 -11 2 1 4 5 -3 6 -2 2 9 4 -12 6 -5 11 6 3 15 
6 3 5 13 11 1 3 1 4 6 -5 -1 9 9 9 1 -8 10 -2 2 
2 4 8 8 11 -13 8 1 4 -8 0 10 9 4 15 -14 -9 11 5 4 
7 5 9 12 0 9 4 -13 7 8 6 -5 12 9 -5 -6 1 14 0 13 
3 -9 -8 12 13 4 13 -14 13 15 -14 5 4 3 8 13 11 14 1 8 
1 11 11 12 1 -11 6 0 8 15 -4 4 12 1 8 3 -1 11 -11 3 
9 8 10 6 -1 12 14 13 -5 10 9 8 -1 13 3 14 7 -14 11 5 
1 8 7 -4 15 5 0 9 12 15 14 -14 8 6 14 6 9 15 3 12 
8 -13 -11 8 9 2 1 -4 0 11 3 4 -4 -4 0 3 -10 12 6 11 
51
7
18 12
0 6
2 18
14 0
7 8
19 10
14 3
1 7
19 13
17 1
5 19
12 11
0 9
5 16
20
17 0 9
14 1 13
11 0 9
2 1 13
17 6 14
18 19 13
17 9 13
5 11 11
11 14 12
9 16 16
2 19 9
5 18 13
8 19 9
17 18 13
2 13 14
1 0 13
2 10 13
14 8 11
8 5 12
10 3 16
0
