17 16
1 3 2 2 -2 3 3 1 -4 3 2 4 -5 4 -2 4 
2 1 0 4 -3 -4 1 5 4 0 -1 1 0 1 4 1 
3 4 2 0 2 5 5 4 2 1 1 5 -5 2 4 1 
1 -3 -5 3 4 4 5 1 5 4 2 2 3 -2 1 4 
-4 3 1 5 2 1 4 -3 2 3 4 4 2 0 2 4 
4 4 4 4 3 3 4 2 -3 5 -3 3 3 1 -2 3 
3 3 3 -3 2 1 -4 5 2 0 -5 1 4 -5 -4 2 
3 5 3 -2 -1 3 4 4 -1 5 -3 -5 4 5 4 -5 
3 5 3 4 4 1 5 -2 -2 5 1 4 4 3 5 3 
-5 4 5 4 -5 -3 5 -1 4 4 3 -1 -2 3 5 3 
2 -4 -5 4 1 -5 0 2 5 -4 1 2 -3 3 3 3 
3 -2 1 3 3 -3 5 -3 2 4 3 3 4 4 4 4 
4 2 0 2 4 4 3 2 -3 4 1 2 5 1 3 -4 
4 1 -2 3 2 2 4 5 1 5 4 4 3 -5 -3 1 
1 4 2 -5 5 1 1 2 4 5 5 2 0 2 4 3 
1 4 1 0 1 -1 0 4 5 1 -4 -3 4 0 1 2 
4 -2 4 -5 4 2 3 -4 1 3 3 -2 2 2 3 1 
37
2
8 2
7 15
8 13
9 0
8
16 4 8
7 12 12
3 14 14
16 8 8
0 11 8
9 3 12
13 1 14
0 7 8
24
16 0
10 14
9 2
9 5
0 8
5 12
14 15
14 4
4 5
12 13
13 8
0 14
0 15
6 1
7 13
7 10
16 7
11 3
2 0
2 11
12 10
4 2
3 7
16 1
