20 12
-7 4 10 3 -1 -1 10 -10 7 8 6 3 
5 1 -2 9 11 8 8 8 11 5 6 -5 
-8 4 -4 11 5 2 7 7 -8 5 6 2 
6 9 0 8 7 0 5 6 6 -9 -6 3 
0 -8 -10 -2 6 8 -8 5 1 9 7 5 
3 3 2 -4 10 8 4 3 11 6 9 0 
7 3 -10 2 10 8 1 1 4 0 6 1 
-6 7 5 3 10 4 4 6 7 10 5 8 
3 6 8 1 1 1 3 4 10 -8 -5 -2 
9 4 2 9 4 -10 3 4 11 2 2 5 
5 2 2 11 4 3 -10 4 9 2 4 9 
-2 -5 -8 10 4 3 1 1 1 8 6 3 
8 5 10 7 6 4 4 10 3 5 7 -6 
1 6 0 4 1 1 8 10 2 -10 3 7 
0 9 6 11 3 4 8 10 -4 2 3 3 
5 7 9 1 5 -8 8 6 -2 -10 -8 0 
3 -6 -9 6 6 5 0 7 8 0 9 6 
2 6 5 -8 7 7 2 5 11 -4 4 -8 
-5 6 5 11 8 8 8 11 9 -2 1 5 
3 6 8 7 -10 10 -1 -1 3 10 4 -7 
43
4
6 8
3 10
10 1
6 5
13 3
16 1
9 10
13 6
10
9 4 10
12 0 13
3 5 16
1 3 11
5 10 11
10 7 10
7 11 13
16 6 16
18 8 11
14 1 11
16
13 11
18 0
16 7
4 10
8 3
4 5
5 3
1 9
6 0
1 11
3 4
15 1
11 8
15 6
14 8
18 2
