20 12
-6 10 3 8 7 9 9 7 10 3 -1 4 
2 -2 -10 3 2 4 -11 7 -5 4 -10 10 
7 9 8 11 11 -1 -11 9 9 -6 -5 8 
-9 1 10 4 2 -4 11 10 -5 10 9 3 
11 0 11 9 10 7 11 11 0 8 1 1 
8 5 2 5 -8 10 5 -5 -5 11 5 8 
2 -6 8 7 -9 7 2 6 9 5 -11 -1 
5 6 -9 7 -3 0 10 2 10 9 6 -2 
-4 9 0 4 -1 2 9 3 6 4 10 8 
1 1 -11 0 1 -2 2 10 9 1 6 11 
11 6 1 9 10 2 -2 1 0 -11 1 1 
8 10 4 6 3 9 2 -1 4 0 9 -4 
-2 6 9 10 2 10 0 -3 7 -9 6 5 
-1 -11 5 9 6 2 7 -9 7 8 -6 2 
8 5 11 -5 -5 5 10 -8 5 2 5 8 
1 1 8 0 11 11 7 10 9 11 0 11 
3 9 10 -5 10 11 -4 2 4 10 1 -9 
8 -5 -6 9 9 -11 -1 11 11 8 9 7 
10 -10 4 -5 7 -11 4 2 3 -10 -2 2 
4 -1 3 10 7 9 9 7 8 3 10 -6 
53
6
8 11
18 3
17 5
6 11
3 2
1 2
11 0
1 8
2 6
13 0
16 9
18 9
16
8 0 16
8 6 14
4 2 12
4 5 16
9 3 13
9 5 16
6 0 12
12 0 9
11 11 16
11 5 14
15 9 12
15 6 16
10 8 13
10 6 16
13 11 12
7 11 9
18
12 5
14 9
9 2
17 3
2 5
19 10
18 0
18 8
12 10
7 6
5 2
10 9
2 8
17 6
0 1
1 11
1 3
7 1
