18 20
-1 0 4 -8 7 7 7 6 8 8 7 -3 6 5 4 1 6 -7 2 0 
-5 -5 3 1 4 1 6 3 4 6 -4 2 -2 5 0 4 -4 -4 0 8 
6 -8 0 -3 0 3 -7 7 3 5 -8 -6 8 8 6 3 5 1 6 -4 
2 5 8 7 2 6 7 7 5 -7 8 -7 1 0 3 -5 5 3 1 6 
8 1 7 6 8 -6 3 -2 2 8 7 7 1 -5 7 0 0 7 -4 3 
1 7 -8 -5 6 4 8 2 -1 6 3 8 -2 -5 3 3 -5 8 -7 5 
-2 7 5 -2 1 -8 2 2 -4 3 -4 6 5 7 2 6 7 5 -1 -6 
-6 -1 -3 -5 4 3 -2 6 -8 3 0 3 7 3 7 0 3 7 3 -1 
-7 6 7 2 -1 6 -3 1 0 1 0 3 -6 -3 4 4 1 -8 5 -3 
-3 5 -8 1 4 4 -3 -6 3 0 1 0 1 -3 6 -1 2 7 6 -7 
-1 3 7 3 0 7 3 7 3 0 3 -8 6 -2 3 4 -5 -3 -1 -6 
-6 -1 5 7 6 2 7 5 6 -4 3 -4 2 2 -8 1 -2 5 7 -2 
5 -7 8 -5 3 3 -5 -2 8 3 6 -1 2 8 4 6 -5 -8 7 1 
3 -4 7 0 0 7 -5 1 7 7 8 2 -2 3 -6 8 6 7 1 8 
6 1 3 5 -5 3 0 1 -7 8 -7 5 7 7 6 2 7 8 5 2 
-4 6 1 5 3 6 8 8 -6 -8 5 3 7 -7 3 0 -3 0 -8 6 
8 0 -4 -4 4 0 5 -2 2 -4 6 4 3 6 1 4 1 3 -5 -5 
0 2 -7 6 1 4 5 6 -3 7 8 8 6 7 7 7 -8 4 0 -1 
55
8
9 8
0 14
13 4
9 15
10 4
8 3
3 4
8 7
8 11
17 5
4 15
8 4
7 15
9 16
14 15
9 12
8
4 18 12
14 11 10
15 3 16
13 12 15
13 1 12
3 8 10
2 16 16
4 7 15
32
2 14
6 7
16 18
9 13
7 9
11 7
1 6
14 1
17 8
13 11
0 1
14 13
2 11
5 2
6 13
16 12
15 5
11 12
1 1
8 6
10 10
6 12
16 13
3 18
0 11
4 8
17 18
3 6
15 8
12 17
11 6
1 7
