20 20
5 0 8 8 4 -12 -1 8 8 15 13 -3 7 8 13 5 15 -14 3 -8 
4 9 11 6 6 7 7 6 -13 13 8 4 -1 2 -1 3 -5 2 -4 7 
-9 2 6 -7 15 8 13 7 5 10 9 8 -14 11 13 7 9 15 -4 0 
11 1 -9 1 -9 11 -9 -7 3 1 3 3 1 11 11 8 -14 2 8 -13 
14 -3 3 11 4 11 12 9 9 5 13 13 5 1 -15 -15 9 2 12 1 
14 15 15 9 10 12 1 6 11 -14 8 9 4 0 -9 3 5 8 -3 11 
-8 1 8 15 4 12 2 2 4 0 9 10 11 7 2 -15 10 3 -3 -8 
-4 11 -13 14 3 3 12 2 -11 14 11 8 0 3 8 3 8 7 0 15 
8 4 -12 6 15 -6 9 2 -12 4 4 8 13 -3 1 13 7 6 7 -11 
8 11 -13 -1 10 9 -7 4 10 1 14 1 -7 0 5 -6 2 6 -15 -12 
-12 -15 6 2 -6 5 0 -7 1 14 1 10 4 -7 9 10 -1 -13 11 8 
-11 7 6 7 13 1 -3 13 8 4 4 -12 2 9 -6 15 6 -12 4 8 
15 0 7 8 3 8 3 0 8 11 14 -11 2 12 3 3 14 -13 11 -4 
-8 -3 3 10 -15 2 7 11 10 9 0 4 2 2 12 4 15 8 1 -8 
11 -3 8 5 3 -9 0 4 9 8 -14 11 6 1 12 10 9 15 15 14 
1 12 2 9 -15 -15 1 5 13 13 5 9 9 12 11 4 11 3 -3 14 
-13 8 2 -14 8 11 11 1 3 3 1 3 -7 -9 11 -9 1 -9 1 11 
0 -4 15 9 7 13 11 -14 8 9 10 5 7 13 8 15 -7 6 2 -9 
7 -4 2 -5 3 -1 2 -1 4 8 13 -13 6 7 7 6 6 11 9 4 
-8 3 -14 15 5 13 8 7 -3 13 15 8 8 -1 -12 4 8 8 0 5 
41
7
8 2
4 13
13 5
13 11
10 2
13 7
0 8
11 17
15 6
6 14
6 8
9 17
6 12
19 11
20
16 10 16
6 4 16
0 17 12
9 16 10
12 14 10
16 15 14
11 6 12
10 16 9
4 15 12
0 7 9
3 9 16
13 15 16
19 2 12
10 3 10
7 5 10
3 4 14
8 13 12
9 3 9
15 4 12
19 12 9
0
