20 12
23 -10 -29 11 4 19 -2 -16 16 2 29 -7 
-10 10 15 29 2 10 -25 8 17 14 -3 6 
9 15 24 14 11 14 20 0 -25 2 27 29 
13 20 -22 29 17 17 26 -1 19 25 2 23 
0 11 5 20 9 -24 -12 -28 0 3 10 4 
15 15 28 14 1 6 6 18 10 4 12 -25 
19 -11 12 13 16 11 16 3 29 23 16 3 
19 6 17 14 -5 -26 8 1 5 9 0 29 
27 -11 6 -8 16 28 1 21 19 5 7 -7 
8 13 -15 25 28 -24 -17 -23 1 21 23 15 
15 23 21 1 -23 -17 -24 28 25 -15 13 8 
-7 7 5 19 21 1 28 16 -8 6 -11 27 
29 0 9 5 1 8 -26 -5 14 17 6 19 
3 16 23 29 3 16 11 16 13 12 -11 19 
-25 12 4 10 18 6 6 1 14 28 15 15 
4 10 3 0 -28 -12 -24 9 20 5 11 0 
23 2 25 19 -1 26 17 17 29 -22 20 13 
29 27 2 -25 0 20 14 11 14 24 15 9 
6 -3 14 17 8 -25 10 2 29 15 10 -10 
-7 29 2 16 -16 -2 19 4 11 -29 -10 23 
39
8
15 2
16 3
18 11
8 9
12 4
2 4
19 11
17 5
4 9
3 8
1 0
11 2
7 7
17 7
0 0
2 6
18
13 9 16
11 7 9
17 4 11
0 2 8
11 5 11
13 0 16
1 4 11
10 9 14
18 9 15
6 2 16
8 4 9
2 7 11
19 9 8
8 6 11
6 11 16
18 7 11
9 2 14
1 2 15
18
18 6
8 3
2 10
5 9
18 8
10 2
9 0
2 8
0 6
1 5
11 8
17 1
14 2
1 3
9 9
10 11
17 3
19 5
