20 20
8 13 -1 6 5 5 16 13 11 8 15 13 -14 15 15 -3 11 2 2 1 
7 2 14 -16 11 7 0 10 4 13 -12 16 10 6 15 2 -4 16 5 11 
6 11 13 8 1 -7 10 -8 10 16 8 -7 5 -2 6 -12 15 13 3 14 
9 6 -10 5 12 -5 -6 -11 12 -4 7 16 0 -12 7 9 16 4 -8 -13 
2 2 -11 -15 2 4 13 -9 -16 12 -13 8 11 -12 5 7 5 13 5 1 
2 14 8 2 4 0 5 2 15 -1 9 -8 12 5 6 11 1 11 5 -1 
5 6 8 14 7 -4 2 13 15 12 0 8 11 6 16 11 -6 -5 6 -1 
10 0 9 9 16 9 4 15 2 15 -16 -1 11 14 4 6 16 3 10 1 
1 -4 10 -3 -14 -9 16 5 10 3 3 -14 9 0 -11 13 11 2 2 0 
16 1 13 3 13 8 14 -7 -3 2 5 9 1 1 7 4 11 -1 0 4 
4 0 -1 11 4 7 1 1 9 5 2 -3 -7 14 8 13 3 13 1 16 
0 2 2 11 13 -11 0 9 -14 3 3 10 5 16 -9 -14 -3 10 -4 1 
1 10 3 16 6 4 14 11 -1 -16 15 2 15 4 9 16 9 9 0 10 
-1 6 -5 -6 11 16 6 11 8 0 12 15 13 2 -4 7 14 8 6 5 
-1 5 11 1 11 6 5 12 -8 9 -1 15 2 5 0 4 2 8 14 2 
1 5 13 5 7 5 -12 11 8 -13 12 -16 -9 13 4 2 -15 -11 2 2 
-13 -8 4 16 9 7 -12 0 16 7 -4 12 -11 -6 -5 12 5 -10 6 9 
14 3 13 15 -12 6 -2 5 -7 8 16 10 -8 10 -7 1 8 13 11 6 
11 5 16 -4 2 15 6 10 16 -12 13 4 10 0 7 11 -16 14 2 7 
1 2 2 11 -3 15 15 -14 13 15 8 11 13 16 5 5 6 -1 13 8 
51
3
11 7
17 7
15 13
8 12
2 12
4 6
10
18 10 9
8 3 16
5 1 8
8 13 9
2 16 12
1 9 9
11 16 16
14 18 8
11 6 9
17 3 12
0
