20 20
3 11 11 9 7 -3 4 6 9 3 -9 -5 0 -11 -7 4 6 -2 6 2 
4 7 7 -1 7 1 4 5 7 -7 8 4 2 1 3 -10 2 3 0 11 
5 6 3 7 2 9 -3 7 10 3 7 6 5 3 10 10 -1 -4 5 -1 
7 5 10 5 5 1 10 10 1 6 11 4 8 4 8 3 0 2 -7 -3 
1 7 8 4 2 5 -6 10 10 10 -10 7 -8 9 7 1 0 7 1 8 
-6 8 1 -1 3 3 -1 4 7 3 2 11 -6 5 4 7 5 1 3 0 
3 1 5 3 3 -10 3 3 9 10 4 1 4 2 6 3 -6 5 -7 3 
5 7 -5 -7 11 9 6 6 4 0 4 -1 5 -10 -3 10 -5 -7 7 1 
2 1 -8 9 0 3 -11 7 2 4 -9 -7 2 7 2 4 10 2 5 1 
-6 4 4 -2 -7 2 7 1 -5 1 10 10 6 11 -11 9 8 10 3 11 
11 3 10 8 9 -11 11 6 10 10 1 -5 1 7 2 -7 -2 4 4 -6 
1 5 2 10 4 2 7 2 -7 -9 4 2 7 -11 3 0 9 -8 1 2 
1 7 -7 -5 10 -3 -10 5 -1 4 0 4 6 6 9 11 -7 -5 7 5 
3 -7 5 -6 3 6 2 4 1 4 10 9 3 3 -10 3 3 5 1 3 
0 3 1 5 7 4 5 -6 11 2 3 7 4 -1 3 3 -1 1 8 -6 
8 1 7 0 1 7 9 -8 7 -10 10 10 10 -6 5 2 4 8 7 1 
-3 -7 2 0 3 8 4 8 4 11 6 1 10 10 1 5 5 10 5 7 
-1 5 -4 -1 10 10 3 5 6 7 3 10 7 -3 9 2 7 3 6 5 
11 0 3 2 -10 3 1 2 4 8 -7 7 5 4 1 7 -1 7 7 4 
2 6 -2 6 4 -7 -11 0 -5 -9 3 9 6 4 -3 7 9 11 11 3 
59
3
16 18
6 7
9 8
3 1
13 12
10 11
12
15 16 13
10 9 12
10 1 8
6 11 16
8 0 9
17 16 9
4 3 13
9 10 12
9 18 8
13 8 16
11 19 9
2 3 9
0
