10 15
8 7 1 7 1 3 3 3 6 3 5 7 -2 1 2 
8 3 5 2 -5 5 -4 6 6 -1 6 7 4 7 3 
2 -1 -1 -4 7 8 -2 8 5 0 0 4 1 -3 8 
0 5 4 6 5 8 0 7 6 -6 5 1 0 5 3 
8 5 2 3 2 3 7 -2 2 1 3 -4 4 -1 5 
5 -1 4 -4 3 1 2 -2 7 3 2 3 2 5 8 
3 5 0 1 5 -6 6 7 0 8 5 6 4 5 0 
8 -3 1 4 0 0 5 8 -2 8 7 -4 -1 -1 2 
3 7 4 7 6 -1 6 6 -4 5 -5 2 5 3 8 
2 1 -2 7 5 3 6 3 3 3 1 7 1 7 8 
54
5
2 5
1 2
3 7
8 4
8 13
7 9
8 12
6 7
1 10
1 1
20
4 3 13
9 8 10
3 11 9
1 5 16
1 7 16
6 12 14
4 8 16
8 11 8
2 0 13
7 10 15
5 11 13
0 6 10
6 3 9
8 9 16
8 7 16
3 2 14
5 6 16
1 3 8
7 14 13
2 4 15
12
6 5
0 11
8 14
9 0
5 7
8 2
3 9
9 3
1 0
0 14
4 7
1 12
