16 20
1 5 8 4 -5 -8 7 6 5 0 7 -4 10 -6 -4 2 -8 -2 9 0 
-5 -4 -4 9 4 7 3 10 9 6 10 0 -1 4 10 9 1 -10 5 9 
6 3 8 6 6 -4 9 4 4 4 3 -10 9 6 5 -10 3 2 7 2 
6 -5 9 -8 0 -6 6 5 2 2 2 7 1 0 1 0 9 -7 -1 -7 
6 -3 -3 5 1 -2 5 2 -8 4 5 8 3 -1 -10 2 -3 10 5 9 
1 -9 9 0 4 1 4 3 7 7 -7 -7 4 2 9 2 -7 9 -5 8 
5 9 6 6 10 5 -9 7 0 10 7 -2 9 0 8 8 6 6 2 -8 
4 10 3 8 7 1 2 9 2 9 1 0 -6 4 -7 -2 0 -7 2 7 
7 2 -7 0 -2 -7 4 -6 0 1 9 2 9 2 1 7 8 3 10 4 
-8 2 6 6 8 8 0 9 -2 7 10 0 7 -9 5 10 6 6 9 5 
8 -5 9 -7 2 9 2 4 -7 -7 7 7 3 4 1 4 0 9 -9 1 
9 5 10 -3 2 -10 -1 3 8 5 4 -8 2 5 -2 1 5 -3 -3 6 
-7 -1 -7 9 0 1 0 1 7 2 2 2 5 6 -6 0 -8 9 -5 6 
2 7 2 3 -10 5 6 9 -10 3 4 4 4 9 -4 6 6 8 3 6 
9 5 -10 1 9 10 4 -1 0 10 6 9 10 3 7 4 9 -4 -4 -5 
0 9 -2 -8 2 -4 -6 10 -4 7 0 5 6 7 -8 -5 4 8 5 1 
57
2
5 0
5 7
10 19
10 12
10
8 14 12
3 5 8
15 11 14
13 10 9
10 1 14
7 5 12
12 14 8
0 8 14
2 9 9
5 18 14
32
8 19
11 0
14 9
14 4
0 5
1 7
4 0
13 18
0 15
10 17
7 3
10 7
0 11
10 3
14 10
2 4
7 0
4 19
1 10
1 15
15 14
14 12
11 19
2 1
15 4
5 2
8 16
5 12
15 8
5 16
1 9
13 15
