20 20
-2 1 1 1 0 2 3 3 1 4 3 -1 -2 -1 3 1 2 -1 4 3 
2 3 2 0 2 3 2 0 -3 2 3 2 4 0 2 -4 -4 2 -1 3 
1 0 1 2 3 3 4 0 3 -1 2 2 -3 0 -4 1 2 -2 3 -3 
3 1 2 1 -4 4 3 0 4 -3 2 -3 3 2 3 4 0 4 -4 1 
2 3 2 2 4 -2 3 1 4 1 0 0 0 2 2 0 1 1 2 0 
2 2 -4 1 3 3 2 -3 4 1 0 1 1 4 2 2 1 1 4 0 
-3 -2 4 1 -1 1 1 4 2 3 1 3 -1 0 2 1 2 4 -2 3 
-1 2 0 1 1 2 3 3 -2 4 1 -3 2 3 3 2 1 3 4 0 
0 2 1 1 0 4 0 1 3 0 1 -1 3 3 1 2 -2 4 2 0 
3 3 4 4 -2 -2 -4 0 -1 0 1 3 2 3 1 0 -4 -4 3 2 
2 3 -4 -4 0 1 3 2 3 1 0 -1 0 -4 -2 -2 4 4 3 3 
0 2 4 -2 2 1 3 3 -1 1 0 3 1 0 4 0 1 1 2 0 
0 4 3 1 2 3 3 2 -3 1 4 -2 3 3 2 1 1 0 2 -1 
3 -2 4 2 1 2 0 -1 3 1 3 2 4 1 1 -1 1 4 -2 -3 
0 4 1 1 2 2 4 1 1 0 1 4 -3 2 3 3 1 -4 2 2 
0 2 1 1 0 2 2 0 0 0 1 4 1 3 -2 4 2 2 3 2 
1 -4 4 0 4 3 2 3 -3 2 -3 4 0 3 4 -4 1 2 1 3 
-3 3 -2 2 1 -4 0 -3 2 2 -1 3 0 4 3 3 2 1 0 1 
3 -1 2 -4 -4 2 0 4 2 3 2 -3 0 2 3 2 0 2 3 2 
3 4 -1 2 1 3 -1 -2 -1 3 4 1 3 3 2 0 1 1 1 -2 
54
2
19 13
12 17
0 6
7 2
10
18 17 14
5 15 8
2 9 11
16 18 12
7 1 16
1 2 14
14 4 8
17 10 11
3 1 12
12 18 16
0
