19 12
2 -1 4 1 0 -7 -2 -2 6 7 7 -1 
0 4 -1 2 3 6 5 -1 1 6 0 4 
6 6 4 5 3 9 4 -4 7 2 6 4 
2 9 6 4 6 6 4 5 -3 2 9 1 
2 -3 8 9 6 1 4 -2 8 -2 4 -7 
-5 8 8 1 3 7 2 6 5 6 1 1 
5 3 -2 3 -9 2 4 1 3 9 2 -1 
7 -3 5 9 0 2 9 -9 8 6 1 0 
-3 -8 3 7 0 3 7 7 2 -1 -9 8 
5 0 2 -3 2 7 7 2 -3 2 0 5 
8 -9 -1 2 7 7 3 0 7 3 -8 -3 
0 1 6 8 -9 9 2 0 9 5 -3 7 
-1 2 9 3 1 4 2 -9 3 -2 3 5 
1 1 6 5 6 2 7 3 1 8 8 -5 
-7 4 -2 8 -2 4 1 6 9 8 -3 2 
1 9 2 -3 5 4 6 6 4 6 9 2 
4 6 2 7 -4 4 9 3 5 4 6 6 
4 0 6 1 -1 5 6 3 2 -1 4 0 
-1 7 7 6 -2 -2 -7 0 1 4 -1 2 
51
5
2 4
11 1
1 3
8 2
6 3
16 7
7 10
17 8
10 9
12 8
8
18 10 13
10 2 16
7 11 10
12 0 8
0 1 13
8 9 16
11 0 10
6 11 8
14
8 6
17 6
3 4
18 7
5 4
14 9
12 11
10 5
1 5
15 7
0 4
13 7
4 2
6 0
