16 14
28 26 22 7 25 -13 28 10 18 2 -26 22 27 12 
-1 19 26 12 -23 18 13 -24 5 -6 9 3 24 -17 
24 4 -1 11 27 -22 8 -22 -15 13 -12 11 24 24 
21 -14 7 21 9 8 3 16 15 27 11 4 17 1 
-17 -27 -15 4 -2 15 1 30 7 12 28 -1 -3 6 
11 -15 3 25 20 -25 -19 -15 -26 21 8 6 -29 17 
26 24 -20 18 -26 25 7 30 17 -1 5 19 8 23 
19 7 6 4 5 1 -14 12 4 -15 16 -21 20 25 
25 20 -21 16 -15 4 12 -14 1 5 4 6 7 19 
23 8 19 5 -1 17 30 7 25 -26 18 -20 24 26 
17 -29 6 8 21 -26 -15 -19 -25 20 25 3 -15 11 
6 -3 -1 28 12 7 30 1 15 -2 4 -15 -27 -17 
1 17 4 11 27 15 16 3 8 9 21 7 -14 21 
24 24 11 -12 13 -15 -22 8 -22 27 11 -1 4 24 
-17 24 3 9 -6 5 -24 13 18 -23 12 26 19 -1 
12 27 22 -26 2 18 10 28 -13 25 7 22 26 28 
32
3
6 1
8 4
5 11
9 12
7 9
10 2
18
1 6 16
15 5 14
7 0 12
13 8 13
0 12 15
3 12 8
5 13 12
2 10 16
8 7 11
14 7 16
0 8 14
8 13 12
2 5 13
15 1 15
12 1 8
10 0 12
13 3 16
7 6 11
14
12 10
7 12
4 2
13 6
13 1
10 4
0 5
3 3
8 1
11 11
2 7
2 12
5 9
15 8
