18 11
2 0 1 3 2 -1 0 0 3 2 1 
3 1 2 0 2 -2 1 -3 0 -1 2 
1 1 1 1 1 2 -2 2 1 -3 2 
0 -1 2 2 0 2 1 0 3 0 3 
-1 1 -1 1 0 3 2 1 3 -2 0 
3 1 1 -2 0 1 -2 2 2 1 0 
2 1 -1 2 1 -2 0 2 2 3 2 
3 -3 2 3 2 -3 2 2 2 -2 1 
2 2 -1 -2 2 1 0 0 3 3 -1 
-1 3 3 0 0 1 2 -2 -1 2 2 
1 -2 2 2 2 -3 2 3 2 -3 3 
2 3 2 2 0 -2 1 2 -1 1 2 
0 1 2 2 -2 1 0 -2 1 1 3 
0 -2 3 1 2 3 0 1 -1 1 -1 
3 0 3 0 1 2 0 2 2 -1 0 
2 -3 1 2 -2 2 1 1 1 1 1 
2 -1 0 -3 1 -2 2 0 2 1 3 
1 2 3 0 0 -1 2 3 1 0 2 
35
3
14 9
9 6
11 1
3 1
8 4
6 9
10
7 2 12
3 9 16
13 7 15
16 4 16
14 5 8
10 8 12
14 1 16
4 3 15
1 6 16
3 5 8
12
13 9
17 0
17 5
7 4
10 1
11 6
4 1
0 10
0 5
10 6
7 9
6 4
