12 15
-11 13 2 0 7 10 -11 24 18 22 -16 15 -4 -18 -15 
27 -18 -14 17 16 -22 -7 -20 29 0 23 8 16 28 -7 
-15 4 19 28 -23 8 8 21 10 28 2 9 12 1 4 
-15 7 13 13 24 5 -4 21 17 10 24 -6 8 11 21 
11 12 14 16 8 -20 17 -24 17 1 2 -10 16 15 23 
-18 10 15 17 17 11 24 15 -24 -27 3 21 11 -3 -28 
-28 -3 11 21 3 -27 -24 15 24 11 17 17 15 10 -18 
23 15 16 -10 2 1 17 -24 17 -20 8 16 14 12 11 
21 11 8 -6 24 10 17 21 -4 5 24 13 13 7 -15 
4 1 12 9 2 28 10 21 8 8 -23 28 19 4 -15 
-7 28 16 8 23 0 29 -20 -7 -22 16 17 -14 -18 27 
-15 -18 -4 15 -16 22 18 24 -11 10 7 0 2 13 -11 
52
5
11 13
1 3
1 7
0 3
1 11
0 1
10 11
10 7
11 11
10 3
14
7 13 8
10 14 12
5 1 10
2 4 16
9 7 14
4 9 14
9 6 15
4 1 8
1 0 12
6 13 10
9 10 16
2 7 14
7 5 14
2 8 15
16
7 14
7 0
11 8
4 7
0 14
0 11
8 6
0 10
4 0
4 14
0 6
7 7
11 0
11 3
3 8
11 4
