10 17
10 7 19 13 -5 0 9 10 15 20 -14 5 16 4 20 -9 22 
11 1 2 -19 21 3 2 12 21 1 -1 0 19 14 20 13 -6 
2 9 23 10 4 -12 8 15 21 4 -23 14 -1 -20 -4 21 -11 
1 6 14 20 6 -16 19 -17 -9 21 5 7 -18 -4 18 17 10 
-14 13 -5 -6 22 12 14 2 -11 23 22 10 18 4 12 2 8 
8 2 12 4 18 10 22 23 -11 2 14 12 22 -6 -5 13 -14 
10 17 18 -4 -18 7 5 21 -9 -17 19 -16 6 20 14 6 1 
-11 21 -4 -20 -1 14 -23 4 21 15 8 -12 4 10 23 9 2 
-6 13 20 14 19 0 -1 1 21 12 2 3 21 -19 2 1 11 
22 -9 20 4 16 5 -14 20 15 10 9 0 -5 13 19 7 10 
37
7
9 7
6 1
7 10
9 4
6 15
3 0
1 7
0 9
3 15
2 6
0 12
3 1
6 16
8 9
18
2 8 16
1 16 13
5 16 15
6 2 9
7 3 12
8 6 11
2 1 11
5 3 8
4 1 11
7 8 16
8 0 13
4 0 15
3 14 9
2 13 12
1 10 11
7 15 11
4 13 8
5 15 11
14
9 5
9 15
6 14
6 0
1 3
0 4
0 14
0 11
0 1
3 2
3 16
8 13
9 12
9 2
