16 16
8 7 3 4 -3 -3 9 -8 2 -4 -3 9 3 -9 4 4 
1 3 4 6 2 5 4 1 1 5 9 3 2 7 7 -4 
9 3 1 9 2 -3 0 5 -1 6 4 7 -6 9 8 -7 
-1 -1 6 4 -3 1 8 -2 2 3 6 -5 3 6 3 0 
1 6 4 8 -8 -5 -1 4 8 3 -8 5 1 8 -1 9 
5 7 6 5 7 -3 4 7 3 3 9 5 5 -2 4 8 
3 -6 -5 6 7 3 -7 1 9 8 -7 -5 3 8 8 9 
3 -8 -8 1 5 -9 8 2 8 -9 6 8 8 6 2 5 
5 2 6 8 8 6 -9 8 2 8 -9 5 1 -8 -8 3 
9 8 8 3 -5 -7 8 9 1 -7 3 7 6 -5 -6 3 
8 4 -2 5 5 9 3 3 7 4 -3 7 5 6 7 5 
9 -1 8 1 5 -8 3 8 4 -1 -5 -8 8 4 6 1 
0 3 6 3 -5 6 3 2 -2 8 1 -3 4 6 -1 -1 
-7 8 9 -6 7 4 6 -1 5 0 -3 2 9 1 3 9 
-4 7 7 2 3 9 5 1 1 4 5 2 6 4 3 1 
4 4 -9 3 9 -3 -4 2 -8 9 -3 -3 4 3 7 8 
50
5
3 0
4 2
6 1
11 6
5 14
12 15
11 13
9 14
4 9
10 1
16
2 12 13
1 2 15
6 5 11
11 2 9
6 4 14
0 7 14
8 5 9
2 9 16
13 3 13
14 13 15
9 10 11
4 13 9
9 11 14
15 8 14
7 10 9
13 6 16
24
13 4
14 5
14 4
11 15
6 12
9 6
12 7
3 11
10 2
2 15
15 2
6 0
2 11
1 10
1 11
4 0
9 3
6 9
3 8
12 4
5 13
13 0
0 13
9 15
