19 10
6 7 5 5 2 -3 -2 8 1 4 
7 -7 1 -3 1 1 8 5 1 2 
6 -8 -5 6 3 -8 3 5 -7 0 
4 0 -4 7 -3 6 -7 -2 7 1 
-2 -5 8 6 -1 8 4 -6 -8 5 
4 1 1 -4 -5 8 -5 8 0 4 
-5 6 0 2 3 6 4 5 -4 8 
7 7 8 5 2 4 3 -3 -6 -6 
8 5 0 4 -6 7 7 5 2 3 
6 7 1 4 6 6 4 1 7 6 
3 2 5 7 7 -6 4 0 5 8 
-6 -6 -3 3 4 2 5 8 7 7 
8 -4 5 4 6 3 2 0 6 -5 
4 0 8 -5 8 -5 -4 1 1 4 
5 -8 -6 4 8 -1 6 8 -5 -2 
1 7 -2 -7 6 -3 7 -4 0 4 
0 -7 5 3 -8 3 6 -5 -8 6 
2 1 5 8 1 1 -3 1 -7 7 
4 1 8 -2 -3 2 5 5 7 6 
36
3
6 3
12 2
3 7
12 6
6 7
15 2
20
1 7 15
18 4 16
9 1 10
5 1 13
4 6 16
0 9 10
14 5 15
5 8 9
1 8 11
13 3 13
17 2 15
0 5 16
9 8 10
13 8 13
14 3 16
18 0 10
4 4 15
13 1 9
17 1 11
5 6 13
18
3 6
13 0
18 7
8 0
11 7
7 4
11 9
9 5
14 7
15 3
5 9
0 2
10 9
7 2
11 5
7 0
9 4
4 2
