20 20
2 2 1 5 4 -3 0 2 4 -2 4 4 -5 -5 1 0 3 -1 -2 4 
-5 1 0 1 3 5 3 4 1 1 2 1 3 -2 -3 4 0 4 4 1 
-4 2 1 4 0 4 0 0 4 -3 4 -2 3 4 0 3 4 5 1 -4 
-4 4 0 2 1 4 4 5 3 -5 -1 5 3 5 5 1 0 0 3 3 
-5 1 3 4 -1 4 1 3 1 -2 1 3 2 -5 5 4 4 -5 3 3 
3 2 3 -5 1 4 4 3 5 2 -5 4 1 0 3 5 3 -1 3 1 
1 1 1 2 2 5 0 3 5 -1 3 4 5 2 0 -3 -3 -3 -3 3 
5 5 1 2 5 2 2 -2 4 1 0 2 4 1 2 1 -5 1 5 3 
2 4 4 4 -2 3 2 -3 1 5 -5 4 3 -2 5 1 -4 4 5 -5 
5 5 -5 3 5 1 -1 5 2 -3 1 0 1 0 4 3 1 1 1 5 
5 1 1 1 3 4 0 1 0 1 -3 2 5 -1 1 5 3 -5 5 5 
-5 5 4 -4 1 5 -2 3 4 -5 5 1 -3 2 3 -2 4 4 4 2 
3 5 1 -5 1 2 1 4 2 0 1 4 -2 2 2 5 2 1 5 5 
3 -3 -3 -3 -3 0 2 5 4 3 -1 5 3 0 5 2 2 1 1 1 
1 3 -1 3 5 3 0 1 4 -5 2 5 3 4 4 1 -5 3 2 3 
3 3 -5 4 4 5 -5 2 3 1 -2 1 3 1 4 -1 4 3 1 -5 
3 3 0 0 1 5 5 3 5 -1 -5 3 5 4 4 1 2 0 4 -4 
-4 1 5 4 3 0 4 3 -2 4 -3 4 0 0 4 0 4 1 2 -4 
1 4 4 0 4 -3 -2 3 1 2 1 1 4 3 5 3 1 0 1 -5 
4 -2 -1 3 0 1 -5 -5 4 4 -2 4 2 0 -3 4 5 1 2 2 
36
7
19 7
14 18
5 8
1 18
3 4
13 6
1 3
0 12
5 1
14 11
18 1
16 15
6 13
18 16
14
6 14 15
3 17 14
2 18 12
0 4 15
2 11 13
0 3 13
12 7 15
13 5 15
16 2 14
17 1 12
19 15 15
17 8 13
19 16 13
7 12 15
0
