10 17
15 -11 -2 9 -14 -4 8 4 -14 2 7 4 16 15 3 -2 13 
8 14 -5 -6 15 15 16 1 0 4 10 16 -8 9 9 7 7 
1 2 -6 14 11 -10 6 12 1 -8 7 13 9 14 4 5 -11 
6 -15 9 11 -16 6 11 14 13 14 8 5 -5 -10 -11 6 16 
-10 16 1 8 -13 -15 -10 3 10 -16 2 10 6 15 6 6 15 
15 6 6 15 6 10 2 -16 10 3 -10 -15 -13 8 1 16 -10 
16 6 -11 -10 -5 5 8 14 13 14 11 6 -16 11 9 -15 6 
-11 5 4 14 9 13 7 -8 1 12 6 -10 11 14 -6 2 1 
7 7 9 9 -8 16 10 4 0 1 16 15 15 -6 -5 14 8 
13 -2 3 15 16 4 7 2 -14 4 8 -4 -14 9 -2 -11 15 
33
7
8 7
7 8
0 3
9 3
4 11
8 14
9 12
1 9
2 8
9 13
0 13
5 5
1 2
0 4
12
8 1 13
4 16 12
9 11 8
2 9 10
8 3 16
1 8 14
1 15 13
5 0 12
0 5 8
7 7 10
1 13 16
8 8 14
10
3 6
9 4
7 10
0 11
8 0
6 10
0 12
2 6
9 5
1 16
