18 16
-20 -8 0 8 20 14 17 8 17 5 -10 -5 20 5 2 -16 
6 3 -15 5 -16 5 16 13 -9 -19 4 -20 -9 15 5 6 
-14 6 -15 1 -18 16 -1 -11 15 13 15 14 3 6 18 -3 
8 16 1 9 12 1 9 6 6 10 0 -2 13 6 7 -1 
7 10 8 18 2 3 19 17 0 -11 11 4 -5 3 0 -17 
-18 5 19 10 18 11 1 12 13 15 9 16 1 -1 -2 16 
0 11 -11 -3 19 -4 1 8 15 7 18 15 5 16 -10 19 
10 15 5 15 5 20 11 10 9 9 -1 2 13 15 20 16 
9 1 -20 3 -20 10 -20 4 19 7 17 13 -19 13 -3 -5 
-5 -3 13 -19 13 17 7 19 4 -20 10 -20 3 -20 1 9 
16 20 15 13 2 -1 9 9 10 11 20 5 15 5 15 10 
19 -10 16 5 15 18 7 15 8 1 -4 19 -3 -11 11 0 
16 -2 -1 1 16 9 15 13 12 1 11 18 10 19 5 -18 
-17 0 3 -5 4 11 -11 0 17 19 3 2 18 8 10 7 
-1 7 6 13 -2 0 10 6 6 9 1 12 9 1 16 8 
-3 18 6 3 14 15 13 15 -11 -1 16 -18 1 -15 6 -14 
6 5 15 -9 -20 4 -19 -9 13 16 5 -16 5 -15 3 6 
-16 2 5 20 -5 -10 5 17 8 17 14 20 8 0 -8 -20 
34
3
2 4
17 5
0 2
15 11
0 10
17 13
12
14 4 14
5 13 15
11 9 9
14 0 12
4 15 16
8 7 12
3 11 14
12 2 15
6 6 9
3 15 12
13 0 16
9 8 12
26
0 9
10 1
14 6
0 3
8 10
7 12
14 13
3 10
4 5
4 7
7 1
17 8
0 13
17 6
7 14
3 9
17 12
9 5
10 3
3 2
14 5
13 10
13 8
10 14
0 7
17 2
