15 13
3 3 -4 6 5 5 3 4 -4 2 1 2 5 
1 -2 -5 3 -5 3 -3 -6 1 -1 4 2 2 
3 -3 1 0 -2 7 5 2 7 -7 4 1 6 
2 7 7 -4 4 5 2 1 1 3 3 1 6 
5 -4 1 2 0 7 1 1 -5 5 0 -3 -5 
0 4 6 -2 -1 5 -5 5 6 0 7 6 -4 
-6 5 4 -7 6 0 6 6 -7 4 -7 -2 5 
1 7 5 5 4 -4 2 -4 4 5 5 7 1 
5 -2 -7 4 -7 6 6 0 6 -7 4 5 -6 
-4 6 7 0 6 5 -5 5 -1 -2 6 4 0 
-5 -3 0 5 -5 1 1 7 0 2 1 -4 5 
6 1 3 3 1 1 2 5 4 -4 7 7 2 
6 1 4 -7 7 2 5 7 -2 0 1 -3 3 
2 2 4 -1 1 -6 -3 3 -5 3 -5 -2 1 
5 2 1 2 -4 4 3 5 5 6 -4 3 3 
37
3
7 0
0 10
7 3
7 12
14 2
7 9
8
5 12 10
12 0 12
8 6 13
12 7 14
9 0 10
2 12 12
6 6 13
2 5 14
14
6 10
9 5
1 0
1 9
9 2
1 6
3 12
8 2
5 7
13 12
13 3
5 10
13 6
11 0
