11 16
28 5 25 -16 3 -27 -9 3 3 0 17 26 18 24 23 -16 
3 -16 25 28 18 8 -20 -9 10 21 -23 -1 4 10 18 28 
-1 24 5 -19 4 -25 26 2 14 1 9 -13 0 19 14 -23 
-12 9 22 26 6 23 9 23 24 12 -26 25 15 17 28 25 
8 4 11 19 0 -28 -11 15 6 2 10 -28 -16 23 9 16 
21 2 17 20 -9 22 9 7 7 9 22 -9 20 17 2 21 
16 9 23 -16 -28 10 2 6 15 -11 -28 0 19 11 4 8 
25 28 17 15 25 -26 12 24 23 9 23 6 26 22 9 -12 
-23 14 19 0 -13 9 1 14 2 26 -25 4 -19 5 24 -1 
28 18 10 4 -1 -23 21 10 -9 -20 8 18 28 25 -16 3 
-16 23 24 18 26 17 0 3 3 -9 -27 3 -16 25 5 28 
42
7
9 5
0 15
1 15
3 1
10 7
0 3
10 3
1 10
10 0
9 0
7 14
0 8
10 12
0 12
10
4 10 14
5 3 15
2 15 14
2 5 16
6 15 9
6 5 14
5 12 15
8 0 14
8 10 16
4 0 9
10
6 3
7 15
1 5
4 7
2 9
4 12
3 0
9 10
6 8
8 6
