20 20
3 11 4 13 12 1 12 2 10 11 7 1 11 1 7 12 3 4 12 8 
14 -2 1 8 14 -9 9 14 14 4 1 1 -5 3 1 6 -3 7 -12 12 
-3 13 -7 1 4 7 4 14 7 11 5 12 -10 -12 9 -3 4 7 -10 6 
8 -3 -6 10 3 3 -1 5 0 7 8 3 -7 14 -11 2 11 13 6 6 
7 5 14 1 6 3 10 -4 0 1 13 14 9 -2 -9 10 9 6 5 11 
-13 12 10 6 11 10 12 12 9 12 -11 1 -1 -8 -10 1 14 9 9 11 
5 13 14 2 8 3 9 -5 4 11 3 12 6 12 4 4 13 12 11 8 
-14 6 13 0 1 -9 2 10 -3 6 3 10 8 11 11 -5 8 12 4 6 
0 3 -12 8 -7 14 11 8 -5 2 -11 13 4 8 -2 -5 14 1 -10 -6 
6 12 0 4 2 3 1 3 4 4 3 7 -13 -3 11 -12 4 5 14 7 
7 14 5 4 -12 11 -3 -13 7 3 4 4 3 1 3 2 4 0 12 6 
-6 -10 1 14 -5 -2 8 4 13 -11 2 -5 8 11 14 -7 8 -12 3 0 
6 4 12 8 -5 11 11 8 10 3 6 -3 10 2 -9 1 0 13 6 -14 
8 11 12 13 4 4 12 6 12 3 11 4 -5 9 3 8 2 14 13 5 
11 9 9 14 1 -10 -8 -1 1 -11 12 9 12 12 10 11 6 10 12 -13 
11 5 6 9 10 -9 -2 9 14 13 1 0 -4 10 3 6 1 14 5 7 
6 6 13 11 2 -11 14 -7 3 8 7 0 5 -1 3 3 10 -6 -3 8 
6 -10 7 4 -3 9 -12 -10 12 5 11 7 14 4 7 4 1 -7 13 -3 
12 -12 7 -3 6 1 3 -5 1 1 4 14 14 9 -9 14 8 1 -2 14 
8 12 4 3 12 7 1 11 1 7 11 10 2 12 1 12 13 4 11 3 
31
7
3 0
18 1
14 10
11 16
6 5
9 7
12 18
16 19
1 18
5 9
8 3
13 14
10 12
7 1
18
7 16 14
9 14 13
8 15 13
9 6 8
3 4 15
4 14 10
15 7 12
10 0 11
1 19 10
12 3 14
10 5 13
11 4 13
10 13 8
16 15 15
15 5 10
4 12 12
9 19 11
18 0 10
0
