12 16
0 7 0 10 11 4 -10 0 11 7 11 -11 0 12 2 -1 
-11 -6 -11 0 12 -3 13 1 -5 13 5 5 8 13 8 0 
4 0 13 3 13 4 4 8 -12 -9 11 7 -11 5 -10 13 
12 -8 2 11 12 4 12 12 13 9 0 -13 9 -10 1 5 
9 6 13 13 7 1 8 12 5 6 13 -10 -9 -2 9 -13 
2 5 9 4 5 -13 11 11 -5 1 4 8 9 3 3 -6 
-6 3 3 9 8 4 1 -5 11 11 -13 5 4 9 5 2 
-13 9 -2 -9 -10 13 6 5 12 8 1 7 13 13 6 9 
5 1 -10 9 -13 0 9 13 12 12 4 12 11 2 -8 12 
13 -10 5 -11 7 11 -9 -12 8 4 4 13 3 13 0 4 
0 8 13 8 5 5 13 -5 1 13 -3 12 0 -11 -6 -11 
-1 2 12 0 -11 11 7 11 0 -10 4 11 10 0 7 0 
48
4
4 14
7 3
5 8
0 9
7 1
4 12
6 7
11 6
18
3 1 9
2 10 14
3 6 13
8 4 15
11 13 15
6 0 12
6 3 9
1 10 9
0 10 16
8 14 9
9 5 14
8 9 13
3 11 15
0 2 15
5 15 12
5 12 9
10 5 9
11 5 16
12
10 12
9 4
0 12
5 10
1 15
3 2
1 3
2 11
11 3
6 5
10 0
8 13
