20 20
6 9 -7 -3 8 6 3 3 5 6 2 -7 8 7 8 5 4 1 10 4 
5 10 8 4 -2 -3 2 2 4 1 8 5 8 4 1 -10 10 5 -10 10 
2 -10 1 1 1 5 0 9 1 3 9 -6 -9 7 0 2 3 4 -7 -5 
10 10 -2 9 6 -1 4 8 7 3 6 9 1 -8 2 -6 6 10 2 3 
5 3 3 7 -1 1 -8 -3 -2 -4 1 9 3 7 4 -4 9 7 8 8 
4 2 -10 4 -4 -5 3 8 4 1 1 -8 9 6 -4 6 -8 9 4 2 
7 1 0 10 2 -7 -1 4 5 -8 -8 3 10 3 8 2 8 -7 2 8 
-7 -4 1 6 4 -4 1 8 -6 -5 4 3 -10 10 3 2 0 -4 0 3 
0 9 9 8 7 -7 5 -4 7 1 5 -2 -9 -5 1 7 4 7 -2 7 
-3 4 10 8 -10 10 3 -8 6 6 10 9 1 6 3 5 -2 1 4 -2 
-2 4 1 -2 5 3 6 1 9 10 6 6 -8 3 10 -10 8 10 4 -3 
7 -2 7 4 7 1 -5 -9 -2 5 1 7 -4 5 -7 7 8 9 9 0 
3 0 -4 0 2 3 10 -10 3 4 -5 -6 8 1 -4 4 6 1 -4 -7 
8 2 -7 8 2 8 3 10 3 -8 -8 5 4 -1 -7 2 10 0 1 7 
2 4 9 -8 6 -4 6 9 -8 1 1 4 8 3 -5 -4 4 -10 2 4 
8 8 7 9 -4 4 7 3 9 1 -4 -2 -3 -8 1 -1 7 3 3 5 
3 2 10 6 -6 2 -8 1 9 6 3 7 8 4 -1 6 9 -2 10 10 
-5 -7 4 3 2 0 7 -9 -6 9 3 1 9 0 5 1 1 1 -10 2 
10 -10 5 10 -10 1 4 8 5 8 1 4 2 2 -3 -2 4 8 10 5 
4 10 1 4 5 8 7 8 -7 2 6 5 3 3 6 8 -3 -7 9 6 
58
7
13 2
12 18
5 16
11 7
13 3
1 18
1 5
6 17
7 1
14 3
8 12
6 16
18 1
18 14
8
2 16 15
5 17 9
13 16 11
1 11 11
17 3 15
14 2 9
6 3 11
18 8 11
0
