16 20
-3 4 -7 3 1 6 4 -3 3 3 -1 -3 3 2 2 3 6 8 2 -4 
0 0 3 5 0 -6 4 2 8 -2 3 3 2 7 7 8 2 -6 -1 2 
2 8 4 -1 3 3 4 5 3 0 2 4 1 2 -8 1 3 -5 -4 -5 
8 7 0 -6 3 0 3 -6 6 2 -7 2 0 8 2 5 2 7 0 1 
-3 6 8 1 1 -3 0 3 7 4 4 -3 7 -3 -8 4 7 8 2 -2 
5 -7 4 -6 7 -3 -7 8 7 7 4 -3 0 1 3 0 1 7 7 3 
2 4 5 2 8 5 -3 -4 -2 4 2 3 8 7 -8 -5 8 8 0 3 
4 -7 -7 7 2 4 6 2 5 6 4 7 2 1 2 3 7 4 3 -1 
-1 3 4 7 3 2 1 2 7 4 6 5 2 6 4 2 7 -7 -7 4 
3 0 8 8 -5 -8 7 8 3 2 4 -2 -4 -3 5 8 2 5 4 2 
3 7 7 1 0 3 1 0 -3 4 7 7 8 -7 -3 7 -6 4 -7 5 
-2 2 8 7 4 -8 -3 7 -3 4 4 7 3 0 -3 1 1 8 6 -3 
1 0 7 2 5 2 8 0 2 -7 2 6 -6 3 0 3 -6 0 7 8 
-5 -4 -5 3 1 -8 2 1 4 2 0 3 5 4 3 3 -1 4 8 2 
2 -1 -6 2 8 7 7 2 3 3 -2 8 2 4 -6 0 5 3 0 0 
-4 2 8 6 3 2 2 3 -3 -1 3 3 -3 4 6 1 3 -7 4 -3 
40
8
3 5
11 18
15 0
4 9
5 4
1 14
8 0
5 19
12 14
4 1
0 19
11 10
10 15
14 5
7 19
10 0
18
2 18 15
5 12 10
3 7 8
8 18 8
0 16 13
3 14 13
7 0 8
10 4 8
14 1 13
13 1 15
10 7 10
12 12 8
7 1 8
15 3 13
12 5 13
8 19 8
5 15 8
1 18 13
22
9 3
13 4
7 2
7 8
14 8
5 17
3 13
2 16
5 3
8 3
7 15
6 16
2 15
8 17
8 11
1 11
10 2
12 6
13 3
10 16
7 16
8 4
