20 20
4 -2 1 0 3 1 2 2 1 4 -2 -2 2 1 0 4 3 -1 2 -4 
3 -4 3 0 -4 3 -1 2 -3 1 -1 -2 2 3 1 1 3 3 4 0 
3 -3 -4 3 4 2 -2 1 0 3 -2 -4 -1 2 -4 -3 -4 2 1 2 
2 2 4 2 -1 -1 2 -1 1 -2 2 4 4 4 0 4 1 -3 4 2 
2 2 2 3 1 4 2 1 0 1 -2 3 4 2 3 0 3 4 1 -2 
-4 3 1 -1 -3 -3 1 0 4 -1 0 -1 0 1 1 -3 -2 3 4 3 
-3 -3 2 3 -3 -3 0 3 -3 1 -1 4 4 3 -2 1 2 4 0 4 
-4 1 2 -4 1 3 -1 4 1 -1 4 2 3 4 1 4 2 -2 1 3 
1 1 3 0 1 1 3 2 1 3 1 3 0 2 4 -4 1 2 2 2 
1 2 0 1 -2 4 0 2 -3 2 2 3 3 4 4 1 0 0 -1 4 
4 -1 0 0 1 4 4 3 3 2 2 -3 2 0 4 -2 1 0 2 1 
2 2 2 1 -4 4 2 0 3 1 3 1 2 3 1 1 0 3 1 1 
3 1 -2 2 4 1 4 3 2 4 -1 1 4 -1 3 1 -4 2 1 -4 
4 0 4 2 1 -2 3 4 4 -1 1 -3 3 0 -3 -3 3 2 -3 -3 
3 4 3 -2 -3 1 1 0 -1 0 -1 4 0 1 -3 -3 -1 1 3 -4 
-2 1 4 3 0 3 2 4 3 -2 1 0 1 2 4 1 3 2 2 2 
2 4 -3 1 4 0 4 4 4 2 -2 1 -1 2 -1 -1 2 4 2 2 
2 1 2 -4 -3 -4 2 -1 -4 -2 3 0 1 -2 2 4 3 -4 -3 3 
0 4 3 3 1 1 3 2 -2 -1 1 -3 2 -1 3 -4 0 3 -4 3 
-4 2 -1 3 4 0 1 2 -2 -2 4 1 2 2 1 3 0 1 -2 4 
57
7
1 9
1 18
1 3
12 16
5 14
9 19
14 8
18 10
18 1
18 16
7 3
14 5
10 0
5 11
16
9 13 11
12 11 13
3 2 12
11 19 8
0 15 13
10 12 10
14 1 12
10 16 10
10 6 11
7 8 13
16 17 12
8 0 8
19 4 13
9 7 10
5 18 12
9 3 10
0
