10 16
1 0 -5 0 3 4 4 -4 5 -3 -1 3 5 2 -4 -5 
3 5 2 0 2 2 1 2 2 -2 3 0 -4 1 3 4 
3 1 5 1 -4 -2 4 4 5 -1 -2 2 4 5 2 5 
2 0 2 -1 4 3 1 4 2 1 4 5 0 -1 -5 2 
0 3 4 3 1 5 -5 2 4 -3 2 3 2 -1 2 -5 
-5 2 -1 2 3 2 -3 4 2 -5 5 1 3 4 3 0 
2 -5 -1 0 5 4 1 2 4 1 3 4 -1 2 0 2 
5 2 5 4 2 -2 -1 5 4 4 -2 -4 1 5 1 3 
4 3 1 -4 0 3 -2 2 2 1 2 2 0 2 5 3 
-5 -4 2 5 3 -1 -3 5 -4 4 4 3 0 -5 0 1 
35
2
0 12
5 3
9 3
4 12
6
0 15 12
4 9 14
6 3 12
9 0 12
5 6 14
3 12 12
16
0 2
4 2
1 8
3 5
2 6
4 15
4 13
0 3
9 13
5 13
8 7
6 10
7 9
5 0
5 2
9 12
