20 20
6 1 -7 5 -2 -3 7 2 3 7 4 5 6 1 3 4 0 4 5 5 
1 1 7 1 5 0 2 -2 0 0 2 2 2 -5 6 -5 -3 -6 3 4 
2 2 6 5 -6 5 -2 1 1 1 7 5 -7 5 -4 7 7 6 6 -6 
6 -2 -5 1 2 0 7 5 1 5 7 0 1 -5 0 -3 2 0 4 4 
4 2 1 -2 0 -5 6 7 -3 2 1 3 1 2 -1 7 7 3 0 2 
6 -5 0 -2 6 0 2 -3 0 0 -5 5 6 6 7 2 4 7 1 -5 
-2 2 5 -4 4 7 1 5 6 4 4 0 1 2 3 -1 -2 7 -3 5 
-4 -1 0 2 -6 7 1 -3 6 5 -6 1 5 5 5 6 6 4 -4 1 
4 4 1 5 -1 3 0 4 -1 5 0 -2 -6 1 7 4 6 0 1 5 
7 5 7 5 2 -4 -4 5 2 -3 1 -4 4 -5 5 -4 -3 6 1 6 
6 1 6 -3 -4 5 -5 4 -4 1 -3 2 5 -4 -4 2 5 7 5 7 
5 1 0 6 4 7 1 -6 -2 0 5 -1 4 0 3 -1 5 1 4 4 
1 -4 4 6 6 5 5 5 1 -6 5 6 -3 1 7 -6 2 0 -1 -4 
5 -3 7 -2 -1 3 2 1 0 4 4 6 5 1 7 4 -4 5 2 -2 
-5 1 7 4 2 7 6 6 5 -5 0 0 -3 2 0 6 -2 0 -5 6 
2 0 3 7 7 -1 2 1 3 1 2 -3 7 6 -5 0 -2 1 2 4 
4 4 0 2 -3 0 -5 1 0 7 5 1 5 7 0 2 1 -5 -2 6 
-6 6 6 7 7 -4 5 -7 5 7 1 1 1 -2 5 -6 5 6 2 2 
4 3 -6 -3 -5 6 -5 2 2 2 0 0 -2 2 0 5 1 7 1 1 
5 5 4 0 4 3 1 6 5 4 7 3 2 7 -3 -2 5 -7 1 6 
52
7
0 12
6 7
18 15
15 10
9 2
8 3
7 6
19 7
13 12
1 4
4 9
10 17
11 16
12 13
10
3 12 12
14 18 13
19 9 10
0 7 16
8 9 10
16 7 12
5 1 13
0 10 10
19 12 16
11 10 10
0
