20 20
1 3 1 3 3 0 1 2 3 -2 -3 2 1 -2 -3 -1 2 -1 0 2 
3 2 0 3 1 -3 2 0 1 0 -2 0 -1 0 1 0 1 1 -1 -3 
-1 1 0 3 2 2 -2 -1 1 0 2 2 3 2 3 2 0 2 -2 2 
-2 2 0 1 3 3 2 -2 3 2 3 1 1 1 2 3 2 3 -3 -2 
2 2 0 -3 3 3 2 3 0 0 2 2 -3 -2 3 1 3 0 0 0 
-2 2 3 2 1 0 0 2 1 3 1 -2 1 -2 1 -1 0 -2 3 3 
2 0 1 3 2 2 1 1 1 2 3 0 1 3 -2 2 2 1 -3 3 
2 0 -2 -2 2 -1 -1 2 1 -1 0 2 2 1 2 1 2 2 3 -1 
-1 3 0 0 0 -3 0 0 3 -2 2 3 3 2 2 1 -2 0 1 0 
1 2 2 1 1 1 1 0 2 3 1 3 1 2 2 0 0 1 1 -1 
-1 1 1 0 0 2 2 1 3 1 3 2 0 1 1 1 1 2 2 1 
0 1 0 -2 1 2 2 3 3 2 -2 3 0 0 -3 0 0 0 3 -1 
-1 3 2 2 1 2 1 2 2 0 -1 1 2 -1 -1 2 -2 -2 0 2 
3 -3 1 2 2 -2 3 1 0 3 2 1 1 1 2 2 3 1 0 2 
3 3 -2 0 -1 1 -2 1 -2 1 3 1 2 0 0 1 2 3 2 -2 
0 0 0 3 1 3 -2 -3 2 2 0 0 3 2 3 3 -3 0 2 2 
-2 -3 3 2 3 2 1 1 1 3 2 3 -2 2 3 3 1 0 2 -2 
2 -2 2 0 2 3 2 3 2 2 0 1 -1 -2 2 2 3 0 1 -1 
-3 -1 1 1 0 1 0 -1 0 -2 0 1 0 2 -3 1 3 0 2 3 
2 0 -1 2 -1 -3 -2 1 2 -3 -2 3 2 1 0 3 3 1 3 1 
38
5
3 11
7 0
5 4
1 19
18 15
16 8
12 19
14 15
18 0
1 4
20
18 5 8
8 11 10
0 6 8
11 0 12
13 6 14
2 0 15
3 15 10
11 9 12
13 0 13
5 14 16
1 14 8
11 8 10
19 13 8
8 19 12
6 13 14
17 19 15
16 4 10
8 10 12
6 19 13
14 5 16
0
