18 10
4 4 2 -1 -5 1 1 5 5 3 
-3 2 4 -6 -1 4 6 -4 0 3 
3 -5 6 5 4 1 3 -4 -1 5 
0 5 6 -2 0 -4 0 4 2 -4 
-4 -3 1 -5 6 4 -5 -5 0 1 
3 -1 -5 3 6 -3 1 -3 3 3 
6 -1 5 3 0 -4 6 3 -4 2 
3 5 5 5 -6 4 -6 1 -5 4 
2 0 0 4 6 0 1 4 3 6 
6 3 4 1 0 6 4 0 0 2 
4 -5 1 -6 4 -6 5 5 5 3 
2 -4 3 6 -4 0 3 5 -1 6 
3 3 -3 1 -3 6 3 -5 -1 3 
1 0 -5 -5 4 6 -5 1 -3 -4 
-4 2 4 0 -4 0 -2 6 5 0 
5 -1 -4 3 1 4 5 6 -5 3 
3 0 -4 6 4 -1 -6 4 2 -3 
3 5 5 1 1 -5 -1 2 4 4 
38
6
1 0
5 9
12 5
3 0
8 5
3 5
16 9
12 0
5 4
14 9
9 4
14 4
16
7 3 9
5 6 10
4 1 16
12 4 15
16 8 12
13 4 12
3 2 14
0 3 9
10 6 9
12 3 10
13 8 16
5 5 15
1 1 12
4 5 12
14 7 14
17 6 9
18
11 3
6 1
8 4
0 9
14 2
8 2
16 4
7 0
13 9
6 6
11 8
9 5
17 0
3 7
9 7
1 5
10 9
4 0
