10 10
-5 14 10 3 20 3 0 4 14 21 
18 22 -12 5 21 17 14 18 22 3 
19 10 18 14 9 14 24 -3 11 15 
20 1 -11 -8 17 -7 12 1 -10 5 
-4 19 13 -19 2 12 7 -5 18 -2 
-2 18 -5 7 12 2 -19 13 19 -4 
5 -10 1 12 -7 17 -8 -11 1 20 
15 11 -3 24 14 9 14 18 10 19 
3 22 18 14 17 21 5 -12 22 18 
21 14 4 0 3 20 3 10 14 -5 
53
7
2 3
8 7
2 7
8 4
6 1
0 9
7 9
7 6
1 2
7 2
1 5
3 8
9 0
2 0
14
4 3 9
1 3 10
0 3 11
7 8 14
4 0 9
0 2 10
5 7 10
5 6 9
8 6 10
9 6 11
2 1 14
5 9 9
9 7 10
4 2 10
10
2 5
9 8
9 4
1 7
2 4
7 4
0 1
0 5
8 2
7 5
