20 20
-13 8 0 12 14 -1 4 0 12 -11 3 -14 4 11 11 12 7 0 14 4 
9 14 10 1 9 11 7 14 3 -14 9 4 -3 12 3 -14 -2 -1 3 -1 
0 1 -5 -6 3 13 10 4 7 2 6 6 3 13 -4 -8 -5 1 13 -8 
13 3 4 7 7 6 6 2 3 10 12 14 9 -2 7 10 11 7 -5 9 
4 10 9 9 5 2 2 12 6 4 11 2 14 -8 12 1 10 -1 7 -10 
14 -13 10 9 14 5 5 6 0 -11 12 -14 9 10 14 11 5 2 -11 8 
14 12 -6 5 4 2 8 -11 8 2 7 1 6 11 -14 0 2 4 3 11 
12 3 -13 -11 11 12 11 -14 14 -2 2 4 13 12 -5 -14 5 7 9 7 
14 -14 1 6 9 2 9 11 13 5 5 13 0 -10 -13 9 9 3 13 2 
-5 5 13 8 13 1 -10 3 1 0 13 13 13 13 -10 -12 13 7 13 -10 
-10 13 7 13 -12 -10 13 13 13 13 0 1 3 -10 1 13 8 13 5 -5 
2 13 3 9 9 -13 -10 0 13 5 5 13 11 9 2 9 6 1 -14 14 
7 9 7 5 -14 -5 12 13 4 2 -2 14 -14 11 12 11 -11 -13 3 12 
11 3 4 2 0 -14 11 6 1 7 2 8 -11 8 2 4 5 -6 12 14 
8 -11 2 5 11 14 10 9 -14 12 -11 0 6 5 5 14 9 10 -13 14 
-10 7 -1 10 1 12 -8 14 2 11 4 6 12 2 2 5 9 9 10 4 
9 -5 7 11 10 7 -2 9 14 12 10 3 2 6 6 7 7 4 3 13 
-8 13 1 -5 -8 -4 13 3 6 6 2 7 4 10 13 3 -6 -5 1 0 
-1 3 -1 -2 -14 3 12 -3 4 9 -14 3 14 7 11 9 1 10 14 9 
4 14 0 7 12 11 11 4 -14 3 -11 12 0 4 -1 14 12 0 8 -13 
60
8
1 14
11 3
5 15
8 18
11 5
3 14
1 9
9 8
18 5
8 16
14 4
11 1
8 14
16 5
18 10
10 11
20
3 8 15
17 4 9
1 10 11
8 6 12
3 7 10
14 12 8
5 2 8
0 9 10
3 11 16
11 12 16
16 11 15
2 15 9
18 9 11
11 13 12
16 12 10
5 7 8
14 17 8
19 10 10
16 8 16
8 7 16
0
