11 11
4 1 10 5 4 2 10 0 -3 4 1 
-9 1 2 4 2 -8 -5 -4 -8 11 3 
11 2 -10 2 1 6 0 2 2 5 -3 
9 6 7 5 9 5 0 9 5 -4 -5 
5 8 9 -7 8 2 11 6 5 11 -10 
4 11 1 9 5 10 5 9 1 11 4 
-10 11 5 6 11 2 8 -7 9 8 5 
-5 -4 5 9 0 5 9 5 7 6 9 
-3 5 2 2 0 6 1 2 -10 2 11 
3 11 -8 -4 -5 -8 2 4 2 1 -9 
1 4 -3 0 10 2 4 5 10 1 4 
38
8
1 9
4 1
6 7
10 9
8 2
0 7
10 0
10 5
9 1
6 9
4 3
0 1
2 8
10 3
0 10
0 5
18
9 6 9
8 7 15
8 0 14
1 7 15
0 4 13
6 10 11
10 7 13
0 6 16
5 6 11
1 4 9
2 3 15
2 10 14
9 3 15
10 6 13
4 0 11
0 3 13
10 4 16
5 4 11
12
3 9
7 3
3 5
7 0
3 4
9 4
7 1
3 7
7 5
3 10
7 6
1 6
