16 11
7 0 1 10 14 15 19 4 1 -14 20 
-17 13 15 13 4 -3 13 7 16 16 3 
-13 3 -9 5 10 12 12 17 7 -6 13 
-20 5 15 -8 9 3 5 5 0 20 9 
-15 10 20 5 5 3 19 20 3 -15 4 
4 18 13 6 15 -18 20 -17 8 2 13 
16 15 2 19 12 6 4 7 -15 20 19 
10 9 12 9 18 7 10 -18 2 16 -12 
-12 16 2 -18 10 7 18 9 12 9 10 
19 20 -15 7 4 6 12 19 2 15 16 
13 2 8 -17 20 -18 15 6 13 18 4 
4 -15 3 20 19 3 5 5 20 10 -15 
9 20 0 5 5 3 9 -8 15 5 -20 
13 -6 7 17 12 12 10 5 -9 3 -13 
3 16 16 7 13 -3 4 13 15 13 -17 
20 -14 1 4 19 15 14 10 1 0 7 
56
5
9 0
10 1
6 1
12 5
6 5
6 10
5 9
9 9
3 5
9 5
6
0 6 15
12 2 10
5 1 15
15 4 15
3 8 10
10 9 15
14
14 6
12 10
15 5
7 4
14 7
9 8
6 0
1 4
3 0
0 5
8 6
1 3
6 2
9 10
