10 17
10 17 -22 5 -22 21 17 9 0 27 21 15 -1 16 -3 8 21 
26 4 25 20 -27 14 3 -13 25 -24 12 24 3 -7 15 4 14 
0 11 18 15 1 25 17 -7 24 1 -9 14 29 18 13 6 7 
26 29 -17 17 20 2 8 19 3 6 20 5 25 30 18 22 5 
7 14 3 -23 29 24 19 0 -25 26 24 22 21 6 -23 19 10 
10 19 -23 6 21 22 24 26 -25 0 19 24 29 -23 3 14 7 
5 22 18 30 25 5 20 6 3 19 8 2 20 17 -17 29 26 
7 6 13 18 29 14 -9 1 24 -7 17 25 1 15 18 11 0 
14 4 15 -7 3 24 12 -24 25 -13 3 14 -27 20 25 4 26 
21 8 -3 16 -1 15 21 27 0 9 17 21 -22 5 -22 17 10 
33
5
1 9
7 10
2 5
7 5
4 9
8 7
2 6
7 11
2 11
5 7
18
6 10 16
6 15 14
2 7 12
4 13 9
3 5 14
6 13 11
0 1 8
5 4 13
8 5 12
3 6 16
3 1 14
7 9 12
5 3 9
6 11 14
3 3 11
9 15 8
4 12 13
1 11 12
10
0 5
2 10
9 5
8 1
4 5
9 11
7 6
0 11
1 15
5 11
