13 14
-4 -5 -7 8 10 1 10 4 12 -12 10 1 11 12 
12 -3 -7 10 12 -10 5 10 9 9 -4 -4 2 3 
8 8 -10 12 10 3 11 -7 12 7 12 11 1 -7 
5 -9 11 7 -4 -3 5 1 -12 2 4 7 0 10 
2 6 0 -9 -6 0 -9 0 2 2 4 -10 3 6 
12 8 4 -3 1 5 12 -6 7 11 9 2 6 -5 
10 -11 12 7 1 -2 5 5 -2 1 7 12 -11 10 
-5 6 2 9 11 7 -6 12 5 1 -3 4 8 12 
6 3 -10 4 2 2 0 -9 0 -6 -9 0 6 2 
10 0 7 4 2 -12 1 5 -3 -4 7 11 -9 5 
-7 1 11 12 7 12 -7 11 3 10 12 -10 8 8 
3 2 -4 -4 9 9 10 5 -10 12 10 -7 -3 12 
12 11 1 10 -12 12 4 10 1 10 8 -7 -5 -4 
35
6
5 1
8 11
8 10
9 8
10 11
9 12
7 12
4 2
4 3
3 5
2 2
3 1
6
6 10 15
0 7 11
3 9 11
6 3 15
12 6 11
9 4 11
18
9 0
7 0
2 1
5 9
10 0
9 6
6 12
3 8
12 0
3 13
5 13
10 12
7 4
2 13
3 7
6 1
9 5
0 13
