14 12
16 7 2 8 5 0 -6 18 8 7 15 8 
1 7 -10 -10 13 10 7 11 6 9 -16 -18 
16 0 14 -11 3 10 13 -19 2 13 13 19 
14 20 16 5 13 16 12 5 20 0 19 13 
7 13 10 19 13 7 9 11 10 5 3 18 
9 6 6 6 20 17 5 20 16 14 12 15 
7 -15 8 17 -2 -20 7 15 11 2 19 11 
11 19 2 11 15 7 -20 -2 17 8 -15 7 
15 12 14 16 20 5 17 20 6 6 6 9 
18 3 5 10 11 9 7 13 19 10 13 7 
13 19 0 20 5 12 16 13 5 16 20 14 
19 13 13 2 -19 13 10 3 -11 14 0 16 
-18 -16 9 6 11 7 10 13 -10 -10 7 1 
8 15 7 8 18 -6 0 5 8 2 7 16 
42
3
6 10
8 4
5 6
7 1
5 7
8 5
12
3 10 10
8 7 13
4 9 13
12 4 9
1 0 9
13 1 8
10 1 10
5 4 13
9 2 13
1 7 9
12 11 9
0 10 8
10
1 5
13 2
11 3
2 10
13 3
12 6
0 9
2 8
11 1
0 8
