20 20
3 0 2 3 -2 -3 2 2 0 2 0 3 2 2 -3 2 1 -2 -2 2 
1 3 -3 2 0 0 -2 2 -1 -2 3 0 2 3 2 2 0 1 1 0 
0 1 0 2 3 1 3 2 2 1 1 0 1 0 2 -2 -3 1 3 3 
0 2 1 -1 0 -2 2 -2 1 1 0 2 0 1 0 3 2 3 -2 -2 
0 1 -2 1 3 2 1 0 3 1 3 0 1 1 2 3 2 1 -2 1 
3 1 1 0 -2 2 1 2 -3 3 2 3 3 2 -3 1 0 0 -2 -2 
2 -3 0 2 2 2 1 1 2 3 2 1 2 1 0 1 -2 3 2 0 
2 1 -2 2 2 3 -1 3 -3 3 -2 -1 2 1 -2 2 3 1 1 1 
2 2 1 2 2 3 -1 -2 1 2 3 2 1 1 -1 -1 3 1 3 0 
1 0 0 3 0 1 0 3 2 1 1 1 1 -1 1 2 2 1 2 -1 
-1 2 1 2 2 1 -1 1 1 1 1 2 3 0 1 0 3 0 0 1 
0 3 1 3 -1 -1 1 1 2 3 2 1 -2 -1 3 2 2 1 2 2 
1 1 1 3 2 -2 1 2 -1 -2 3 -3 3 -1 3 2 2 -2 1 2 
0 2 3 -2 1 0 1 2 1 2 3 2 1 1 2 2 2 0 -3 2 
-2 -2 0 0 1 -3 2 3 3 2 3 -3 2 1 2 -2 0 1 1 3 
1 -2 1 2 3 2 1 1 0 3 1 3 0 1 2 3 1 -2 1 0 
-2 -2 3 2 3 0 1 0 2 0 1 1 -2 2 -2 0 -1 1 2 0 
3 3 1 -3 -2 2 0 1 0 1 1 2 2 3 1 3 2 0 1 0 
0 1 1 0 2 2 3 2 0 3 -2 -1 2 -2 0 0 2 -3 3 1 
2 -2 -2 1 2 -3 2 2 3 0 2 0 2 2 -3 -2 3 2 0 3 
41
3
15 13
7 3
6 12
4 6
12 16
13 7
16
0 10 14
0 19 9
10 6 14
10 12 15
19 16 12
11 16 8
13 1 12
2 7 15
19 9 14
19 0 9
9 13 14
9 7 15
0 3 12
8 3 8
6 18 12
17 12 15
0
