10 20
7 11 21 16 9 12 14 18 3 14 23 -12 -19 6 24 -10 26 -17 7 17 
-2 -9 22 9 4 11 -5 6 6 13 1 24 5 25 18 20 7 16 1 10 
10 13 13 20 13 15 12 11 8 24 14 8 15 3 8 6 20 -10 10 21 
-22 13 10 24 -24 17 13 12 0 6 1 21 3 -13 -22 -26 7 26 24 -8 
26 1 15 21 16 -4 21 12 8 7 -13 6 10 5 4 5 -26 22 11 1 
1 11 22 -26 5 4 5 10 6 -13 7 8 12 21 -4 16 21 15 1 26 
-8 24 26 7 -26 -22 -13 3 21 1 6 0 12 13 17 -24 24 10 13 -22 
21 10 -10 20 6 8 3 15 8 14 24 8 11 12 15 13 20 13 13 10 
10 1 16 7 20 18 25 5 24 1 13 6 6 -5 11 4 9 22 -9 -2 
17 7 -17 26 -10 24 6 -19 -12 23 14 3 18 14 12 9 16 21 11 7 
46
5
9 1
8 3
4 17
3 12
3 9
0 18
1 16
5 2
6 7
6 10
8
9 6 10
7 18 10
6 19 13
2 18 10
0 13 10
2 1 10
3 0 13
7 1 10
16
6 2
1 12
2 7
8 19
5 12
6 8
0 5
2 9
3 17
8 7
7 12
1 0
4 7
3 11
9 14
7 10
