20 20
0 0 3 3 6 3 0 4 2 5 2 5 6 3 -2 6 1 6 -2 3 
5 1 5 2 4 6 3 -3 4 3 2 6 5 3 3 2 4 5 2 5 
2 6 3 5 0 -6 -5 5 -5 2 3 -3 1 -1 4 -3 0 1 2 3 
-2 3 5 6 -4 3 5 -5 -3 -2 -2 5 1 5 -3 4 5 2 4 -4 
-5 3 3 6 6 2 -1 5 4 2 1 -3 5 3 4 -1 -4 2 5 3 
2 3 -4 3 0 3 4 -3 4 6 2 5 3 -5 -3 1 1 2 3 -6 
-3 -4 3 -1 -5 -4 2 3 4 5 -2 1 1 6 4 2 1 -6 3 0 
4 -2 -1 6 3 3 5 4 1 2 -2 6 6 3 3 5 6 -5 -6 4 
0 6 2 5 1 1 1 3 4 3 5 4 6 2 6 2 5 2 1 6 
4 4 1 3 1 2 5 6 4 -2 5 1 -1 2 -4 3 -5 -5 5 4 
4 5 -5 -5 3 -4 2 -1 1 5 -2 4 6 5 2 1 3 1 4 4 
6 1 2 5 2 6 2 6 4 5 3 4 3 1 1 1 5 2 6 0 
4 -6 -5 6 5 3 3 6 6 -2 2 1 4 5 3 3 6 -1 -2 4 
0 3 -6 1 2 4 6 1 1 -2 5 4 3 2 -4 -5 -1 3 -4 -3 
-6 3 2 1 1 -3 -5 3 5 2 6 4 -3 4 3 0 3 -4 3 2 
3 5 2 -4 -1 4 3 5 -3 1 2 4 5 -1 2 6 6 3 3 -5 
-4 4 2 5 4 -3 5 1 5 -2 -2 -3 -5 5 3 -4 6 5 3 -2 
3 2 1 0 -3 4 -1 1 -3 3 2 -5 5 -5 -6 0 5 3 6 2 
5 2 5 4 2 3 3 5 6 2 3 4 -3 3 6 4 2 5 1 5 
3 -2 6 1 6 -2 3 6 5 2 5 2 4 0 3 6 3 3 0 0 
46
5
11 19
10 9
7 18
11 10
14 16
8 0
9 10
12 1
8 9
5 3
16
13 14 13
16 4 8
0 4 9
9 18 9
8 7 9
12 14 14
11 18 13
8 13 16
6 5 13
3 15 8
19 15 9
10 1 9
11 12 9
7 5 14
8 1 13
11 6 16
0
