20 20
1 0 10 6 2 3 4 3 7 3 9 4 3 8 1 -5 0 0 7 -6 
8 7 1 0 -6 9 5 6 10 5 8 1 6 6 10 -1 2 -8 11 6 
-2 7 -4 4 1 9 9 -2 -4 -1 6 -5 2 -4 2 7 10 6 -9 7 
9 8 5 -3 11 5 7 6 2 9 11 5 -5 -9 10 8 0 9 1 11 
7 4 7 7 -10 1 11 1 6 10 9 4 -6 -11 2 8 -10 9 11 5 
8 9 3 -7 1 0 0 6 -10 0 5 10 5 5 -8 7 2 10 -9 -10 
7 4 11 7 6 6 7 1 9 9 -9 6 11 1 -4 -11 8 -9 -5 6 
9 4 4 2 -7 8 3 -5 2 0 7 10 9 10 1 9 1 5 5 -3 
10 3 6 -6 -8 7 7 9 -6 -2 9 10 10 1 1 10 -10 10 3 -2 
-5 8 6 4 -1 6 6 2 -5 11 7 2 1 9 7 9 -4 8 11 11 
11 11 8 -4 9 7 9 1 2 7 11 -5 2 6 6 -1 4 6 8 -5 
-2 3 10 -10 10 1 1 10 10 9 -2 -6 9 7 7 -8 -6 6 3 10 
-3 5 5 1 9 1 10 9 10 7 0 2 -5 3 8 -7 2 4 4 9 
6 -5 -9 8 -11 -4 1 11 6 -9 9 9 1 7 6 6 7 11 4 7 
-10 -9 10 2 7 -8 5 5 10 5 0 -10 6 0 0 1 -7 3 9 8 
5 11 9 -10 8 2 -11 -6 4 9 10 6 1 11 1 -10 7 7 4 7 
11 1 9 0 8 10 -9 -5 5 11 9 2 6 7 5 11 -3 5 8 9 
7 -9 6 10 7 2 -4 2 -5 6 -1 -4 -2 9 9 1 4 -4 7 -2 
6 11 -8 2 -1 10 6 6 1 8 5 10 6 5 9 -6 0 1 7 8 
-6 7 0 0 -5 1 8 3 4 9 3 7 3 4 3 2 6 10 0 1 
43
4
7 9
15 0
7 10
15 5
12 10
4 19
12 9
4 14
20
10 16 12
10 6 14
12 14 13
5 7 14
15 3 15
1 18 14
1 16 16
13 15 15
14 10 16
1 9 13
9 3 12
9 13 14
7 5 13
14 12 14
4 16 15
18 1 14
18 3 16
6 4 15
5 9 16
18 10 13
0
