17 16
-5 -7 9 9 3 -7 2 4 8 9 -6 5 4 -4 -3 1 
9 9 -7 9 6 9 1 5 6 9 -2 3 2 -8 -8 3 
1 8 5 1 9 8 4 6 8 6 9 7 1 -3 6 3 
1 9 8 2 5 4 4 6 0 4 1 -4 -8 5 8 -3 
6 2 8 4 1 -8 3 6 1 -5 7 4 -1 -2 2 -5 
-7 6 8 -7 5 9 2 -2 2 6 6 1 1 6 9 -2 
-5 1 -5 -1 3 1 0 8 7 -3 2 -1 0 -4 6 -7 
5 -5 7 -1 3 -9 9 8 0 1 6 2 1 0 8 -7 
5 6 0 -2 9 4 9 8 8 9 4 9 -2 0 6 5 
-7 8 0 1 2 6 1 0 8 9 -9 3 -1 7 -5 5 
-7 6 -4 0 -1 2 -3 7 8 0 1 3 -1 -5 1 -5 
-2 9 6 1 1 6 6 2 -2 2 9 5 -7 8 6 -7 
-5 2 -2 -1 4 7 -5 1 6 3 -8 1 4 8 2 6 
-3 8 5 -8 -4 1 4 0 6 4 4 5 2 8 9 1 
3 6 -3 1 7 9 6 8 6 4 8 9 1 5 8 1 
3 -8 -8 2 3 -2 9 6 5 1 9 6 9 -7 9 9 
1 -3 -4 4 5 -6 9 8 4 2 -7 3 9 9 -7 -5 
42
4
16 9
7 6
12 7
0 13
0 6
9 9
4 8
16 2
20
7 15 11
13 12 8
8 6 10
1 5 8
2 3 12
1 0 9
0 10 16
8 12 8
11 10 10
7 0 14
9 0 11
3 3 8
8 9 10
15 10 8
14 12 12
15 15 9
16 5 16
8 3 8
5 5 10
9 15 14
20
15 2
13 11
10 8
6 14
9 14
9 6
4 2
0 3
0 2
15 9
1 13
3 4
6 7
10 1
7 1
7 9
12 13
16 12
16 13
1 6
