20 20
-5 5 -2 -1 1 5 5 5 -2 3 1 0 5 3 1 1 -1 3 5 -4 
3 5 0 5 -5 4 -3 -4 2 1 -2 -4 2 -2 5 3 5 -2 2 3 
0 4 1 4 4 4 5 3 4 3 2 -2 4 3 5 5 3 -3 -3 3 
3 1 4 -1 1 5 2 0 4 0 -3 0 2 1 5 -3 5 5 3 5 
5 1 -2 4 2 2 3 3 5 1 0 3 -4 2 1 5 2 0 -2 4 
1 2 3 2 -1 4 -2 0 5 5 1 -4 -4 4 4 3 5 2 4 3 
2 5 3 1 1 0 2 -3 1 3 1 0 3 -2 4 1 2 0 3 5 
5 2 1 3 2 5 3 0 -3 2 3 0 4 2 5 -5 4 3 1 2 
3 5 1 5 0 -1 1 1 5 1 4 1 3 1 4 5 5 5 0 2 
4 4 2 3 2 5 -2 3 2 5 1 -2 3 2 0 5 -2 4 -1 5 
5 -1 4 -2 5 0 2 3 -2 1 5 2 3 -2 5 2 3 2 4 4 
2 0 5 5 5 4 1 3 1 4 1 5 1 1 -1 0 5 1 5 3 
2 1 3 4 -5 5 2 4 0 3 2 -3 0 3 5 2 3 1 2 5 
5 3 0 2 1 4 -2 3 0 1 3 1 -3 2 0 1 1 3 5 2 
3 4 2 5 3 4 4 -4 -4 1 5 5 0 -2 4 -1 2 3 2 1 
4 -2 0 2 5 1 2 -4 3 0 1 5 3 3 2 2 4 -2 1 5 
5 3 5 5 -3 5 1 2 0 -3 0 4 0 2 5 1 -1 4 1 3 
3 -3 -3 3 5 5 3 4 -2 2 3 4 3 5 4 4 4 1 4 0 
3 2 -2 5 3 5 -2 2 -4 -2 1 2 -4 -3 4 -5 5 0 5 3 
-4 5 3 -1 1 1 3 5 0 1 3 -2 5 5 5 1 -1 -2 5 -5 
36
5
5 16
0 2
3 10
14 2
0 12
14 3
19 17
16 9
5 17
19 7
18
3 14 16
19 18 10
6 7 8
19 6 11
7 15 11
13 19 16
1 3 12
2 9 14
9 19 9
16 5 16
0 1 10
13 12 8
0 13 11
12 4 11
6 0 16
18 16 12
17 10 14
10 0 9
0
