20 20
1 16 0 6 1 9 5 3 9 0 -12 13 10 12 -13 4 9 6 5 1 
15 -12 -11 6 9 10 7 15 11 13 10 9 16 -16 16 3 13 2 10 11 
10 16 11 4 13 8 10 14 12 16 12 9 0 7 6 1 15 5 3 9 
0 7 10 1 -5 -13 6 10 10 -6 6 13 3 -8 11 16 15 -6 -5 8 
11 14 1 10 6 -5 16 -8 -11 6 11 10 12 -12 9 -6 2 3 11 -10 
1 16 9 -4 9 -7 16 -3 16 -12 5 1 12 10 8 8 14 -12 13 2 
13 5 11 11 2 0 -10 7 -13 3 -13 -7 -13 16 16 9 10 13 5 4 
11 7 15 8 -16 -6 11 9 1 4 14 15 -11 4 12 16 -1 14 11 7 
12 10 -8 6 -1 -5 -7 -2 -14 -6 0 -13 11 12 13 13 15 -10 11 15 
1 -7 6 9 14 -16 9 9 6 12 2 1 8 -2 -3 13 7 3 4 6 
6 4 3 7 13 -3 -2 8 1 2 12 6 9 9 -16 14 9 6 -7 1 
15 11 -10 15 13 13 12 11 -13 0 -6 -14 -2 -7 -5 -1 6 -8 10 12 
7 11 14 -1 16 12 4 -11 15 14 4 1 9 11 -6 -16 8 15 7 11 
4 5 13 10 9 16 16 -13 -7 -13 3 -13 7 -10 0 2 11 11 5 13 
2 13 -12 14 8 8 10 12 1 5 -12 16 -3 16 -7 9 -4 9 16 1 
-10 11 3 2 -6 9 -12 12 10 11 6 -11 -8 16 -5 6 10 1 14 11 
8 -5 -6 15 16 11 -8 3 13 6 -6 10 10 6 -13 -5 1 10 7 0 
9 3 5 15 1 6 7 0 9 12 16 12 14 10 8 13 4 11 16 10 
11 10 2 13 3 16 -16 16 9 10 13 11 15 7 10 9 6 -11 -12 15 
1 5 6 9 4 -13 12 10 13 -12 0 9 3 5 9 1 6 0 16 1 
47
2
19 12
16 11
0 7
3 8
20
11 16 10
16 1 13
11 5 10
11 12 15
8 6 9
18 2 12
14 0 16
18 6 14
0 2 8
3 14 13
8 3 10
3 18 13
8 14 10
8 7 15
11 13 9
1 17 12
5 19 16
1 13 14
19 17 8
16 5 13
0
