11 17
-3 2 2 -1 4 1 2 0 2 3 0 -3 1 1 1 3 3 
4 2 3 -4 -2 1 3 -2 1 2 0 1 1 0 2 4 1 
4 4 0 0 0 -1 1 2 2 3 4 4 1 -2 4 1 4 
1 1 1 0 1 -3 1 4 2 2 0 2 4 1 4 0 -2 
4 4 1 1 2 3 -2 2 -3 2 3 1 4 4 1 3 -3 
2 4 3 -4 0 3 1 -4 3 -4 1 3 0 -4 3 4 2 
-3 3 1 4 4 1 3 2 -3 2 -2 3 2 1 1 4 4 
-2 0 4 1 4 2 0 2 2 4 1 -3 1 0 1 1 1 
4 1 4 -2 1 4 4 3 2 2 1 -1 0 0 0 4 4 
1 4 2 0 1 1 0 2 1 -2 3 1 -2 -4 3 2 4 
3 3 1 1 1 -3 0 3 2 0 2 1 4 -1 2 2 -3 
33
5
8 1
8 4
0 9
2 4
7 8
2 15
2 12
10 7
8 12
3 8
12
8 7 11
6 7 13
1 2 9
4 8 9
8 11 9
5 15 12
2 9 11
4 9 13
9 14 9
6 8 9
2 5 9
5 1 12
12
6 11
10 4
7 16
1 0
9 1
6 0
4 5
0 12
3 0
9 16
1 15
4 16
