18 12
7 3 15 15 14 -15 8 -2 4 6 13 3 
10 5 12 4 4 13 4 13 7 11 10 1 
9 -14 15 1 8 -14 2 4 13 -8 12 15 
-2 11 14 3 9 11 0 10 14 10 9 -2 
9 -10 -9 -6 2 6 9 5 4 11 4 12 
8 5 3 12 -3 3 4 -1 10 12 3 5 
-9 -11 1 1 15 4 7 -13 14 4 13 7 
3 11 2 10 13 8 4 7 -9 3 4 0 
-1 -15 11 -2 14 1 4 2 10 9 10 10 
10 10 9 10 2 4 1 14 -2 11 -15 -1 
0 4 3 -9 7 4 8 13 10 2 11 3 
7 13 4 14 -13 7 4 15 1 1 -11 -9 
5 3 12 10 -1 4 3 -3 12 3 5 8 
12 4 11 4 5 9 6 2 -6 -9 -10 9 
-2 9 10 14 10 0 11 9 3 14 11 -2 
15 12 -8 13 4 2 -14 8 1 15 -14 9 
1 10 11 7 13 4 13 4 4 12 5 10 
3 13 6 4 -2 8 -15 14 15 15 3 7 
42
7
17 0
3 5
8 0
9 1
6 1
16 5
0 9
0 11
14 6
9 11
8 10
11 10
1 6
17 2
16
4 2 9
1 9 8
14 10 11
11 5 14
0 4 8
17 5 9
11 3 11
3 2 12
13 9 9
16 2 8
3 1 11
6 6 14
17 7 8
0 6 9
6 8 11
14 9 12
14
3 8
2 6
17 10
5 3
15 10
14 1
8 6
14 3
15 5
0 1
12 8
2 1
3 10
9 5
