14 14
1 6 9 9 1 -8 3 9 1 8 5 -9 -3 8 
6 2 1 -3 0 2 7 -1 8 9 1 4 5 8 
2 -6 3 5 -2 7 0 6 0 2 2 -5 3 -9 
5 4 5 6 5 0 7 2 3 9 2 2 3 6 
3 4 7 0 3 -9 -3 2 3 1 1 8 -9 1 
9 3 8 7 -6 5 2 -5 5 2 1 1 5 5 
2 -6 1 -3 0 -1 7 -3 9 6 1 -7 -2 4 
4 -2 -7 1 6 9 -3 7 -1 0 -3 1 -6 2 
5 5 1 1 2 5 -5 2 5 -6 7 8 3 9 
1 -9 8 1 1 3 2 -3 -9 3 0 7 4 3 
6 3 2 2 9 3 2 7 0 5 6 5 4 5 
-9 3 -5 2 2 0 6 0 7 -2 5 3 -6 2 
8 5 4 1 9 8 -1 7 2 0 -3 1 2 6 
8 -3 -9 5 8 1 9 3 -8 1 9 9 6 1 
43
8
12 2
3 6
1 9
6 11
6 2
11 1
7 13
10 2
1 11
10 7
12 4
7 2
7 11
2 12
6 0
3 11
12
4 5 11
5 6 13
1 8 10
13 4 8
10 5 14
1 4 15
9 8 11
8 7 13
12 5 10
0 9 8
3 8 14
12 9 15
18
12 8
5 10
4 12
8 0
1 6
2 4
8 12
1 12
6 8
1 5
8 3
9 1
5 13
12 7
11 9
5 1
12 1
7 5
