16 17
2 4 9 6 4 3 5 -6 -9 -3 4 9 -5 -6 -4 -1 3 
8 10 2 -8 1 6 -2 -8 3 4 1 -1 2 -9 8 6 8 
1 8 4 5 -5 3 0 9 9 8 1 2 9 5 -2 -10 5 
2 7 -6 3 1 8 8 -3 4 -5 3 5 8 -9 -5 -2 2 
-10 5 -5 6 3 3 1 1 8 9 1 5 1 -7 -3 5 0 
5 4 -3 -6 7 10 10 1 8 9 4 2 3 -6 -7 4 5 
-10 7 1 2 10 -7 8 10 9 10 6 2 9 10 -2 -10 10 
1 10 2 2 -10 3 10 9 0 8 4 9 0 7 10 4 -10 
-10 4 10 7 0 9 4 8 0 9 10 3 -10 2 2 10 1 
10 -10 -2 10 9 2 6 10 9 10 8 -7 10 2 1 7 -10 
5 4 -7 -6 3 2 4 9 8 1 10 10 7 -6 -3 4 5 
0 5 -3 -7 1 5 1 9 8 1 1 3 3 6 -5 5 -10 
2 -2 -5 -9 8 5 3 -5 4 -3 8 8 1 3 -6 7 2 
5 -10 -2 5 9 2 1 8 9 9 0 3 -5 5 4 8 1 
8 6 8 -9 2 -1 1 4 3 -8 -2 6 1 -8 2 10 8 
3 -1 -4 -6 -5 9 4 -3 -9 -6 5 3 4 6 9 4 2 
30
3
3 4
0 9
1 2
12 12
15 7
14 14
18
14 11 8
12 14 16
1 12 10
5 14 9
8 9 16
3 6 9
1 16 8
12 13 11
9 5 9
1 5 8
3 2 16
14 4 10
10 2 9
7 7 16
12 10 9
14 0 8
3 3 11
6 11 9
20
5 10
2 0
2 9
10 3
7 14
1 11
0 6
3 10
6 14
8 12
10 6
13 16
13 7
5 13
8 2
14 5
15 10
12 6
9 2
7 4
