20 20
2 4 7 1 9 4 8 11 9 9 -9 3 0 3 4 5 11 5 -1 8 
9 6 9 4 -8 -1 -8 4 -1 5 7 8 -10 3 -6 10 3 7 1 4 
12 6 2 -11 3 10 2 3 2 3 4 1 11 6 9 7 5 -10 -8 -2 
7 -6 -5 -2 6 3 2 5 -5 5 -10 7 4 7 0 7 -6 8 -10 -3 
7 6 -9 -9 -2 8 2 -7 2 3 -6 9 -2 -6 3 9 6 0 2 -3 
3 9 7 3 11 -6 -8 12 -5 5 -11 9 0 8 5 12 3 10 12 6 
6 3 -11 3 0 3 12 4 -8 10 8 -6 1 9 -7 5 12 1 2 6 
1 7 7 -12 10 -1 7 6 8 0 -2 -12 6 3 7 -1 0 0 1 1 
-3 2 2 3 1 8 11 0 5 1 12 2 -4 2 -5 3 2 0 11 12 
11 8 12 5 9 6 0 11 11 9 6 7 10 4 10 11 -3 1 8 6 
6 8 1 -3 11 10 4 10 7 6 9 11 11 0 6 9 5 12 8 11 
12 11 0 2 3 -5 2 -4 2 12 1 5 0 11 8 1 3 2 2 -3 
1 1 0 0 -1 7 3 6 -12 -2 0 8 6 7 -1 10 -12 7 7 1 
6 2 1 12 5 -7 9 1 -6 8 10 -8 4 12 3 0 3 -11 3 6 
6 12 10 3 12 5 8 0 9 -11 5 -5 12 -8 -6 11 3 7 9 3 
-3 2 0 6 9 3 -6 -2 9 -6 3 2 -7 2 8 -2 -9 -9 6 7 
-3 -10 8 -6 7 0 7 4 7 -10 5 -5 5 2 3 6 -2 -5 -6 7 
-2 -8 -10 5 7 9 6 11 1 4 3 2 3 2 10 3 -11 2 6 12 
4 1 7 3 10 -6 3 -10 8 7 5 -1 4 -8 -1 -8 4 9 6 9 
8 -1 5 11 5 4 3 0 3 -9 9 9 11 8 4 9 1 7 4 2 
39
3
3 9
5 9
10 7
16 10
14 10
9 12
16
2 7 15
1 10 9
10 2 13
11 2 10
11 7 16
17 16 12
0 13 12
6 16 11
17 12 15
18 9 9
9 17 13
8 17 10
8 12 16
2 3 12
19 6 12
13 3 11
0
