20 20
-8 7 2 1 7 5 11 7 5 11 3 1 -7 6 7 1 9 1 7 7 
7 -11 8 8 0 -10 7 -9 9 2 4 -10 7 11 -11 0 6 2 1 2 
0 5 8 5 4 11 -9 2 2 11 7 9 6 5 3 9 -2 -5 0 7 
0 10 5 9 3 11 -11 -1 -1 6 9 4 2 2 -4 3 1 4 1 5 
4 9 0 9 -7 0 1 7 3 1 -8 9 7 9 4 -10 5 8 6 6 
11 -11 0 6 1 10 11 3 4 8 11 -11 5 6 1 4 -4 4 8 2 
3 6 -11 5 -2 -3 -1 5 4 6 4 -6 -9 -10 -10 -5 -8 0 8 -10 
3 -6 2 -11 10 8 11 8 2 2 3 -11 9 6 -1 3 6 -6 3 -7 
5 -7 -10 7 3 4 9 8 10 -3 9 -11 -8 1 2 10 4 -5 4 10 
6 -5 3 2 5 4 0 -9 3 7 0 5 1 2 9 8 1 2 11 -6 
-6 11 2 1 8 9 2 1 5 0 7 3 -9 0 4 5 2 3 -5 6 
10 4 -5 4 10 2 1 -8 -11 9 -3 10 8 9 4 3 7 -10 -7 5 
-7 3 -6 6 3 -1 6 9 -11 3 2 2 8 11 8 10 -11 2 -6 3 
-10 8 0 -8 -5 -10 -10 -9 -6 4 6 4 5 -1 -3 -2 5 -11 6 3 
2 8 4 -4 4 1 6 5 -11 11 8 4 3 11 10 1 6 0 -11 11 
6 6 8 5 -10 4 9 7 9 -8 1 3 7 1 0 -7 9 0 9 4 
5 1 4 1 3 -4 2 2 4 9 6 -1 -1 -11 11 3 9 5 10 0 
7 0 -5 -2 9 3 5 6 9 7 11 2 2 -9 11 4 5 8 5 0 
2 1 2 6 0 -11 11 7 -10 4 2 9 -9 7 -10 0 8 8 -11 7 
7 7 1 9 1 7 6 -7 1 3 11 5 7 11 5 7 1 2 7 -8 
45
4
18 1
6 17
9 14
9 16
1 18
13 2
10 5
10 3
12
3 13 13
16 17 9
8 17 16
4 19 16
3 10 8
1 5 16
16 6 13
3 2 9
11 2 16
15 0 16
16 9 8
18 14 16
0
