14 17
5 5 5 1 3 -5 2 -2 1 5 4 -3 3 4 4 -3 5 
5 3 1 5 1 -2 3 4 2 1 1 -3 5 -5 3 2 2 
2 -5 0 0 -3 3 -2 3 3 1 1 1 -1 5 -2 4 -4 
3 5 -5 -5 2 5 2 0 -1 -5 3 -5 -5 1 4 2 1 
5 -5 4 2 4 2 -5 5 -3 -5 -1 -1 -2 -5 -1 -5 1 
0 -4 -1 5 4 5 4 5 1 -4 1 -1 -4 2 2 -2 5 
-3 4 0 1 0 5 -5 5 5 -4 4 2 5 2 5 2 -2 
-2 2 5 2 5 2 4 -4 5 5 -5 5 0 1 0 4 -3 
5 -2 2 2 -4 -1 1 -4 1 5 4 5 4 5 -1 -4 0 
1 -5 -1 -5 -2 -1 -1 -5 -3 5 -5 2 4 2 4 -5 5 
1 2 4 1 -5 -5 3 -5 -1 0 2 5 2 -5 -5 5 3 
-4 4 -2 5 -1 1 1 1 3 3 -2 3 -3 0 0 -5 2 
2 2 3 -5 5 -3 1 1 2 4 3 -2 1 5 1 3 5 
5 -3 4 4 3 -3 4 5 1 -2 2 -5 3 1 5 5 5 
33
7
13 4
0 10
10 0
10 2
5 8
9 10
10 12
0 12
13 6
3 16
3 14
8 8
4 6
3 4
6
5 13 12
12 7 11
10 7 13
8 3 12
1 9 11
3 9 13
18
8 9
8 12
1 0
10 8
9 15
10 14
2 1
5 1
12 0
5 7
5 4
12 16
3 8
4 1
3 2
11 15
8 15
1 16
