15 12
-4 8 9 8 4 -2 9 -8 3 5 6 8 
6 9 1 3 0 9 5 -7 4 2 2 -8 
4 -1 7 -6 4 7 6 5 2 9 4 4 
2 2 -8 0 6 7 5 1 8 3 0 8 
4 6 -3 1 6 -5 8 1 -8 3 4 1 
0 -6 5 4 -5 0 6 7 6 9 6 6 
5 2 5 4 -1 6 7 3 4 5 2 8 
9 8 4 -6 5 8 8 5 -6 4 8 9 
8 2 5 4 3 7 6 -1 4 5 2 5 
6 6 9 6 7 6 0 -5 4 5 -6 0 
1 4 3 -8 1 8 -5 6 1 -3 6 4 
8 0 3 8 1 5 7 6 0 -8 2 2 
4 4 9 2 5 6 7 4 -6 7 -1 4 
-8 2 2 4 -7 5 9 0 3 1 9 6 
8 6 5 3 -8 9 -2 4 8 9 8 -4 
50
2
10 11
4 2
4 0
10 9
8
2 7 10
12 2 15
5 4 16
1 2 14
12 4 10
2 9 15
9 7 16
13 9 14
18
9 1
4 10
1 11
10 2
8 11
9 8
10 7
6 7
8 10
5 10
10 1
13 0
4 9
6 0
5 3
4 4
8 4
6 1
