17 17
13 11 9 3 1 1 -2 0 -4 1 3 9 6 6 9 13 3 
12 8 1 -7 7 -6 2 7 9 -9 -9 2 2 -13 10 -11 -13 
9 13 9 -12 -12 2 9 4 0 6 3 -9 6 3 10 8 -5 
9 11 10 4 4 9 13 9 9 9 1 -5 11 -8 7 10 8 
7 10 10 10 3 4 2 4 10 12 6 10 9 2 13 -2 1 
6 3 5 2 8 9 5 12 -4 5 2 13 1 12 0 6 3 
-8 11 -8 10 3 9 7 11 5 10 -1 4 0 13 6 -5 5 
3 6 7 -7 4 3 9 -7 -10 -9 11 11 -5 1 -10 11 3 
11 11 -6 7 7 0 2 7 8 7 2 0 7 7 -6 11 11 
3 11 -10 1 -5 11 11 -9 -10 -7 9 3 4 -7 7 6 3 
5 -5 6 13 0 4 -1 10 5 11 7 9 3 10 -8 11 -8 
3 6 0 12 1 13 2 5 -4 12 5 9 8 2 5 3 6 
1 -2 13 2 9 10 6 12 10 4 2 4 3 10 10 10 7 
8 10 7 -8 11 -5 1 9 9 9 13 9 4 4 10 11 9 
-5 8 10 3 6 -9 3 6 0 4 9 2 -12 -12 9 13 9 
-13 -11 10 -13 2 2 -9 -9 9 7 2 -6 7 -7 1 8 12 
3 13 9 6 6 9 3 1 -4 0 -2 1 1 3 9 11 13 
46
8
6 1
13 9
3 6
12 13
13 0
0 6
16 5
6 14
10 15
3 7
13 10
4 3
3 16
16 10
0 11
10 2
6
5 0 11
0 2 12
11 10 14
11 16 11
16 14 12
5 6 14
26
4 7
7 4
0 10
13 7
8 1
10 11
13 1
4 13
8 0
16 4
0 5
1 12
11 12
12 9
9 12
16 6
3 9
8 15
6 5
3 15
12 3
8 16
0 12
16 11
15 4
5 4
