15 17
5 5 19 -15 19 14 -10 17 8 3 22 15 -15 14 14 2 23 
14 19 24 20 10 17 26 -4 8 10 18 9 8 15 9 17 -8 
-18 22 19 -26 12 13 11 14 10 10 11 1 -5 21 -8 14 3 
-1 -7 -17 -15 15 4 3 4 -7 -21 20 -14 12 -15 23 22 3 
2 15 -24 -23 19 23 0 -15 3 4 -25 11 -8 23 0 23 -15 
10 -4 26 12 5 7 6 2 -14 25 20 26 18 -2 12 -16 -24 
12 13 1 14 -3 25 -23 0 1 1 -6 -8 -15 -17 -6 14 5 
26 -21 -17 14 14 2 4 0 -21 0 4 2 14 14 -17 -21 26 
5 14 -6 -17 -15 -8 -6 1 1 0 -23 25 -3 14 1 13 12 
-24 -16 12 -2 18 26 20 25 -14 2 6 7 5 12 26 -4 10 
-15 23 0 23 -8 11 -25 4 3 -15 0 23 19 -23 -24 15 2 
3 22 23 -15 12 -14 20 -21 -7 4 3 4 15 -15 -17 -7 -1 
3 14 -8 21 -5 1 11 10 10 14 11 13 12 -26 19 22 -18 
-8 17 9 15 8 9 18 10 8 -4 26 17 10 20 24 19 14 
23 2 14 14 -15 15 22 3 8 17 -10 14 19 -15 19 5 5 
49
7
14 12
4 12
9 11
5 10
1 12
11 10
3 15
0 4
10 4
5 5
9 6
13 4
3 6
11 1
12
11 15 11
11 12 10
7 3 9
4 2 15
5 2 10
8 9 15
3 1 11
3 4 10
7 13 9
10 14 15
9 14 10
6 7 15
24
9 5
4 14
4 16
8 15
9 7
6 15
7 10
11 2
5 13
2 4
5 7
12 5
5 11
10 2
10 0
6 1
5 9
8 1
7 6
3 14
9 3
12 12
9 9
2 11
