14 11
2 0 3 3 2 0 -2 1 3 3 3 
-1 3 1 -3 0 1 -1 1 0 2 1 
3 0 3 3 -3 2 2 0 -1 0 -2 
2 1 3 0 2 2 3 -3 -3 -1 3 
3 3 3 -2 -1 2 3 3 -1 2 1 
1 0 2 1 -1 -1 1 1 0 2 -3 
-1 2 1 -1 3 2 -3 2 2 -3 1 
1 -3 2 2 -3 2 3 -1 1 2 -1 
-3 2 0 1 1 -1 -1 1 2 0 1 
1 2 -1 3 3 2 -1 -2 3 3 3 
3 -1 -3 -3 3 2 2 0 3 1 2 
-2 0 -1 0 2 2 -3 3 3 0 3 
1 2 0 1 -1 1 0 -3 1 3 -1 
3 3 3 1 -2 0 2 3 3 0 2 
37
8
7 1
7 10
0 2
2 5
8 3
0 4
12 10
0 10
6 9
6 0
13 8
11 5
5 7
13 6
1 0
13 0
8
3 5 14
7 3 16
0 7 12
10 6 10
10 5 14
6 7 16
13 3 12
3 4 10
10
8 9
7 0
2 7
7 4
2 3
5 1
6 10
11 3
6 6
11 7
