10 15
13 1 9 0 -7 11 11 4 9 -10 7 13 -13 -9 -9 
-6 -3 8 -10 -4 12 -11 5 5 9 -3 -4 -1 10 4 
12 12 8 12 7 7 13 -9 4 0 5 -4 9 5 4 
6 3 3 10 3 10 2 6 2 -3 10 -11 6 -8 1 
9 11 4 10 -10 9 13 -10 -13 3 8 -2 -4 3 -12 
-12 3 -4 -2 8 3 -13 -10 13 9 -10 10 4 11 9 
1 -8 6 -11 10 -3 2 6 2 10 3 10 3 3 6 
4 5 9 -4 5 0 4 -9 13 7 7 12 8 12 12 
4 10 -1 -4 -3 9 5 5 -11 12 -4 -10 8 -3 -6 
-9 -9 -13 13 7 -10 9 4 11 11 -7 0 9 1 13 
57
6
4 7
8 10
3 4
2 7
6 5
5 0
5 7
1 4
6 10
7 7
3 9
4 14
10
9 1 12
5 12 11
4 9 8
1 0 14
3 1 15
0 13 12
4 2 11
5 5 8
8 14 14
6 13 15
12
3 2
7 12
4 6
8 11
4 1
0 9
6 12
2 2
5 8
1 3
5 13
9 5
