10 18
4 16 7 3 13 5 -2 4 6 -18 7 2 -18 7 10 19 18 7 
-16 2 4 17 1 4 10 11 13 -3 -16 8 6 17 12 15 5 -5 
1 1 7 11 5 12 4 9 -19 -18 17 3 -16 18 17 8 8 12 
-1 -5 14 12 0 4 18 15 6 5 12 -3 3 11 11 -8 6 18 
10 9 11 19 8 14 14 4 12 7 9 -6 0 7 15 1 16 9 
9 16 1 15 7 0 -6 9 7 12 4 14 14 8 19 11 9 10 
18 6 -8 11 11 3 -3 12 5 6 15 18 4 0 12 14 -5 -1 
12 8 8 17 18 -16 3 17 -18 -19 9 4 12 5 11 7 1 1 
-5 5 15 12 17 6 8 -16 -3 13 11 10 4 1 17 4 2 -16 
7 18 19 10 7 -18 2 7 -18 6 4 -2 5 13 3 7 16 4 
39
6
8 4
0 17
7 12
3 7
3 0
0 12
1 13
9 0
2 5
6 10
6 17
9 5
16
4 9 13
8 11 10
8 15 11
5 7 10
2 11 9
8 9 16
7 14 9
9 6 8
5 8 13
1 6 10
1 2 11
4 10 10
7 6 9
1 8 16
2 3 9
0 11 8
18
0 1
1 3
4 3
2 7
2 10
7 4
2 17
6 4
2 6
9 16
8 14
5 14
7 10
7 7
2 13
7 0
3 13
7 11
