20 17
2 22 1 7 18 20 -1 11 1 -9 -2 18 -6 -1 5 2 7 
-20 6 20 4 0 1 -22 -14 8 13 -19 -11 13 15 17 22 19 
-8 15 7 -3 6 22 -20 20 -19 21 9 11 -2 10 -8 10 -3 
4 17 13 14 0 2 -19 -12 20 11 15 15 14 -19 8 9 -14 
14 18 6 19 -8 11 -21 -14 3 21 19 5 -1 1 14 10 12 
14 19 3 -9 2 -12 -19 3 20 5 -2 18 14 -19 16 11 17 
6 16 5 3 7 6 12 6 -4 10 0 4 -5 15 1 17 -22 
14 -22 20 13 -17 20 -5 20 -21 5 16 19 10 8 5 -8 10 
15 3 -15 -21 2 0 -6 0 21 -3 14 17 8 3 3 5 -22 
22 19 8 9 21 -19 2 1 13 15 -11 5 6 -1 12 19 3 
3 19 12 -1 6 5 -11 15 13 1 2 -19 21 9 8 19 22 
-22 5 3 3 8 17 14 -3 21 0 -6 0 2 -21 -15 3 15 
10 -8 5 8 10 19 16 5 -21 20 -5 20 -17 13 20 -22 14 
-22 17 1 15 -5 4 0 10 -4 6 12 6 7 3 5 16 6 
17 11 16 -19 14 18 -2 5 20 3 -19 -12 2 -9 3 19 14 
12 10 14 1 -1 5 19 21 3 -14 -21 11 -8 19 6 18 14 
-14 9 8 -19 14 15 15 11 20 -12 -19 2 0 14 13 17 4 
-3 10 -8 10 -2 11 9 21 -19 20 -20 22 6 -3 7 15 -8 
19 22 17 15 13 -11 -19 13 8 -14 -22 1 0 4 20 6 -20 
7 2 5 -1 -6 18 -2 -9 1 11 -1 20 18 7 1 22 2 
52
6
8 9
4 9
12 2
0 15
6 0
3 16
11 7
15 7
7 14
19 1
13 16
16 0
10
7 0 10
19 3 16
14 5 13
16 13 8
19 0 11
12 16 10
0 13 16
5 11 13
3 3 8
0 16 11
22
12 15
15 9
6 13
15 8
0 10
8 6
15 1
6 8
5 9
2 14
12 0
7 1
4 7
13 3
4 8
19 6
11 10
4 15
13 8
14 7
17 2
7 16
