20 12
2 15 5 4 12 1 3 7 -2 10 7 2 
-4 3 10 4 11 15 15 6 9 2 -12 11 
-14 13 -7 5 1 6 8 6 7 7 15 6 
10 10 7 6 9 11 13 6 16 0 13 1 
3 13 13 6 1 7 15 16 1 -16 -3 13 
-13 -8 -4 6 14 14 16 1 6 9 -3 4 
14 2 -16 13 8 15 8 2 0 -1 3 1 
-4 4 -15 8 3 11 5 14 11 8 -9 13 
5 -8 -9 0 0 5 15 4 6 10 9 7 
-15 14 16 15 14 -11 16 16 3 5 12 13 
13 12 5 3 16 16 -11 14 15 16 14 -15 
7 9 10 6 4 15 5 0 0 -9 -8 5 
13 -9 8 11 14 5 11 3 8 -15 4 -4 
1 3 -1 0 2 8 15 8 13 -16 2 14 
4 -3 9 6 1 16 14 14 6 -4 -8 -13 
13 -3 -16 1 16 15 7 1 6 13 13 3 
1 13 0 16 6 13 11 9 6 7 10 10 
6 15 7 7 6 8 6 1 5 -7 13 -14 
11 -12 2 9 6 15 15 11 4 10 3 -4 
2 7 10 -2 7 3 1 12 4 5 15 2 
35
7
17 7
7 3
3 7
2 10
8 10
17 0
14 0
2 4
12 8
16 4
17 1
11 1
2 11
5 11
8
14 8 16
10 8 14
4 0 16
5 1 14
5 3 16
9 3 14
15 11 16
14 10 14
22
1 8
16 6
11 6
0 9
15 7
19 9
18 10
17 10
1 2
9 5
11 9
18 3
3 5
8 5
19 2
4 4
0 2
1 1
2 1
18 9
10 6
8 2
