16 18
-1 11 12 12 1 13 7 -7 -14 -12 -12 12 1 4 3 -4 12 15 
16 15 2 14 -3 2 13 3 -16 16 7 10 13 15 4 12 3 16 
16 5 13 8 9 6 3 4 6 2 -8 15 10 9 -13 15 7 -9 
16 -11 15 14 9 16 6 13 -16 14 7 11 -4 5 -1 2 -6 15 
12 9 4 10 1 -6 3 6 4 15 16 4 1 6 11 14 8 14 
14 14 11 7 14 1 9 13 10 -14 5 12 11 12 -2 -8 -5 8 
-7 16 -11 15 1 1 9 13 4 -7 6 4 -10 8 -4 10 1 11 
-11 10 -12 5 2 4 2 9 16 10 14 9 5 -5 0 14 -11 15 
15 -11 14 0 -5 5 9 14 10 16 9 2 4 2 5 -12 10 -11 
11 1 10 -4 8 -10 4 6 -7 4 13 9 1 1 15 -11 16 -7 
8 -5 -8 -2 12 11 12 5 -14 10 13 9 1 14 7 11 14 14 
14 8 14 11 6 1 4 16 15 4 6 3 -6 1 10 4 9 12 
15 -6 2 -1 5 -4 11 7 14 -16 13 6 16 9 14 15 -11 16 
-9 7 15 -13 9 10 15 -8 2 6 4 3 6 9 8 13 5 16 
16 3 12 4 15 13 10 7 16 -16 3 13 2 -3 14 2 15 16 
15 12 -4 3 4 1 12 -12 -12 -14 -7 7 13 1 12 12 11 -1 
40
7
15 1
1 14
13 10
12 17
13 12
4 6
10 1
0 16
14 3
2 7
3 0
2 5
11 11
5 16
18
14 6 10
7 11 8
15 3 13
8 9 13
3 8 10
3 2 14
14 4 11
9 7 9
5 11 9
1 11 10
8 6 8
0 14 13
7 8 13
12 9 10
12 15 14
1 13 11
6 10 9
10 6 9
28
15 0
2 13
0 7
0 9
13 6
2 9
9 4
15 2
11 8
14 10
12 1
1 6
11 15
7 12
0 17
13 4
15 10
15 8
2 11
13 8
6 13
0 15
4 9
1 7
3 16
14 11
4 2
8 5
