15 16
3 -7 -7 1 9 -4 15 2 13 11 12 8 11 -19 9 16 
5 17 3 8 0 6 -3 -2 -9 5 -12 -9 -1 12 15 10 
-4 -4 -2 15 18 -17 -13 -7 16 3 15 8 4 12 20 4 
4 -14 15 -16 -20 4 16 20 19 -1 16 13 15 9 7 0 
7 7 18 13 10 6 16 19 0 -1 14 -9 -9 11 -14 13 
6 12 3 11 7 17 3 -14 9 8 20 8 20 4 14 6 
1 10 8 8 -7 0 5 16 2 -11 8 -17 6 12 -4 10 
12 18 1 4 11 14 14 -2 -2 14 14 11 4 1 18 12 
10 -4 12 6 -17 8 -11 2 16 5 0 -7 8 8 10 1 
6 14 4 20 8 20 8 9 -14 3 17 7 11 3 12 6 
13 -14 11 -9 -9 14 -1 0 19 16 6 10 13 18 7 7 
0 7 9 15 13 16 -1 19 20 16 4 -20 -16 15 -14 4 
4 20 12 4 8 15 3 16 -7 -13 -17 18 15 -2 -4 -4 
10 15 12 -1 -9 -12 5 -9 -2 -3 6 0 8 3 17 5 
16 9 -19 11 8 12 11 13 2 15 -4 9 1 -7 -7 3 
46
5
2 10
14 5
1 4
5 11
3 9
12 5
0 10
13 11
9 4
11 6
12
9 5 16
1 9 11
11 10 15
0 11 13
4 2 10
14 15 13
5 10 16
13 6 11
3 5 15
14 4 13
10 13 10
0 0 13
22
9 0
14 2
10 7
3 0
4 9
13 9
6 8
13 4
11 5
5 0
12 6
5 15
0 13
4 8
11 15
10 6
1 6
8 7
1 11
3 10
9 15
2 9
