20 20
0 10 6 -2 9 6 -6 3 -6 4 1 11 -1 3 -1 4 5 4 11 0 
12 11 -12 -5 2 3 8 12 -6 12 9 10 7 12 12 8 9 -10 -11 -2 
8 6 8 2 9 8 7 -8 -3 6 8 9 -11 -2 6 12 4 -8 4 -1 
4 1 5 12 -10 -1 11 9 5 -12 0 6 -1 2 -2 -10 -6 3 -6 6 
12 -2 7 7 10 -7 1 5 -3 3 3 11 7 3 1 3 4 10 -5 3 
5 8 2 10 9 3 11 -5 12 11 7 -7 1 6 -8 -1 -4 4 12 11 
11 11 4 7 -12 -4 -12 -12 8 9 12 7 5 7 4 0 -11 -10 7 11 
7 4 -8 7 -8 1 11 6 12 -5 1 8 10 1 11 2 -5 11 5 1 
-2 6 5 6 6 4 10 11 8 4 12 8 5 6 6 8 8 5 10 -1 
12 5 9 5 -12 -9 6 7 9 6 1 1 2 -12 6 10 2 4 4 -8 
-8 4 4 2 10 6 -12 2 1 1 6 9 7 6 -9 -12 5 9 5 12 
-1 10 5 8 8 6 6 5 8 12 4 8 11 10 4 6 6 5 6 -2 
1 5 11 -5 2 11 1 10 8 1 -5 12 6 11 1 -8 7 -8 4 7 
11 7 -10 -11 0 4 7 5 7 12 9 8 -12 -12 -4 -12 7 4 11 11 
11 12 4 -4 -1 -8 6 1 -7 7 11 12 -5 11 3 9 10 2 8 5 
3 -5 10 4 3 1 3 7 11 3 3 -3 5 1 -7 10 7 7 -2 12 
6 -6 3 -6 -10 -2 2 -1 6 0 -12 5 9 11 -1 -10 12 5 1 4 
-1 4 -8 4 12 6 -2 -11 9 8 6 -3 -8 7 8 9 2 8 6 8 
-2 -11 -10 9 8 12 12 7 10 9 12 -6 12 8 3 2 -5 -12 11 12 
0 11 4 5 4 -1 3 -1 11 1 4 -6 3 -6 6 9 -2 6 10 0 
42
3
4 16
3 14
10 17
15 3
16 5
9 2
16
1 14 15
1 7 8
7 3 12
12 14 13
11 4 14
10 13 11
5 7 11
12 17 9
18 5 15
18 12 8
12 16 12
7 5 13
8 15 14
9 6 11
14 12 11
7 2 9
0
