20 20
6 1 0 -5 3 5 0 2 -4 4 -5 1 4 6 5 3 6 3 3 5 
2 6 -1 -4 -4 1 4 1 0 4 1 4 4 1 4 6 -4 6 1 -2 
6 0 5 3 5 -6 -3 0 3 4 2 3 2 5 6 2 -2 6 5 2 
3 2 -2 6 -4 5 3 5 -1 5 3 2 5 6 2 5 3 1 4 1 
4 2 -2 -1 5 5 4 -1 -2 4 5 -5 -1 2 6 3 1 1 2 -5 
2 -5 1 2 0 4 1 4 0 5 4 2 2 -5 0 -5 3 1 3 6 
0 -4 2 3 2 -6 -5 3 1 1 6 1 2 6 -5 1 -5 3 3 4 
2 4 6 3 -6 5 2 5 1 1 -3 -3 1 5 3 4 -3 4 0 2 
1 0 4 6 1 -3 1 4 1 1 6 -3 1 1 4 -6 1 1 1 6 
3 4 1 3 5 4 3 0 4 -1 2 5 2 4 -6 -4 -5 5 -5 6 
6 -5 5 -5 -4 -6 4 2 5 2 -1 4 0 3 4 5 3 1 4 3 
6 1 1 1 -6 4 1 1 -3 6 1 1 4 1 -3 1 6 4 0 1 
2 0 4 -3 4 3 5 1 -3 -3 1 1 5 2 5 -6 3 6 4 2 
4 3 3 -5 1 -5 6 2 1 6 1 1 3 -5 -6 2 3 2 -4 0 
6 3 1 3 -5 0 -5 2 2 4 5 0 4 1 4 0 2 1 -5 2 
-5 2 1 1 3 6 2 -1 -5 5 4 -2 -1 4 5 5 -1 -2 2 4 
1 4 1 3 5 2 6 5 2 3 5 -1 5 3 5 -4 6 -2 2 3 
2 5 6 -2 2 6 5 2 3 2 4 3 0 -3 -6 5 3 5 0 6 
-2 1 6 -4 6 4 1 4 4 1 4 0 1 4 1 -4 -4 -1 6 2 
5 3 3 6 3 5 6 4 1 -5 4 -4 2 0 5 3 -5 0 1 6 
42
3
4 18
10 5
4 2
15 1
9 14
15 17
20
13 2 10
17 7 10
14 4 15
12 16 16
7 15 16
9 17 15
13 4 13
0 19 10
16 11 8
17 10 9
6 17 10
2 12 10
5 15 15
7 3 16
12 4 16
10 2 15
6 15 13
19 0 10
3 8 8
2 9 9
0
